-946.33289
-947.4124
-948.08564
-948.53792
-948.85591
-949.08655
-949.25818
-949.38861
-949.48932
-949.56852
-949.63122
-949.68103
-949.72093
-949.75347
-949.77994
-949.80164
-949.8195
-949.83422
-949.84638
-949.85656
-949.86518
-949.8725
-949.87872
-949.884
-949.8885
-949.89235
-949.89563
-949.89844
-949.90083
-949.90288
-949.90465
-949.90619
-949.90755
-949.90874
-949.90979
-949.91071
-949.91153
-949.91224
-949.91287
-949.91342
-949.9139
-949.91432
-949.91469
-949.91503
-949.91532
-949.91559
-949.91582
-949.91603
-949.91621
-949.91638
-949.91653
-949.91667
-949.91679
-949.9169
-949.91701
-949.9171
-949.91719
-949.91726
-949.91733
-949.9174
-949.91746
