1.40978302e+00
9.65033200e-01
6.32549310e-01
5.71009002e-01
6.25324680e-01
6.52361276e-01
6.23071639e-01
5.61610257e-01
4.96410186e-01
4.50382333e-01
4.25594445e-01
4.11038744e-01
3.97113289e-01
3.76161293e-01
3.51782856e-01
3.31537687e-01
3.19071845e-01
3.10756172e-01
2.98499895e-01
2.84474052e-01
2.69999275e-01
2.57665721e-01
2.46804304e-01
2.32701715e-01
2.17540628e-01
2.05841229e-01
1.97674724e-01
1.91009942e-01
1.84558626e-01
1.77605305e-01
1.70295766e-01
1.63304529e-01
1.57187013e-01
1.52161593e-01
1.48144984e-01
1.44767037e-01
1.39667824e-01
1.28588743e-01
1.16563575e-01
1.08597674e-01
1.05073829e-01
1.02795371e-01
9.88363772e-02
9.39029227e-02
8.85017340e-02
8.31808773e-02
7.85213672e-02
7.46389089e-02
7.14374764e-02
6.88845842e-02
6.70632165e-02
6.59577430e-02
6.53257126e-02
6.49360491e-02
6.44172697e-02
6.35231518e-02
6.22466201e-02
6.07441837e-02
5.91949253e-02
5.77352414e-02
5.65426493e-02
5.56198433e-02
5.48736636e-02
5.42218961e-02
5.35973836e-02
5.29894521e-02
5.23897207e-02
5.17828960e-02
5.11634478e-02
5.05386799e-02
4.99282386e-02
4.93640832e-02
4.88504720e-02
4.83720956e-02
4.79125144e-02
4.74649475e-02
4.70014689e-02
4.65598655e-02
4.61315644e-02
4.57178784e-02
4.52398975e-02
4.46851920e-02
4.41285479e-02
4.35880235e-02
4.30835759e-02
4.25741707e-02
4.20624518e-02
4.15859403e-02
4.11683785e-02
4.08038147e-02
4.04737008e-02
4.01652910e-02
3.98743396e-02
3.95867065e-02
3.92804636e-02
3.89717364e-02
3.86095513e-02
3.81900759e-02
3.77783425e-02
3.73897274e-02
3.70117597e-02
3.65449248e-02
3.59401120e-02
3.53141337e-02
3.47920582e-02
3.44107466e-02
3.41338750e-02
3.39081241e-02
3.36894137e-02
3.34159424e-02
3.30515883e-02
3.26612142e-02
3.22970277e-02
3.19760369e-02
3.16230041e-02
3.12485197e-02
3.09168236e-02
3.06605099e-02
3.04003968e-02
3.01404871e-02
2.99009860e-02
2.96936727e-02
2.95113314e-02
2.93355246e-02
2.91510274e-02
2.89506275e-02
2.87390661e-02
2.85283735e-02
2.83273841e-02
2.81395909e-02
2.79648574e-02
2.78018588e-02
2.76490568e-02
2.74988462e-02
2.73527361e-02
2.72115819e-02
2.70732894e-02
2.69330776e-02
2.67896533e-02
2.66389858e-02
2.64740792e-02
2.63049834e-02
2.61498261e-02
2.60153209e-02
2.58961771e-02
2.57834537e-02
2.56713918e-02
2.55589122e-02
2.54473393e-02
2.53377542e-02
2.52300174e-02
2.51233483e-02
2.50172768e-02
2.49120546e-02
2.48084102e-02
2.47070987e-02
2.45888057e-02
2.44700691e-02
2.43624563e-02
2.42629768e-02
2.41636916e-02
2.40664423e-02
2.39720868e-02
2.38804612e-02
2.37915143e-02
2.37043624e-02
2.36184755e-02
2.35340515e-02
2.34517297e-02
2.33719550e-02
2.32945980e-02
2.32190717e-02
2.31447386e-02
2.30712416e-02
2.29985570e-02
2.29268262e-02
2.28561579e-02
2.27865480e-02
2.27147940e-02
2.26387070e-02
2.25646795e-02
2.24945854e-02
2.24243145e-02
2.23556230e-02
2.22896336e-02
2.22264558e-02
2.21654945e-02
2.21059873e-02
2.20473764e-02
2.19893905e-02
2.19319426e-02
2.18750143e-02
2.18186153e-02
2.17628058e-02
2.17060859e-02
2.16338069e-02
2.15588098e-02
2.14913156e-02
2.14340063e-02
2.13838748e-02
2.13365994e-02
2.12894255e-02
2.12415284e-02
2.11806445e-02
2.11024833e-02
2.10263647e-02
2.09625271e-02
2.09100000e-02
2.08628715e-02
2.08166738e-02
2.07704165e-02
2.07250380e-02
2.06812495e-02
2.06386744e-02
2.05964291e-02
2.05538865e-02
2.05110406e-02
2.04683619e-02
2.04264296e-02
2.03856324e-02
2.03333561e-02
2.02760594e-02
2.02247586e-02
2.01825165e-02
2.01460372e-02
2.01107722e-02
2.00742961e-02
2.00255121e-02
1.99650852e-02
1.99067362e-02
1.98579166e-02
1.98185827e-02
1.97849131e-02
1.97532097e-02
1.97214611e-02
1.96889597e-02
1.96554810e-02
1.96209682e-02
1.95796169e-02
1.95344111e-02
1.94923018e-02
1.94563267e-02
1.94254815e-02
1.93970406e-02
1.93687064e-02
1.93393796e-02
1.93089211e-02
1.92776995e-02
1.92463011e-02
1.92153561e-02
1.91853566e-02
1.91564898e-02
1.91285774e-02
1.91012666e-02
1.90742090e-02
1.90471712e-02
1.90201140e-02
1.89931582e-02
1.89632629e-02
1.89295306e-02
1.88970416e-02
1.88683854e-02
1.88431051e-02
1.88193398e-02
1.87940524e-02
1.87583755e-02
1.87195471e-02
1.86855476e-02
1.86581548e-02
1.86347290e-02
1.86080947e-02
1.85757464e-02
1.85438448e-02
1.85161970e-02
1.84874577e-02
1.84565904e-02
1.84271933e-02
1.84010877e-02
1.83778718e-02
1.83560607e-02
1.83343342e-02
1.83120820e-02
1.82893207e-02
1.82345896e-02
1.81611502e-02
1.80987880e-02
1.80237205e-02
1.78754711e-02
1.76822697e-02
1.75412232e-02
1.74792418e-02
1.74639610e-02
1.74527094e-02
1.74196925e-02
1.73747459e-02
1.73262256e-02
1.72864712e-02
1.72574477e-02
1.72342559e-02
1.72119587e-02
1.71887859e-02
1.71654421e-02
1.71430938e-02
1.71221555e-02
1.70988159e-02
1.70711302e-02
1.70445055e-02
1.70218864e-02
1.70028817e-02
1.69854802e-02
1.69679783e-02
1.69497533e-02
1.69281088e-02
1.69006270e-02
1.68663519e-02
1.68352480e-02
1.68123867e-02
1.67969041e-02
1.67848192e-02
1.67723539e-02
1.67576786e-02
1.67408758e-02
1.67230303e-02
1.67053228e-02
1.66885185e-02
1.66728512e-02
1.66581428e-02
1.66440035e-02
1.66300432e-02
1.66159928e-02
1.66017707e-02
1.65874378e-02
1.65731153e-02
1.65589190e-02
1.65449242e-02
1.65211222e-02
1.64907731e-02
1.64649078e-02
1.64470953e-02
1.64343065e-02
1.64221330e-02
1.64066376e-02
1.63895637e-02
1.63736655e-02
1.63598251e-02
1.63471221e-02
1.63250002e-02
1.63004369e-02
1.62804442e-02
1.62618146e-02
1.62348916e-02
1.62087838e-02
1.61891194e-02
1.61753632e-02
1.61637708e-02
1.61513538e-02
1.61375209e-02
1.61232654e-02
1.61096209e-02
1.60968421e-02
1.60845588e-02
1.60723240e-02
1.60533432e-02
1.60226174e-02
1.59941812e-02
1.59749194e-02
1.59628920e-02
1.59527848e-02
1.59412392e-02
1.59281857e-02
1.59150790e-02
1.59028443e-02
1.58912617e-02
1.58796114e-02
1.58674987e-02
1.58551055e-02
1.58428907e-02
1.58311793e-02
1.58199827e-02
1.58090960e-02
1.57973346e-02
1.57777343e-02
1.57559065e-02
1.57366764e-02
1.57229097e-02
1.57127346e-02
1.57025545e-02
1.56880538e-02
1.56657398e-02
1.56442338e-02
1.56286889e-02
1.56177185e-02
1.56074808e-02
1.55958544e-02
1.55832789e-02
1.55711048e-02
1.55599430e-02
1.55493899e-02
1.55387523e-02
1.55277310e-02
1.55165047e-02
1.55053951e-02
1.54945585e-02
1.54839452e-02
1.54734453e-02
1.54630021e-02
1.54526398e-02
1.54424060e-02
1.54323171e-02
1.54223513e-02
1.54124739e-02
1.54026581e-02
1.53928963e-02
1.53831894e-02
1.53735364e-02
1.53639323e-02
1.53543705e-02
1.53448465e-02
1.53353584e-02
1.53259044e-02
1.53164827e-02
1.53070908e-02
1.52977267e-02
1.52855339e-02
1.52677974e-02
1.52514133e-02
1.52393219e-02
1.52299828e-02
1.52206218e-02
1.52099748e-02
1.51985619e-02
1.51874139e-02
1.51769556e-02
1.51454108e-02
1.50047860e-02
1.48442376e-02
1.47281062e-02
1.45707114e-02
1.44277711e-02
1.43306335e-02
1.42759778e-02
1.42484269e-02
1.42114399e-02
1.40642243e-02
1.38731692e-02
1.37169138e-02
1.36255903e-02
1.35791558e-02
1.34905165e-02
1.33087494e-02
1.31395819e-02
1.30482645e-02
1.30239328e-02
1.30203557e-02
1.30046792e-02
1.29728155e-02
1.29364029e-02
1.29047330e-02
1.28482943e-02
1.27889423e-02
1.27213183e-02
1.25462709e-02
1.23472047e-02
1.22058670e-02
1.21406971e-02
1.21251311e-02
1.21255102e-02
1.21217876e-02
1.21071036e-02
1.20808442e-02
1.20454954e-02
1.20068102e-02
1.19727431e-02
1.19496143e-02
1.19383013e-02
1.19338141e-02
1.19139575e-02
1.18766063e-02
1.18368531e-02
1.18041636e-02
1.17645846e-02
1.17281129e-02
1.17010985e-02
1.16824706e-02
1.16658596e-02
1.16500286e-02
1.16347742e-02
1.16197462e-02
1.16043685e-02
1.15605129e-02
1.15076151e-02
1.14675971e-02
1.14465725e-02
1.14378215e-02
1.14316422e-02
1.14222473e-02
1.14087454e-02
1.13928134e-02
1.13764200e-02
1.13556364e-02
1.13252974e-02
1.12980411e-02
1.12801094e-02
1.12695980e-02
1.12612554e-02
1.12514010e-02
1.12393779e-02
1.12006309e-02
1.11391339e-02
1.10862133e-02
1.10564304e-02
1.10455203e-02
1.10412836e-02
1.10344572e-02
1.10224519e-02
1.10071054e-02
1.09910230e-02
1.09756889e-02
1.09615279e-02
1.09486584e-02
1.09372343e-02
1.09272549e-02
1.09183165e-02
1.09044523e-02
1.08867080e-02
1.08692199e-02
1.08508470e-02
1.08139996e-02
1.07766142e-02
1.07508082e-02
1.07373831e-02
1.07303626e-02
1.07237880e-02
1.07150084e-02
1.07040999e-02
1.06917833e-02
1.06723498e-02
1.06511057e-02
1.06324081e-02
1.06177079e-02
1.06060184e-02
1.05957756e-02
1.05859742e-02
1.05763460e-02
1.05670210e-02
1.05579909e-02
1.05489969e-02
1.05396987e-02
1.05298836e-02
1.05195726e-02
1.05089885e-02
1.04984460e-02
1.04882402e-02
1.04785748e-02
1.04695304e-02
1.04610655e-02
1.04530240e-02
1.04452454e-02
1.04375138e-02
1.04296562e-02
1.04215896e-02
1.04133242e-02
1.04049405e-02
1.03965531e-02
1.03866507e-02
1.03752306e-02
1.03646238e-02
1.03558531e-02
1.03484793e-02
1.03414972e-02
1.03342056e-02
1.03264854e-02
1.03185621e-02
1.03106669e-02
1.02846595e-02
1.02391616e-02
1.02004181e-02
1.01803998e-02
1.01748319e-02
1.01731787e-02
1.01682298e-02
1.01588153e-02
1.01471912e-02
1.01329792e-02
1.01183123e-02
1.01055829e-02
1.00954126e-02
1.00871642e-02
1.00798210e-02
1.00725844e-02
1.00650423e-02
1.00570957e-02
1.00488421e-02
1.00404848e-02
1.00322517e-02
1.00238976e-02
1.00156477e-02
1.00078230e-02
1.00004389e-02
9.99330711e-03
