0.19614983
0.34399974
0.29220353
0.082023213
-0.21523738
-0.52499834
-0.72946808
-0.79608965
-0.83248645
-0.89404974
-0.99181966
-1.1116
-1.217496
-1.2892413
-1.3510832
-1.4140456
-1.4736286
-1.5270264
-1.5687793
-1.6047806
-1.6410792
-1.6806848
-1.7209055
-1.7526727
-1.7747924
-1.7954864
-1.8176039
-1.8402125
-1.8619431
-1.8818318
-1.8972382
-1.9092778
-1.920756
-1.9327696
-1.9456911
-1.9584322
-1.9688503
-1.9761738
-1.9828803
-1.988575
-1.9928927
-1.9964695
-2.0002809
-2.0041639
-2.007695
-2.0113679
-2.0152399
-2.0187511
-2.021855
-2.0248381
-2.0280505
-2.0312601
-2.0345808
-2.0381186
-2.0416866
-2.044915
-2.0471078
-2.0486492
-2.0497311
-2.0507411
-2.0521137
-2.0538542
-2.055893
-2.0581411
-2.0604233
-2.0625807
-2.0645372
-2.0660476
-2.0671272
-2.0680995
-2.0691175
-2.070388
-2.0718662
-2.0734843
-2.0750979
-2.0765937
-2.0778826
-2.0790251
-2.0800916
-2.0811615
-2.0820211
-2.0826229
-2.0832072
-2.083741
-2.0843073
-2.0848756
-2.0855526
-2.0863583
-2.087313
-2.0883957
-2.0894959
-2.0906241
-2.0917613
-2.0928221
-2.0937786
-2.0947226
-2.0954948
-2.096114
-2.0967103
-2.0973001
-2.0979147
-2.0983882
-2.0987819
-2.0992274
-2.0997466
-2.1004236
-2.1012596
-2.1022098
-2.1031842
-2.1039311
-2.1044811
-2.1049718
-2.1054492
-2.1059519
-2.106402
-2.1069247
-2.107583
-2.1082808
-2.108946
-2.1096405
-2.1102517
-2.1108127
-2.1113609
-2.1118389
-2.1122676
-2.1126313
-2.1130089
-2.1133794
-2.1137526
-2.1141167
-2.1145102
-2.1149395
-2.1153999
-2.1158644
-2.1163436
-2.1168193
-2.1172761
-2.1177186
-2.1181615
-2.1185582
-2.1188281
-2.1190503
-2.119322
-2.1196446
-2.1200134
-2.1204312
-2.1208787
-2.1213218
-2.1217535
-2.1221538
-2.1225209
-2.1228592
-2.1231919
-2.1235286
-2.1238638
-2.1242007
-2.1244379
-2.1247057
-2.124988
-2.1252837
-2.1255857
-2.1259126
-2.1262609
-2.1265996
-2.126938
-2.1272533
-2.1275315
-2.1277943
-2.1280675
-2.1283545
-2.1286511
-2.1289627
-2.1292795
-2.1295806
-2.1298646
-2.1301393
-2.130412
-2.1306872
-2.1309464
-2.1311807
-2.131416
-2.1316482
-2.1318686
-2.1321082
-2.1323657
-2.1326347
-2.1329087
-2.1331823
-2.1334523
-2.1337164
-2.1339694
-2.1342175
-2.1344642
-2.1347036
-2.1349392
-2.1351316
-2.1353348
-2.1355512
-2.1357788
-2.136017
-2.136264
-2.136515
-2.1367631
-2.1369619
-2.1371056
-2.1372534
-2.1374031
-2.1375753
-2.1377741
-2.137998
-2.1382369
-2.1384845
-2.1387359
-2.1389942
-2.1392555
-2.1395095
-2.1397472
-2.1399731
-2.1401927
-2.140408
-2.1405495
-2.1406834
-2.1408411
-2.1410254
-2.1412338
-2.1414672
-2.1417209
-2.1419499
-2.1421481
-2.1423576
-2.1425436
-2.1427151
-2.1428985
-2.1431013
-2.1433177
-2.1435391
-2.1437484
-2.143948
-2.14411
-2.144262
-2.1444376
-2.1446368
-2.1448549
-2.1450866
-2.1453244
-2.1455613
-2.1457849
-2.1459929
-2.1461711
-2.1463422
-2.1465187
-2.1467036
-2.146897
-2.1470978
-2.1472974
-2.147492
-2.1476821
-2.1478695
-2.1480389
-2.1481982
-2.1483669
-2.1485446
-2.1487303
-2.1489217
-2.1491092
-2.1492621
-2.1494168
-2.149578
-2.1497365
-2.1498999
-2.1500516
-2.1501976
-2.1503693
-2.1505521
-2.1507258
-2.1508938
-2.1510686
-2.1512505
-2.1514367
-2.1516288
-2.1518211
-2.1519992
-2.1521648
-2.1522758
-2.152375
-2.1524822
-2.1525542
-2.1525606
-2.152552
-2.1526103
-2.1527261
-2.1528727
-2.1530539
-2.1532341
-2.1534111
-2.1535201
-2.1536274
-2.1537564
-2.153916
-2.1540972
-2.1543079
-2.1545425
-2.1547807
-2.1550111
-2.1552152
-2.1553737
-2.1555088
-2.1556568
-2.1558248
-2.156004
-2.1561778
-2.1563471
-2.1565011
-2.1566258
-2.1566905
-2.156779
-2.1568985
-2.1570547
-2.1572412
-2.1574472
-2.1576611
-2.157857
-2.1580268
-2.158177
-2.1583069
-2.1584285
-2.1585595
-2.1587024
-2.1588551
-2.1590081
-2.1591601
-2.1593047
-2.1594448
-2.1595871
-2.1597323
-2.1598577
-2.159976
-2.1601001
-2.1602311
-2.1603695
-2.1605161
-2.1606514
-2.1607906
-2.1609313
-2.1610796
-2.1612297
-2.1613463
-2.1614624
-2.1615865
-2.1617049
-2.1618037
-2.1619248
-2.1620633
-2.1622085
-2.1623626
-2.162519
-2.1626673
-2.1628046
-2.1629392
-2.1630741
-2.1632079
-2.1633397
-2.1634609
-2.1635587
-2.1636665
-2.1637826
-2.1639077
-2.1640406
-2.1641809
-2.1643281
-2.1644725
-2.1646183
-2.1647619
-2.1648948
-2.1650152
-2.165131
-2.1652504
-2.1653762
-2.165508
-2.1656446
-2.1657804
-2.1658925
-2.1659993
-2.1661021
-2.1662187
-2.1663476
-2.1664811
-2.1665991
-2.1666958
-2.1667941
-2.1669038
-2.1670255
-2.1671559
-2.167286
-2.1674148
-2.167545
-2.1676772
-2.1678102
-2.1679409
-2.1680646
-2.168185
-2.1683066
-2.1684321
-2.1685617
-2.1686939
-2.168826
-2.1689558
-2.1690832
-2.1692096
-2.1693356
-2.1694596
-2.1695813
-2.1697017
-2.169822
-2.1699428
-2.1700635
-2.1701841
-2.1703049
-2.1704257
-2.1705466
-2.1706677
-2.1707887
-2.170909
-2.1710137
-2.1710913
-2.1711741
-2.1712617
-2.1713566
-2.1714595
-2.1715707
-2.1716856
-2.1718037
-2.1719273
-2.1719797
-2.171855
-2.1717719
-2.1717303
-2.17158
-2.171526
-2.1715458
-2.1716199
-2.1717602
-2.1718878
-2.1718739
-2.1718415
-2.1718659
-2.1719541
-2.1720897
-2.1721438
-2.1721715
-2.1722547
-2.1723364
-2.1724533
-2.1726293
-2.1728554
-2.1730968
-2.1732815
-2.1734221
-2.1734369
-2.173439
-2.1734498
-2.1733865
-2.1733926
-2.1734785
-2.1736088
-2.1737557
-2.1739264
-2.1741092
-2.1742809
-2.1744156
-2.1745172
-2.1745972
-2.1746842
-2.1747799
-2.1749021
-2.1750514
-2.1751767
-2.1752771
-2.1753432
-2.1753904
-2.1753859
-2.1754097
-2.1754605
-2.1755363
-2.1756246
-2.1757422
-2.1758828
-2.1760196
-2.1761502
-2.1762194
-2.1762618
-2.1762781
-2.1762959
-2.1763364
-2.1764064
-2.1765006
-2.1766026
-2.1766955
-2.1767744
-2.1768195
-2.1768247
-2.1768472
-2.1768928
-2.1769669
-2.1770676
-2.1771825
-2.1773006
-2.1773607
-2.1773972
-2.1774474
-2.1774906
-2.1775405
-2.177608
-2.1776977
-2.1778074
-2.1779192
-2.1780307
-2.1781355
-2.178207
-2.17826
-2.1783061
-2.1783637
-2.1784351
-2.1784861
-2.1785368
-2.1785958
-2.1786412
-2.1786474
-2.1786527
-2.17867
-2.1787084
-2.1787701
-2.1788561
-2.1789604
-2.1790681
-2.1791532
-2.1791847
-2.1792112
-2.1792421
-2.1792747
-2.1793188
-2.1793854
-2.1794706
-2.1795637
-2.1796598
-2.1797598
-2.1798556
-2.1799408
-2.1800028
-2.1800477
-2.180088
-2.18013
-2.1801772
-2.1802303
-2.1802901
-2.1803573
-2.1804314
-2.1805113
-2.180594
-2.1806747
-2.1807465
-2.1808
-2.1808462
-2.1808911
-2.180923
-2.1809496
-2.1809896
-2.1810421
-2.1811049
-2.1811756
-2.1812506
-2.1813251
-2.1813909
-2.1814511
-2.1814548
-2.1814194
-2.1814069
-2.1814205
-2.1814616
-2.1815288
-2.1816184
-2.1817163
-2.1818023
-2.181864
-2.1819052
-2.1819327
-2.1819584
-2.1819981
-2.1820555
-2.1821283
-2.1822099
-2.1822905
-2.1823612
-2.1824197
-2.1824694
-2.1825102
-2.1825536
-2.1826061
-2.1826656
-2.1827293
