2.2542009
2.4020508
2.3502546
2.1400743
1.8428137
1.5330527
1.328583
1.2619614
1.2255646
1.1640013
1.0662314
0.94645108
0.8405551
0.76880982
0.70696793
0.64400553
0.58442252
0.5310247
0.48927181
0.45327047
0.41697191
0.37736628
0.33714556
0.30537839
0.28325873
0.26256473
0.24044724
0.21783863
0.19610798
0.17621932
0.16081285
0.14877329
0.13729506
0.1252815
0.11236001
0.099618914
0.089200791
0.0818773
0.075170776
0.069476098
0.065158427
0.061581601
0.057770155
0.053887233
0.050356088
0.046683222
0.042811155
0.039299995
0.036196111
0.033212968
0.030000578
0.026790948
0.023470256
0.019932527
0.01636451
0.013136133
0.010943274
0.0094019054
0.008319965
0.0073099675
0.0059373676
0.004196931
0.0021581249
8.9996846e-05
0.002372194
0.0045295784
0.0064861168
0.0079965416
0.0090761171
0.010048364
0.011066364
0.012336911
0.013815125
0.015433194
0.017046796
0.01854261
0.019831475
0.020974009
0.022040492
0.023110459
0.023970005
0.024571822
0.025156079
0.025689927
0.026256187
0.026824531
0.027501498
0.028307181
0.029261944
0.030344616
0.031444777
0.032572971
0.033710215
0.03477101
0.035727527
0.036671527
0.037443728
0.038062883
0.038659192
0.039249051
0.039863567
0.04033707
0.040730822
0.041176321
0.04169554
0.042372556
0.043208479
0.044158665
0.045133062
0.045880001
0.046430037
0.046920684
0.047398131
0.047900831
0.048350887
0.04887358
0.04953195
0.050229727
0.05089488
0.051589441
0.052200567
0.052761623
0.053309831
0.053787856
0.054216479
0.054580255
0.054957794
0.055328261
0.055701487
0.056065602
0.056459139
0.056888459
0.057348774
0.057813274
0.058292536
0.058768226
0.059225026
0.059667488
0.060110445
0.060507065
0.060777057
0.060999161
0.061270926
0.061593477
0.061962311
0.062380148
0.062827647
0.063270746
0.063702391
0.064102747
0.064469765
0.064808131
0.065140845
0.065477484
0.065812742
0.066149641
0.066386819
0.066654609
0.066936874
0.067232583
0.067534586
0.067861465
0.068209763
0.068548551
0.068886905
0.069202226
0.069480443
0.069743198
0.070016432
0.070303446
0.070599973
0.070911621
0.071228369
0.071529476
0.071813485
0.072088207
0.072360902
0.072636089
0.072895346
0.073129609
0.073364935
0.073597063
0.073817517
0.074057084
0.07431459
0.074583588
0.074857579
0.075131252
0.075401164
0.075665354
0.075918278
0.076166425
0.076413134
0.076652484
0.076888151
0.077080555
0.07728373
0.077500093
0.077727722
0.077965891
0.078212958
0.07846388
0.07871198
0.078910842
0.079054465
0.079202298
0.07935205
0.079524239
0.079723035
0.079946907
0.080185839
0.080433378
0.080684826
0.08094314
0.081204454
0.081458385
0.081696133
0.081921988
0.082141634
0.082356895
0.082498442
0.082632317
0.082789984
0.082974316
0.083182742
0.083416111
0.083669772
0.083898843
0.084097021
0.084306503
0.084492505
0.084663961
0.084847397
0.085050212
0.085266587
0.085488047
0.085697292
0.085896871
0.08605893
0.086210947
0.086386497
0.086585715
0.086803839
0.087035485
0.087273309
0.087510256
0.087733796
0.087941846
0.088119982
0.088291122
0.088467648
0.088652501
0.088845947
0.089046689
0.089246264
0.089440941
0.089630999
0.089818416
0.089987785
0.090147128
0.090315803
0.090493524
0.090679236
0.090870594
0.091058108
0.091211019
0.091365737
0.091526868
0.091685457
0.091848814
0.092000468
0.092146504
0.092318185
0.092501048
0.092674693
0.092842683
0.093017536
0.093199434
0.09338558
0.093577703
0.093769962
0.093948112
0.094113668
0.094224741
0.094323905
0.094431157
0.094503081
0.094509547
0.094500905
0.094559254
0.094674968
0.094821582
0.095002783
0.095182991
0.095360018
0.095468998
0.095576269
0.095705299
0.09586495
0.096046061
0.096256768
0.096491434
0.096729573
0.096959982
0.097164078
0.097322577
0.097457733
0.097605725
0.097773698
0.097952935
0.098126668
0.098296022
0.098449981
0.098574717
0.098639445
0.098727866
0.098847387
0.099003583
0.099190093
0.099396138
0.09960999
0.099805865
0.099975731
0.10012591
0.10025583
0.10037743
0.10050837
0.10065133
0.10080398
0.10095701
0.10110899
0.10125356
0.10139368
0.10153601
0.10168117
0.1018066
0.10192491
0.10204898
0.10218003
0.10231843
0.10246503
0.10260035
0.10273951
0.1028802
0.10302848
0.10317864
0.10329521
0.10341131
0.10353538
0.10365385
0.10375266
0.10387376
0.10401218
0.10415737
0.10431155
0.1044679
0.10461616
0.10475351
0.1048881
0.10502296
0.10515682
0.10528863
0.10540978
0.10550756
0.10561538
0.10573155
0.10585662
0.10598956
0.10612982
0.10627703
0.10642141
0.10656722
0.10671077
0.10684369
0.10696411
0.10707994
0.10719935
0.10732509
0.10745688
0.10759349
0.10772927
0.1078414
0.10794825
0.10805101
0.10816766
0.10829647
0.10843005
0.10854797
0.10864475
0.10874301
0.10885273
0.10897445
0.10910482
0.10923489
0.10936373
0.10949395
0.10962615
0.10975916
0.10988985
0.11001354
0.11013388
0.11025549
0.110381
0.11051062
0.11064277
0.11077493
0.11090469
0.11103208
0.11115854
0.1112845
0.11140854
0.11153017
0.11165057
0.11177089
0.11189173
0.11201243
0.11213298
0.11225384
0.11237459
0.1124955
0.1126166
0.11273758
0.11285791
0.11296259
0.11304019
0.113123
0.11321066
0.11330547
0.11340836
0.11351962
0.11363447
0.11375262
0.1138762
0.11392859
0.11380394
0.11372081
0.11367916
0.11352894
0.11347487
0.11349467
0.11356885
0.11370914
0.11383674
0.11382282
0.11379038
0.11381485
0.11390301
0.11403856
0.11409272
0.1141204
0.11420362
0.1142853
0.11440223
0.11457821
0.11480432
0.11504573
0.1152304
0.11537102
0.11538585
0.11538787
0.11539871
0.1153354
0.11534155
0.11542745
0.11555772
0.1157046
0.11587528
0.1160581
0.11622978
0.1163645
0.11646608
0.11654611
0.11663311
0.1167288
0.11685097
0.11700033
0.11712559
0.11722597
0.11729211
0.11733931
0.1173348
0.11735862
0.1174094
0.11748526
0.11757354
0.11769115
0.11783176
0.11796851
0.11809906
0.11816833
0.11821074
0.11822698
0.11824485
0.11828529
0.11835527
0.11844947
0.11855147
0.11864437
0.11872333
0.11876844
0.11877362
0.11879613
0.11884172
0.11891577
0.11901647
0.11913138
0.11924952
0.11930963
0.11934607
0.11939631
0.11943947
0.11948946
0.11955691
0.11964665
0.11975632
0.11986814
0.11997963
0.12008437
0.12015595
0.12020896
0.12025504
0.12031256
0.12038404
0.12043502
0.12048569
0.12054467
0.12059011
0.12059629
0.12060161
0.12061895
0.12065734
0.12071896
0.12080501
0.12090929
0.12101698
0.12110208
0.12113361
0.12116008
0.121191
0.12122363
0.12126769
0.12133435
0.12141953
0.1215126
0.12160867
0.12170873
0.12180453
0.12188974
0.12195171
0.12199666
0.12203688
0.1220789
0.12212613
0.12217917
0.12223898
0.12230619
0.12238027
0.12246022
0.12254286
0.12262361
0.12269537
0.1227489
0.12279514
0.12283999
0.12287193
0.1228985
0.12293852
0.122991
0.1230538
0.12312453
0.12319955
0.12327399
0.12333976
0.12340006
0.12340372
0.12336833
0.1233558
0.12336945
0.1234105
0.12347775
0.12356733
0.12366524
0.12375117
0.12381289
0.12385409
0.12388159
0.12390734
0.12394698
0.12400437
0.12407716
0.12415881
0.12423943
0.12431008
0.12436859
0.12441836
0.12445912
0.12450252
0.12455498
0.12461456
0.12467818
