3.54337720e+00
1.60218121e+00
8.77298181e-01
5.22971867e-01
3.28900212e-01
2.18007407e-01
1.49670040e-01
1.05281838e-01
7.53132815e-02
5.45653462e-02
3.97730941e-02
2.93232580e-02
2.18323411e-02
1.63843937e-02
1.23652153e-02
9.36392457e-03
7.03986643e-03
5.34489143e-03
4.09345162e-03
3.17306598e-03
2.50138905e-03
2.01516385e-03
1.66524149e-03
1.41371794e-03
1.23191743e-03
1.08651671e-03
1.00902031e-03
9.61818751e-04
9.13071630e-04
8.60108677e-04
8.06551737e-04
7.55746425e-04
6.89025652e-04
6.36719849e-04
6.04106791e-04
5.61644186e-04
5.27504019e-04
4.94144152e-04
4.62827368e-04
4.34629184e-04
4.09662867e-04
3.87580603e-04
3.67913590e-04
3.50221896e-04
2.72616193e-04
2.27929781e-04
2.22640062e-04
2.12823829e-04
1.99654907e-04
1.86216703e-04
1.73959394e-04
1.63282415e-04
1.54122775e-04
1.46264376e-04
1.39471547e-04
1.33536719e-04
1.28291344e-04
1.23603176e-04
1.19369731e-04
1.15511665e-04
1.11967218e-04
1.08687896e-04
1.05635219e-04
1.02778315e-04
1.00092141e-04
9.75561553e-05
9.51533424e-05
9.28694690e-05
9.06925238e-05
8.86122868e-05
8.66199965e-05
8.47080887e-05
8.28699906e-05
8.10999566e-05
7.93929359e-05
7.77444656e-05
7.61505830e-05
7.46077538e-05
7.31128119e-05
7.16629100e-05
7.02554774e-05
6.88881854e-05
6.75589166e-05
6.62657402e-05
6.50068896e-05
6.37807441e-05
6.25858123e-05
6.14207183e-05
6.02841897e-05
5.91750466e-05
5.80921922e-05
5.70346052e-05
5.60013320e-05
5.49914806e-05
5.40042149e-05
5.30387496e-05
5.20943460e-05
5.11703077e-05
5.02659774e-05
4.93807335e-05
4.85139870e-05
4.76651797e-05
4.68337809e-05
4.60192860e-05
4.52212145e-05
4.44391080e-05
4.36725288e-05
4.29210588e-05
4.21842975e-05
4.14618616e-05
4.07533832e-05
4.00585094e-05
3.93769011e-05
3.87082322e-05
3.80521889e-05
3.74084687e-05
3.67767804e-05
3.61568427e-05
3.55483843e-05
3.49511430e-05
3.43648653e-05
3.37893061e-05
3.32242281e-05
3.26694014e-05
3.21246034e-05
3.15896183e-05
3.10642365e-05
3.05482548e-05
3.00414760e-05
2.95437083e-05
2.90547654e-05
2.85744663e-05
2.81026347e-05
2.76390994e-05
2.71836934e-05
2.67362544e-05
2.62966242e-05
2.58646485e-05
2.54401772e-05
2.50230637e-05
2.46131653e-05
2.42103424e-05
2.38144593e-05
2.34253830e-05
2.30429841e-05
2.26671361e-05
2.22977152e-05
2.19346008e-05
2.15776749e-05
2.12268222e-05
2.08819298e-05
2.05428877e-05
2.02095880e-05
1.98819252e-05
1.95597962e-05
1.92431001e-05
1.89317381e-05
1.86256135e-05
1.83246316e-05
1.80286999e-05
1.77377276e-05
1.74516259e-05
1.71703077e-05
1.68936877e-05
1.66216825e-05
1.63542102e-05
1.60911906e-05
1.58325452e-05
1.55781968e-05
1.53280701e-05
1.50820909e-05
1.48401868e-05
1.46022865e-05
1.43683203e-05
1.41382197e-05
1.39119176e-05
1.36893482e-05
1.34704469e-05
1.32551503e-05
1.30433964e-05
1.28351241e-05
1.26302736e-05
1.24287861e-05
1.22306041e-05
1.20356709e-05
1.18439312e-05
1.16553303e-05
1.14698149e-05
1.12873325e-05
1.11078314e-05
1.09312611e-05
1.07575720e-05
1.05867152e-05
1.04186429e-05
1.02533080e-05
1.00906644e-05
9.93066669e-06
9.77327036e-06
9.61843165e-06
9.46610762e-06
9.31625606e-06
9.16883553e-06
9.02380530e-06
8.88112540e-06
8.74075652e-06
8.60266008e-06
8.46679816e-06
8.33313350e-06
8.20162951e-06
8.07225022e-06
7.94496031e-06
7.81972506e-06
7.69651035e-06
7.57528267e-06
7.45600907e-06
7.33865720e-06
7.22319523e-06
7.10959191e-06
6.99781652e-06
6.88783887e-06
6.77962928e-06
6.67315859e-06
6.56839813e-06
6.46531974e-06
6.36389571e-06
6.26409884e-06
6.16590236e-06
6.06927998e-06
5.97420585e-06
5.88065455e-06
5.78860111e-06
5.69802097e-06
5.60888999e-06
5.52118443e-06
5.43488097e-06
5.34995667e-06
5.26638898e-06
5.18415574e-06
5.10323514e-06
5.02360576e-06
4.94524653e-06
4.86813673e-06
4.79225600e-06
4.71758431e-06
4.64410197e-06
4.57178963e-06
4.50062824e-06
4.43059908e-06
4.36168376e-06
4.29386417e-06
4.22712252e-06
4.16144130e-06
4.09680331e-06
4.03319163e-06
3.97058961e-06
3.90898090e-06
3.84834939e-06
3.78867926e-06
3.72995495e-06
3.67216116e-06
3.61528284e-06
3.55930517e-06
3.50421361e-06
3.44999384e-06
3.39663177e-06
3.34411357e-06
3.29242561e-06
3.24155450e-06
3.19148706e-06
3.14221033e-06
3.09371159e-06
3.04597829e-06
2.99899810e-06
2.95275891e-06
2.90724878e-06
2.86245599e-06
2.81836900e-06
2.77497647e-06
2.73226724e-06
2.69023032e-06
2.64885492e-06
2.60813042e-06
2.56804638e-06
2.52859251e-06
2.48975871e-06
2.45153503e-06
2.41391170e-06
2.37687910e-06
2.34042777e-06
2.30454839e-06
2.26923181e-06
2.23446902e-06
2.20025117e-06
2.16656953e-06
2.13341554e-06
2.10078075e-06
2.06865688e-06
2.03703576e-06
2.00590937e-06
1.97526980e-06
1.94510929e-06
1.91542019e-06
1.88619498e-06
1.85742627e-06
1.82910678e-06
1.80122935e-06
1.77378694e-06
1.74677262e-06
1.72017958e-06
1.69400111e-06
1.66823060e-06
1.64286158e-06
1.61788766e-06
1.59330256e-06
1.56910009e-06
1.54527418e-06
1.52181885e-06
1.49872821e-06
1.47599647e-06
1.45361794e-06
1.43158702e-06
1.40989818e-06
1.38854600e-06
1.36752516e-06
1.34683039e-06
1.32645654e-06
1.30639851e-06
1.28665132e-06
1.26721003e-06
1.24806981e-06
1.22922590e-06
1.21067360e-06
1.19240832e-06
1.17442551e-06
1.15672071e-06
1.13928952e-06
1.12212763e-06
1.10523079e-06
1.08859481e-06
1.07221558e-06
1.05608905e-06
1.04021122e-06
1.02457819e-06
1.00918609e-06
9.94031136e-07
