-924.70376
-926.61768
-927.1467
-927.32472
-927.39248
-927.42182
-927.43577
-927.4428
-927.44649
-927.44854
-927.44976
-927.45054
-927.45105
-927.45142
-927.45167
-927.45186
-927.45199
-927.45209
-927.45217
-927.45224
-927.4523
-927.45234
-927.45238
-927.45242
-927.45245
-927.45248
-927.45251
-927.45254
-927.45256
-927.45258
-927.4526
-927.45262
-927.45263
-927.45265
-927.45266
-927.45268
-927.45269
-927.4527
-927.45271
-927.45271
-927.45272
-927.45273
-927.45274
-927.45274
-927.45275
-927.45276
-927.45276
-927.45277
-927.45277
-927.45278
-927.45278
-927.45279
-927.45279
-927.4528
-927.4528
-927.45281
-927.45281
-927.45282
-927.45282
-927.45282
-927.45283
-927.45283
-927.45283
-927.45284
-927.45284
-927.45284
-927.45285
-927.45285
-927.45285
-927.45286
-927.45286
-927.45286
-927.45286
-927.45287
-927.45287
-927.45287
-927.45288
-927.45288
-927.45288
-927.45288
-927.45288
-927.45289
-927.45289
-927.45289
-927.45289
-927.4529
-927.4529
-927.4529
-927.4529
-927.4529
-927.4529
-927.45291
-927.45291
-927.45291
-927.45291
-927.45291
-927.45291
-927.45292
-927.45292
-927.45292
-927.45292
-927.45292
-927.45292
-927.45292
-927.45293
-927.45293
-927.45293
-927.45293
-927.45293
-927.45293
-927.45293
-927.45293
-927.45294
-927.45294
-927.45294
-927.45294
-927.45294
-927.45294
-927.45294
-927.45294
-927.45294
-927.45294
-927.45295
-927.45295
-927.45295
-927.45295
-927.45295
-927.45295
-927.45295
-927.45295
-927.45295
-927.45295
-927.45295
-927.45295
-927.45295
-927.45296
-927.45296
-927.45296
-927.45296
-927.45296
-927.45296
-927.45296
-927.45296
-927.45296
-927.45296
-927.45296
-927.45296
-927.45296
-927.45296
-927.45296
-927.45296
-927.45296
-927.45297
-927.45297
-927.45297
-927.45297
-927.45297
-927.45297
-927.45297
-927.45297
-927.45297
-927.45297
-927.45297
-927.45297
-927.45297
-927.45297
-927.45297
-927.45297
-927.45297
-927.45297
-927.45297
-927.45297
-927.45297
-927.45297
-927.45297
-927.45297
-927.45297
-927.45297
-927.45298
-927.45298
-927.45298
-927.45298
-927.45298
-927.45298
-927.45298
-927.45298
-927.45298
-927.45298
-927.45298
-927.45298
-927.45298
-927.45298
-927.45298
-927.45298
-927.45298
-927.45298
-927.45298
-927.45298
-927.45298
-927.45298
-927.45298
-927.45298
-927.45298
-927.45298
-927.45298
-927.45298
-927.45298
-927.45298
-927.45298
-927.45298
-927.45298
-927.45298
-927.45298
-927.45298
-927.45298
-927.45298
-927.45298
-927.45298
-927.45298
-927.45298
-927.45298
-927.45298
-927.45298
-927.45298
-927.45298
-927.45298
-927.45298
-927.45298
-927.45298
-927.45299
-927.45299
-927.45299
-927.45299
-927.45299
-927.45299
-927.45299
-927.45299
-927.45299
-927.45299
-927.45299
-927.45299
-927.45299
-927.45299
-927.45299
-927.45299
-927.45299
-927.45299
-927.45299
-927.45299
-927.45299
-927.45299
-927.45299
-927.45299
-927.45299
-927.45299
-927.45299
-927.45299
-927.45299
-927.45299
-927.45299
-927.45299
-927.45299
-927.45299
-927.45299
-927.45299
-927.45299
-927.45299
-927.45299
-927.45299
-927.45299
-927.45299
-927.45299
-927.45299
-927.45299
-927.45299
-927.45299
-927.45299
-927.45299
-927.45299
-927.45299
-927.45299
-927.45299
-927.45299
-927.45299
-927.45299
-927.45299
-927.45299
-927.45299
-927.45299
-927.45299
-927.45299
-927.45299
-927.45299
-927.45299
-927.45299
-927.45299
-927.45299
-927.45299
-927.45299
-927.45299
-927.45299
-927.45299
-927.45299
-927.45299
-927.45299
-927.45299
-927.45299
-927.45299
-927.45299
-927.45299
-927.45299
-927.45299
-927.45299
-927.45299
-927.45299
-927.45299
-927.45299
-927.45299
-927.45299
-927.45299
-927.45299
-927.45299
-927.45299
-927.45299
-927.45299
-927.45299
-927.45299
-927.45299
-927.45299
-927.45299
-927.45299
-927.45299
-927.45299
-927.45299
-927.45299
-927.45299
-927.45299
-927.45299
-927.45299
-927.45299
-927.45299
-927.45299
-927.45299
-927.45299
-927.45299
