2.93689371e+00
6.11503197e-01
1.83802644e-01
6.73699318e-02
2.76983986e-02
1.28530205e-02
7.24749826e-03
4.81123873e-03
3.48691080e-03
2.88446873e-03
2.46926527e-03
2.13771015e-03
1.86700987e-03
1.64512180e-03
1.46288107e-03
1.31277549e-03
1.18864193e-03
1.08546429e-03
9.99184210e-04
9.26530909e-04
8.64875992e-04
7.85453966e-04
7.16532988e-04
6.76724612e-04
6.39038008e-04
5.48891480e-04
5.20758916e-04
5.00050369e-04
4.77258860e-04
4.55790382e-04
4.36321846e-04
4.18766297e-04
4.02902026e-04
3.88509473e-04
3.58267214e-04
3.89702935e-04
3.82392899e-04
3.62006818e-04
3.39141031e-04
3.16872239e-04
2.95983096e-04
2.76597099e-04
2.58655459e-04
2.42054875e-04
2.26687097e-04
2.12449859e-04
1.99249375e-04
1.87000379e-04
1.75625487e-04
1.65054438e-04
1.55223351e-04
1.46074062e-04
1.37553530e-04
1.29613317e-04
1.22209128e-04
1.15300406e-04
1.08849973e-04
1.02823710e-04
9.71902778e-05
9.19208605e-05
8.69889424e-05
8.23701047e-05
7.80418443e-05
7.39834100e-05
7.01756550e-05
6.66009031e-05
6.32428283e-05
6.00863442e-05
5.71175046e-05
5.43234121e-05
5.16921349e-05
4.92126310e-05
4.68746784e-05
4.46688114e-05
4.25862617e-05
4.06189051e-05
3.87592116e-05
3.70002000e-05
3.53353960e-05
3.37587935e-05
3.22648186e-05
3.08482976e-05
2.95044255e-05
2.82287392e-05
2.70170904e-05
2.58656230e-05
2.47707500e-05
2.37291337e-05
2.27376670e-05
2.17934556e-05
2.08938023e-05
2.00361923e-05
1.92182795e-05
1.84378735e-05
1.76929286e-05
1.69815328e-05
1.63018978e-05
1.56523500e-05
1.50313223e-05
1.44373459e-05
1.38690433e-05
1.33251221e-05
1.28043684e-05
1.23056412e-05
1.18278676e-05
1.13700377e-05
1.09312005e-05
1.05104594e-05
1.01069688e-05
9.71993054e-06
9.34859055e-06
8.99223616e-06
8.65019318e-06
8.32182345e-06
8.00652248e-06
7.70371730e-06
7.41286445e-06
7.13344817e-06
6.86497864e-06
6.60699041e-06
6.35904094e-06
6.12070919e-06
5.89159442e-06
5.67131493e-06
5.45950702e-06
5.25582396e-06
5.05993500e-06
4.87152453e-06
4.69029123e-06
4.51594730e-06
4.34821775e-06
4.18683970e-06
4.03156178e-06
3.88214351e-06
3.73835479e-06
3.59997532e-06
3.46679416e-06
3.33860924e-06
3.21522698e-06
3.09646180e-06
2.98213582e-06
2.87207847e-06
2.76612614e-06
2.66412185e-06
2.56591499e-06
2.47136100e-06
2.38032109e-06
2.29266204e-06
2.20825588e-06
2.12697971e-06
2.04871547e-06
1.97334973e-06
1.90077349e-06
1.83088200e-06
1.76357458e-06
1.69875443e-06
1.63632851e-06
1.57620736e-06
1.51830492e-06
1.46253848e-06
1.40882844e-06
1.35709826e-06
1.30727433e-06
1.25928579e-06
1.21306450e-06
1.16854488e-06
1.12566385e-06
1.08436067e-06
1.04457693e-06
1.00625638e-06
9.69344902e-07
