-898.76815
-899.22278
-899.25651
-899.26087
-899.26186
-899.2623
-899.26258
-899.26279
-899.26296
-899.2631
-899.26322
-899.26332
-899.2634
-899.26346
-899.26352
-899.26356
-899.2636
-899.26363
-899.26366
-899.26368
-899.2637
-899.26372
-899.26374
-899.26375
-899.26377
-899.26378
-899.26379
-899.26381
-899.26382
-899.26383
-899.26384
-899.26385
-899.26385
-899.26386
-899.26387
-899.26388
-899.26389
-899.26389
-899.2639
-899.26391
-899.26391
-899.26392
-899.26392
-899.26393
-899.26393
-899.26393
-899.26394
-899.26394
-899.26394
-899.26395
-899.26395
-899.26395
-899.26395
-899.26395
-899.26395
-899.26396
-899.26396
-899.26396
-899.26396
-899.26396
-899.26396
-899.26396
-899.26396
-899.26396
-899.26397
-899.26397
-899.26397
-899.26397
-899.26397
-899.26397
-899.26397
-899.26397
-899.26397
-899.26397
-899.26397
-899.26397
-899.26397
-899.26397
-899.26397
-899.26397
-899.26397
-899.26397
-899.26397
-899.26397
-899.26397
-899.26397
-899.26397
-899.26397
-899.26398
-899.26398
-899.26398
-899.26398
-899.26398
-899.26398
-899.26398
-899.26398
-899.26398
-899.26398
-899.26398
-899.26398
-899.26398
-899.26398
-899.26398
-899.26398
-899.26398
-899.26398
-899.26398
-899.26398
-899.26398
-899.26398
-899.26398
-899.26398
-899.26398
-899.26398
-899.26398
-899.26398
-899.26398
-899.26398
-899.26398
-899.26398
-899.26398
-899.26398
-899.26398
-899.26398
-899.26398
-899.26398
-899.26398
-899.26398
-899.26398
-899.26398
-899.26398
-899.26398
-899.26398
-899.26398
-899.26398
-899.26398
-899.26398
-899.26398
-899.26398
-899.26398
-899.26398
-899.26398
-899.26398
-899.26398
-899.26398
-899.26398
-899.26398
-899.26398
-899.26398
-899.26398
-899.26398
-899.26398
-899.26398
-899.26398
-899.26398
-899.26398
-899.26398
-899.26398
-899.26398
-899.26398
-899.26398
-899.26398
-899.26398
-899.26398
-899.26398
-899.26398
-899.26398
-899.26398
-899.26398
-899.26398
-899.26398
