1.10293715e+00
9.28577432e-01
8.18802568e-01
7.38655931e-01
6.74420613e-01
6.19692725e-01
5.71689074e-01
5.29769881e-01
4.92556342e-01
4.59340520e-01
4.30215310e-01
4.03855181e-01
3.79723981e-01
3.57556087e-01
3.37297352e-01
3.18494822e-01
3.01080774e-01
2.85023032e-01
2.70246047e-01
2.56534767e-01
2.43860714e-01
2.32239268e-01
2.21518363e-01
2.11583694e-01
2.02368256e-01
1.93681623e-01
1.85431975e-01
1.77578329e-01
1.70195453e-01
1.63335203e-01
1.56932660e-01
1.50905350e-01
1.45211012e-01
1.39819765e-01
1.34719600e-01
1.29907718e-01
1.25349832e-01
1.20935134e-01
1.16678660e-01
1.12656601e-01
1.08889617e-01
1.05334629e-01
1.01933342e-01
9.86566968e-02
9.54968084e-02
9.23838180e-02
8.94138583e-02
8.66309266e-02
8.40272418e-02
8.15547049e-02
7.91648311e-02
7.68362527e-02
7.45784362e-02
7.23912240e-02
7.02517624e-02
6.81565644e-02
6.61529980e-02
6.42309127e-02
6.23845139e-02
6.06191944e-02
5.89237746e-02
5.72910898e-02
5.57163479e-02
5.41985629e-02
5.27335468e-02
5.13201403e-02
4.99601516e-02
4.85729741e-02
4.72166639e-02
4.59384507e-02
4.47400201e-02
4.35991158e-02
4.24938468e-02
4.14126695e-02
4.03501975e-02
3.93187098e-02
3.83250806e-02
3.73688519e-02
3.64462334e-02
3.55521673e-02
3.46801925e-02
3.38270485e-02
3.29976986e-02
3.21944901e-02
3.14168215e-02
3.06621237e-02
2.99276846e-02
2.92116737e-02
2.85130768e-02
2.78070616e-02
2.70932038e-02
2.64066091e-02
2.57601003e-02
2.51465450e-02
2.45530192e-02
2.39698553e-02
2.33948882e-02
2.28315297e-02
2.22838052e-02
2.17539596e-02
2.12419182e-02
2.07461451e-02
2.02546566e-02
1.97761785e-02
1.93172819e-02
1.88785284e-02
1.84548211e-02
1.80426142e-02
1.76400633e-02
1.72466527e-02
1.68630581e-02
1.64903240e-02
1.61290584e-02
1.57790776e-02
1.54395249e-02
1.51093693e-02
1.47878230e-02
1.44742532e-02
1.41683442e-02
1.38641842e-02
1.35624084e-02
1.32697042e-02
1.29888901e-02
1.27187932e-02
1.24566670e-02
1.21840261e-02
1.19099857e-02
1.16487990e-02
1.14046839e-02
1.11735584e-02
1.09491169e-02
1.07276466e-02
1.05093334e-02
1.02839624e-02
1.00530647e-02
9.83320262e-03
9.63093573e-03
9.44253142e-03
9.26044323e-03
9.07957025e-03
8.89936871e-03
8.72220559e-03
8.55054838e-03
8.38523445e-03
8.22545481e-03
8.06979682e-03
7.91728490e-03
7.76766984e-03
7.62118449e-03
7.47811666e-03
7.33854676e-03
7.20232750e-03
7.06921468e-03
6.93901810e-03
6.81164920e-03
6.68708437e-03
6.56530188e-03
6.44624372e-03
6.32981717e-03
6.21593661e-03
6.10451688e-03
5.99547814e-03
5.88875767e-03
5.78430020e-03
5.68205045e-03
5.58195130e-03
5.48394562e-03
5.38797868e-03
5.29399889e-03
5.20195709e-03
5.11180529e-03
5.02349595e-03
4.93698218e-03
4.85221826e-03
4.76913313e-03
4.68769795e-03
4.60789394e-03
4.52968918e-03
4.45304263e-03
4.37791034e-03
4.30425109e-03
4.23202855e-03
4.16121050e-03
4.09176677e-03
4.02366771e-03
3.95688347e-03
3.89138407e-03
3.82713976e-03
3.76412144e-03
3.70230086e-03
3.64165077e-03
3.58214485e-03
3.52375761e-03
3.46646433e-03
3.41024091e-03
3.35506391e-03
3.30091045e-03
3.24775828e-03
3.19558572e-03
3.14437164e-03
3.09409547e-03
3.04473712e-03
2.99627704e-03
2.94869614e-03
2.90197583e-03
2.85609796e-03
2.81104486e-03
2.76679928e-03
2.72334441e-03
2.68066385e-03
2.63874159e-03
2.59756204e-03
2.55710898e-03
2.51736827e-03
2.47832604e-03
2.43996822e-03
2.40228072e-03
2.36524980e-03
2.32886222e-03
2.29310514e-03
2.25796608e-03
2.22343278e-03
2.18949323e-03
2.15613567e-03
2.12334864e-03
2.09112096e-03
2.05944169e-03
2.02830014e-03
1.99768587e-03
1.96758867e-03
1.93799855e-03
1.90890576e-03
1.88030076e-03
1.85217422e-03
1.82451702e-03
1.79732022e-03
1.77057509e-03
1.74427310e-03
1.71840589e-03
1.69296529e-03
1.66794330e-03
1.64333211e-03
1.61912404e-03
1.59531162e-03
1.57188751e-03
1.54884454e-03
1.52617569e-03
1.50387408e-03
1.48193299e-03
1.46034583e-03
1.43910615e-03
1.41820764e-03
1.39764412e-03
1.37740954e-03
1.35749795e-03
1.33790357e-03
1.31862070e-03
1.29964377e-03
1.28096732e-03
1.26258601e-03
1.24449460e-03
1.22668796e-03
1.20916106e-03
1.19190893e-03
1.17492676e-03
1.15820984e-03
1.14175355e-03
1.12555333e-03
1.10960474e-03
1.09390339e-03
1.07844502e-03
1.06322541e-03
1.04824046e-03
1.03348612e-03
1.01895844e-03
1.00465353e-03
9.90567600e-04
9.76696909e-04
9.63037801e-04
9.49586685e-04
9.36340041e-04
9.23294417e-04
9.10446425e-04
8.97792743e-04
8.85330110e-04
8.73055328e-04
8.60965260e-04
8.49056827e-04
8.37327007e-04
8.25772836e-04
8.14391404e-04
8.03179857e-04
7.92135393e-04
7.81255260e-04
7.70536761e-04
7.59977245e-04
7.49574111e-04
7.39324806e-04
7.29226823e-04
7.19277703e-04
7.09475028e-04
6.99816427e-04
6.90299571e-04
6.80922173e-04
6.71681986e-04
6.62576807e-04
6.53604468e-04
6.44762844e-04
6.36049844e-04
6.27463418e-04
6.19001550e-04
6.10662261e-04
6.02443606e-04
5.94343676e-04
5.86360593e-04
5.78492515e-04
5.70737631e-04
5.63094160e-04
5.55560355e-04
5.48134499e-04
5.40814902e-04
5.33599907e-04
5.26487884e-04
5.19477230e-04
5.12566372e-04
5.05753763e-04
4.99037883e-04
4.92417236e-04
4.85890354e-04
4.79455793e-04
4.73112135e-04
4.66857983e-04
4.60691967e-04
4.54612738e-04
4.48618971e-04
4.42709362e-04
4.36882631e-04
4.31137518e-04
4.25472783e-04
4.19887210e-04
4.14379601e-04
4.08948778e-04
4.03593583e-04
3.98312877e-04
3.93105540e-04
3.87970472e-04
3.82906587e-04
3.77912822e-04
3.72988128e-04
3.68131474e-04
3.63341847e-04
3.58618249e-04
3.53959700e-04
3.49365233e-04
3.44833901e-04
3.40364768e-04
3.35956916e-04
3.31609440e-04
3.27321453e-04
3.23092078e-04
3.18920454e-04
3.14805735e-04
3.10747086e-04
3.06743688e-04
3.02794732e-04
2.98899426e-04
2.95056987e-04
2.91266645e-04
2.87527645e-04
2.83839240e-04
2.80200698e-04
2.76611297e-04
2.73070326e-04
2.69577086e-04
2.66130889e-04
2.62731058e-04
2.59376926e-04
2.56067836e-04
2.52803142e-04
2.49582208e-04
2.46404409e-04
2.43269126e-04
2.40175754e-04
2.37123696e-04
2.34112361e-04
2.31141173e-04
2.28209559e-04
2.25316959e-04
2.22462820e-04
2.19646597e-04
2.16867754e-04
2.14125763e-04
2.11420105e-04
2.08750268e-04
2.06115747e-04
2.03516045e-04
2.00950675e-04
1.98419155e-04
1.95921009e-04
1.93455772e-04
1.91022983e-04
1.88622189e-04
1.86252944e-04
1.83914808e-04
1.81607349e-04
1.79330139e-04
1.77082759e-04
1.74864795e-04
1.72675839e-04
1.70515489e-04
1.68383350e-04
1.66279033e-04
1.64202153e-04
1.62152332e-04
1.60129197e-04
1.58132382e-04
1.56161524e-04
1.54216267e-04
1.52296260e-04
1.50401157e-04
1.48530617e-04
1.46684304e-04
1.44861887e-04
1.43063040e-04
1.41287441e-04
1.39534774e-04
1.37804727e-04
1.36096992e-04
1.34411266e-04
1.32747250e-04
1.31104651e-04
1.29483177e-04
1.27882544e-04
1.26302468e-04
1.24742674e-04
1.23202886e-04
1.21682835e-04
1.20182256e-04
1.18700885e-04
1.17238466e-04
1.15794743e-04
1.14369465e-04
1.12962385e-04
1.11573259e-04
1.10201847e-04
1.08847911e-04
1.07511219e-04
1.06191540e-04
1.04888646e-04
1.03602315e-04
1.02332325e-04
1.01078460e-04
9.98405038e-05
9.86182462e-05
9.74114785e-05
9.62199952e-05
9.50435938e-05
9.38820745e-05
9.27352405e-05
9.16028975e-05
9.04848541e-05
8.93809216e-05
8.82909138e-05
8.72146472e-05
8.61519408e-05
8.51026162e-05
8.40664975e-05
8.30434111e-05
8.20331860e-05
8.10356533e-05
8.00506468e-05
7.90780023e-05
7.81175581e-05
7.71691545e-05
7.62326342e-05
7.53078420e-05
7.43946248e-05
7.34928317e-05
7.26023139e-05
7.17229244e-05
7.08545184e-05
6.99969532e-05
6.91500879e-05
6.83137835e-05
6.74879030e-05
6.66723113e-05
6.58668749e-05
6.50714625e-05
6.42859442e-05
6.35101922e-05
6.27440802e-05
6.19874838e-05
6.12402801e-05
6.05023481e-05
5.97735682e-05
5.90538225e-05
5.83429948e-05
5.76409704e-05
5.69476361e-05
5.62628804e-05
5.55865929e-05
5.49186652e-05
5.42589900e-05
5.36074617e-05
5.29639758e-05
5.23284295e-05
5.17007212e-05
5.10807508e-05
5.04684195e-05
4.98636296e-05
4.92662850e-05
4.86762909e-05
4.80935535e-05
4.75179804e-05
4.69494804e-05
4.63879637e-05
4.58333413e-05
4.52855259e-05
4.47444308e-05
4.42099709e-05
4.36820620e-05
4.31606211e-05
4.26455663e-05
4.21368166e-05
4.16342924e-05
4.11379149e-05
4.06476065e-05
4.01632904e-05
3.96848911e-05
3.92123339e-05
3.87455451e-05
3.82844520e-05
3.78289828e-05
3.73790669e-05
3.69346343e-05
3.64956160e-05
3.60619440e-05
3.56335512e-05
3.52103712e-05
3.47923386e-05
3.43793890e-05
3.39714585e-05
3.35684843e-05
3.31704043e-05
3.27771573e-05
3.23886828e-05
3.20049211e-05
3.16258134e-05
3.12513014e-05
3.08813279e-05
3.05158362e-05
3.01547704e-05
2.97980753e-05
2.94456965e-05
2.90975802e-05
2.87536733e-05
2.84139236e-05
2.80782792e-05
2.77466892e-05
2.74191032e-05
2.70954715e-05
2.67757449e-05
2.64598751e-05
2.61478143e-05
2.58395151e-05
2.55349311e-05
2.52340162e-05
2.49367249e-05
2.46430126e-05
2.43528348e-05
2.40661480e-05
2.37829089e-05
2.35030751e-05
2.32266044e-05
2.29534554e-05
2.26835872e-05
2.24169592e-05
2.21535315e-05
2.18932648e-05
2.16361202e-05
2.13820591e-05
2.11310436e-05
2.08830364e-05
2.06380005e-05
2.03958992e-05
2.01566967e-05
1.99203573e-05
1.96868460e-05
1.94561279e-05
1.92281689e-05
1.90029351e-05
1.87803932e-05
1.85605103e-05
1.83432537e-05
1.81285913e-05
1.79164915e-05
1.77069228e-05
1.74998545e-05
1.72952558e-05
1.70930966e-05
1.68933473e-05
1.66959783e-05
1.65009607e-05
1.63082658e-05
1.61178653e-05
1.59297312e-05
1.57438359e-05
1.55601522e-05
1.53786532e-05
1.51993123e-05
1.50221032e-05
1.48470001e-05
1.46739774e-05
1.45030097e-05
1.43340722e-05
1.41671402e-05
1.40021894e-05
1.38391957e-05
1.36781354e-05
1.35189852e-05
1.33617218e-05
1.32063224e-05
1.30527644e-05
1.29010256e-05
1.27510840e-05
1.26029177e-05
1.24565054e-05
1.23118259e-05
1.21688582e-05
1.20275817e-05
1.18879759e-05
1.17500207e-05
1.16136961e-05
1.14789826e-05
1.13458606e-05
1.12143110e-05
1.10843149e-05
1.09558535e-05
1.08289084e-05
1.07034614e-05
1.05794943e-05
1.04569894e-05
1.03359292e-05
1.02162962e-05
1.00980733e-05
9.98124354e-06
9.86579025e-06
9.75169687e-06
9.63894709e-06
9.52752479e-06
9.41741405e-06
9.30859915e-06
9.20106455e-06
9.09479492e-06
8.98977510e-06
8.88599013e-06
8.78342523e-06
8.68206580e-06
8.58189741e-06
8.48290583e-06
8.38507699e-06
8.28839699e-06
8.19285210e-06
8.09842877e-06
8.00511360e-06
7.91289337e-06
7.82175500e-06
7.73168560e-06
7.64267241e-06
7.55470284e-06
7.46776445e-06
7.38184496e-06
7.29693222e-06
7.21301425e-06
7.13007920e-06
7.04811538e-06
6.96711123e-06
6.88705533e-06
6.80793641e-06
6.72974333e-06
6.65246509e-06
6.57609081e-06
6.50060976e-06
6.42601133e-06
6.35228505e-06
6.27942056e-06
6.20740764e-06
6.13623619e-06
6.06589623e-06
5.99637790e-06
5.92767147e-06
5.85976732e-06
5.79265594e-06
5.72632795e-06
5.66077407e-06
5.59598514e-06
5.53195211e-06
5.46866605e-06
5.40611811e-06
5.34429957e-06
5.28320181e-06
5.22281631e-06
5.16313466e-06
5.10414855e-06
5.04584977e-06
4.98823020e-06
4.93128184e-06
4.87499675e-06
4.81936713e-06
4.76438523e-06
4.71004343e-06
4.65633419e-06
4.60325005e-06
4.55078364e-06
4.49892771e-06
4.44767505e-06
4.39701857e-06
4.34695126e-06
4.29746619e-06
4.24855650e-06
4.20021544e-06
4.15243632e-06
4.10521255e-06
4.05853758e-06
4.01240499e-06
3.96680840e-06
3.92174152e-06
3.87719813e-06
3.83317210e-06
3.78965736e-06
3.74664790e-06
3.70413782e-06
3.66212125e-06
3.62059241e-06
3.57954559e-06
3.53897514e-06
3.49887549e-06
3.45924113e-06
3.42006662e-06
3.38134656e-06
3.34307566e-06
3.30524865e-06
3.26786034e-06
3.23090562e-06
3.19437941e-06
3.15827671e-06
3.12259258e-06
3.08732212e-06
3.05246051e-06
3.01800298e-06
2.98394482e-06
2.95028136e-06
2.91700800e-06
2.88412021e-06
2.85161347e-06
2.81948337e-06
2.78772550e-06
2.75633553e-06
2.72530918e-06
2.69464222e-06
2.66485449e-06
2.63609119e-06
2.60783021e-06
2.57985552e-06
2.55210505e-06
2.52457737e-06
2.49728264e-06
2.47022458e-06
2.44339970e-06
2.41680224e-06
2.39042830e-06
2.36427727e-06
2.33835122e-06
2.31265377e-06
2.28718918e-06
2.26196177e-06
2.23697568e-06
2.21223469e-06
2.18774209e-06
2.16350061e-06
2.13951233e-06
2.11577871e-06
2.09230061e-06
2.06907837e-06
2.04611188e-06
2.02340059e-06
2.00094367e-06
1.97873998e-06
1.95678813e-06
1.93508655e-06
1.91363345e-06
1.89242692e-06
1.87146488e-06
1.85074513e-06
1.83026540e-06
1.81002329e-06
1.79001638e-06
1.77024215e-06
1.75069808e-06
1.73138162e-06
1.71229021e-06
1.69342128e-06
1.67477229e-06
1.65634070e-06
1.63812401e-06
1.62011973e-06
1.60232540e-06
1.58473860e-06
1.56735694e-06
1.55017803e-06
1.53319955e-06
1.51641918e-06
1.49983462e-06
1.48344361e-06
1.46724392e-06
1.45123332e-06
1.43540963e-06
1.41977069e-06
1.40431434e-06
1.38903847e-06
1.37394100e-06
1.35901985e-06
1.34427298e-06
1.32969836e-06
1.31529402e-06
1.30105798e-06
1.28698828e-06
1.27308302e-06
1.25934029e-06
1.24575821e-06
1.23233494e-06
1.21906864e-06
1.20595750e-06
1.19299974e-06
1.18019359e-06
1.16753731e-06
1.15502917e-06
1.14266749e-06
1.13045056e-06
1.11837674e-06
1.10644438e-06
1.09465186e-06
1.08299757e-06
1.07147995e-06
1.06009741e-06
1.04884842e-06
1.03773145e-06
1.02674499e-06
1.01588754e-06
1.00515764e-06
9.94553825e-07
