-956.09675
-956.53659
-956.88535
-957.17252
-957.41256
-957.61401
-957.78374
-957.92824
-958.05276
-958.16113
-958.25629
-958.34011
-958.41412
-958.47962
-958.5378
-958.58965
-958.63607
-958.67771
-958.71513
-958.74872
-958.77902
-958.80654
-958.83155
-958.85436
-958.87522
-958.89432
-958.91186
-958.92796
-958.94277
-958.95641
-958.96902
-958.98066
-958.99144
-959.00144
-959.01073
-959.01936
-959.02739
-959.0348
-959.04169
-959.04813
-959.05417
-959.05984
-959.06515
-959.07012
-959.07476
-959.07908
-959.08316
-959.087
-959.09063
-959.09405
-959.09726
-959.10027
-959.1031
-959.10575
-959.10825
-959.1106
-959.11282
-959.11492
-959.11689
-959.11877
-959.12054
-959.12223
-959.12382
-959.12532
-959.12675
-959.1281
-959.12937
-959.13056
-959.13169
-959.13277
-959.13379
-959.13476
-959.13569
-959.13657
-959.1374
-959.13819
-959.13894
-959.13966
-959.14035
-959.141
-959.14162
-959.14219
-959.14275
-959.14327
-959.14378
-959.14427
-959.14473
-959.14517
-959.14559
-959.14598
-959.14634
-959.14669
-959.14703
-959.14735
-959.14766
-959.14796
-959.14824
-959.14851
-959.14876
-959.149
-959.14923
-959.14945
-959.14966
-959.14985
-959.15005
-959.15023
-959.15041
-959.15058
-959.15074
-959.15089
-959.15104
-959.15118
-959.15131
-959.15143
-959.15155
-959.15167
-959.15178
-959.15189
-959.15199
-959.15209
-959.15218
-959.15227
-959.15236
-959.15244
-959.15252
-959.15259
-959.15266
-959.15273
-959.1528
-959.15287
-959.15293
-959.153
-959.15305
-959.15311
-959.15315
-959.1532
-959.15325
-959.1533
-959.15335
-959.15339
-959.15343
-959.15347
-959.15351
-959.15355
-959.15358
-959.15362
-959.15365
-959.15368
-959.15371
-959.15374
-959.15377
-959.1538
-959.15382
-959.15385
-959.15387
-959.1539
-959.15392
-959.15394
-959.15396
-959.15398
-959.154
-959.15402
-959.15404
-959.15406
-959.15407
-959.15409
-959.1541
-959.15412
-959.15413
-959.15415
-959.15416
-959.15418
-959.15419
-959.1542
-959.15421
-959.15422
-959.15423
-959.15425
-959.15426
-959.15427
-959.15428
-959.15429
-959.15429
-959.1543
-959.15431
-959.15432
-959.15433
-959.15434
-959.15434
-959.15435
-959.15436
-959.15436
-959.15437
-959.15438
-959.15438
-959.15439
-959.15439
-959.1544
-959.15441
-959.15441
-959.15442
-959.15442
-959.15443
-959.15443
-959.15443
-959.15444
-959.15444
-959.15445
-959.15445
-959.15445
-959.15446
-959.15446
-959.15447
-959.15447
-959.15447
-959.15447
-959.15448
-959.15448
-959.15448
-959.15449
-959.15449
-959.15449
-959.15449
-959.1545
-959.1545
-959.1545
-959.1545
-959.15451
-959.15451
-959.15451
-959.15451
-959.15451
-959.15452
-959.15452
-959.15452
-959.15452
-959.15452
-959.15452
-959.15453
-959.15453
-959.15453
-959.15453
-959.15453
-959.15453
-959.15453
-959.15454
-959.15454
-959.15454
-959.15454
-959.15454
-959.15454
-959.15454
-959.15454
-959.15454
-959.15455
-959.15455
-959.15455
-959.15455
-959.15455
-959.15455
-959.15455
-959.15455
-959.15455
-959.15455
-959.15455
-959.15455
-959.15456
-959.15456
-959.15456
-959.15456
-959.15456
-959.15456
-959.15456
-959.15456
-959.15456
-959.15456
-959.15456
-959.15456
-959.15456
-959.15456
-959.15456
-959.15456
-959.15456
-959.15456
-959.15457
-959.15457
-959.15457
-959.15457
-959.15457
-959.15457
-959.15457
-959.15457
-959.15457
-959.15457
-959.15457
-959.15457
-959.15457
-959.15457
-959.15457
-959.15457
-959.15457
-959.15457
-959.15457
-959.15457
-959.15457
-959.15457
-959.15457
-959.15457
-959.15457
-959.15457
-959.15457
-959.15457
-959.15457
-959.15457
-959.15457
-959.15457
-959.15457
-959.15457
-959.15457
-959.15457
-959.15458
-959.15458
-959.15458
-959.15458
-959.15458
-959.15458
-959.15458
-959.15458
-959.15458
-959.15458
-959.15458
-959.15458
-959.15458
-959.15458
-959.15458
-959.15458
-959.15458
-959.15458
-959.15458
-959.15458
-959.15458
-959.15458
-959.15458
-959.15458
-959.15458
-959.15458
-959.15458
-959.15458
-959.15458
-959.15458
-959.15458
-959.15458
-959.15458
-959.15458
-959.15458
-959.15458
-959.15458
-959.15458
-959.15458
-959.15458
-959.15458
-959.15458
-959.15458
-959.15458
-959.15458
-959.15458
-959.15458
-959.15458
-959.15458
-959.15458
-959.15458
-959.15458
-959.15458
-959.15458
-959.15458
-959.15458
-959.15458
-959.15458
-959.15458
-959.15458
-959.15458
-959.15458
-959.15458
-959.15458
-959.15458
-959.15458
-959.15458
-959.15458
-959.15458
-959.15458
-959.15458
-959.15458
-959.15458
-959.15458
-959.15458
-959.15458
-959.15458
-959.15458
-959.15458
-959.15458
-959.15458
-959.15458
-959.15458
-959.15458
-959.15458
-959.15458
-959.15458
-959.15458
-959.15458
-959.15458
-959.15458
-959.15458
-959.15458
-959.15458
-959.15458
-959.15458
-959.15458
-959.15458
-959.15458
-959.15458
-959.15458
-959.15458
-959.15458
-959.15458
-959.15458
-959.15458
-959.15458
-959.15458
-959.15458
-959.15458
-959.15458
-959.15458
-959.15458
-959.15458
-959.15458
-959.15458
-959.15458
-959.15458
-959.15458
-959.15458
-959.15458
-959.15458
-959.15458
-959.15458
-959.15458
-959.15458
-959.15458
-959.15458
-959.15458
-959.15458
-959.15458
-959.15458
-959.15458
-959.15458
-959.15458
-959.15458
-959.15458
-959.15458
-959.15458
-959.15458
-959.15458
-959.15458
-959.15458
-959.15458
-959.15458
-959.15458
-959.15458
-959.15458
-959.15458
-959.15458
-959.15458
-959.15458
-959.15458
-959.15458
-959.15458
-959.15458
-959.15458
-959.15458
-959.15458
-959.15458
-959.15458
-959.15458
-959.15458
-959.15458
-959.15458
-959.15458
-959.15458
-959.15458
-959.15458
-959.15458
-959.15458
-959.15458
-959.15458
-959.15458
-959.15458
-959.15458
-959.15458
-959.15458
-959.15458
-959.15458
-959.15458
-959.15458
-959.15458
-959.15458
-959.15458
-959.15458
-959.15458
-959.15458
-959.15458
-959.15458
-959.15458
-959.15458
-959.15458
-959.15458
-959.15458
-959.15458
-959.15458
-959.15458
-959.15458
-959.15458
-959.15458
-959.15458
-959.15458
-959.15458
-959.15458
-959.15458
-959.15458
-959.15458
-959.15458
-959.15458
-959.15458
-959.15458
-959.15458
-959.15458
-959.15458
-959.15458
-959.15458
-959.15458
-959.15458
-959.15458
-959.15458
-959.15458
-959.15458
-959.15458
-959.15458
-959.15458
-959.15458
-959.15458
-959.15458
-959.15458
-959.15458
-959.15458
-959.15458
-959.15458
-959.15458
-959.15458
-959.15458
-959.15458
-959.15458
-959.15458
-959.15458
-959.15458
-959.15458
-959.15458
-959.15458
-959.15458
-959.15458
-959.15458
-959.15458
-959.15458
-959.15458
-959.15458
-959.15458
-959.15458
-959.15458
-959.15458
-959.15458
-959.15458
-959.15458
-959.15458
-959.15458
-959.15458
-959.15458
-959.15458
-959.15458
-959.15458
-959.15458
-959.15458
-959.15458
-959.15458
-959.15458
-959.15458
-959.15458
-959.15458
-959.15458
-959.15458
-959.15458
-959.15458
-959.15458
-959.15458
-959.15458
-959.15458
-959.15458
-959.15458
-959.15458
-959.15458
-959.15458
-959.15458
-959.15458
-959.15458
-959.15458
-959.15458
-959.15458
-959.15458
-959.15458
-959.15458
-959.15458
-959.15458
-959.15458
-959.15458
-959.15458
-959.15458
-959.15458
-959.15458
-959.15458
-959.15458
-959.15458
-959.15458
-959.15458
-959.15458
-959.15458
-959.15458
-959.15458
-959.15458
-959.15458
-959.15458
-959.15458
-959.15458
-959.15458
-959.15458
-959.15458
-959.15458
-959.15458
-959.15458
-959.15458
-959.15458
-959.15458
-959.15458
-959.15458
-959.15458
-959.15458
-959.15458
-959.15458
-959.15458
-959.15458
-959.15458
-959.15458
-959.15458
-959.15458
-959.15458
-959.15458
-959.15458
-959.15458
-959.15458
-959.15458
-959.15458
-959.15458
-959.15458
-959.15458
-959.15458
-959.15458
-959.15458
-959.15458
-959.15458
-959.15458
-959.15458
-959.15458
-959.15458
-959.15458
-959.15458
-959.15458
-959.15458
-959.15458
-959.15458
-959.15458
-959.15458
-959.15458
-959.15458
-959.15458
-959.15458
-959.15458
-959.15458
-959.15458
-959.15458
-959.15458
-959.15458
-959.15458
-959.15458
-959.15458
-959.15458
-959.15458
-959.15458
-959.15458
-959.15458
-959.15458
-959.15458
-959.15458
-959.15458
-959.15458
-959.15458
-959.15458
-959.15458
-959.15458
-959.15458
-959.15458
-959.15458
-959.15458
-959.15458
-959.15458
-959.15458
-959.15458
-959.15458
-959.15458
-959.15458
-959.15458
-959.15458
-959.15458
-959.15458
-959.15458
-959.15458
-959.15458
-959.15458
-959.15458
-959.15458
-959.15458
-959.15458
-959.15458
-959.15458
-959.15458
-959.15458
-959.15458
-959.15458
-959.15458
-959.15458
-959.15458
-959.15458
-959.15458
-959.15458
-959.15458
-959.15458
-959.15458
-959.15458
-959.15458
-959.15458
-959.15458
-959.15458
-959.15458
-959.15458
-959.15458
-959.15458
-959.15458
-959.15458
-959.15458
-959.15458
-959.15458
-959.15458
-959.15458
-959.15458
-959.15458
-959.15458
-959.15458
-959.15458
-959.15458
-959.15458
-959.15458
-959.15458
-959.15458
-959.15458
-959.15458
-959.15458
-959.15458
-959.15458
-959.15458
-959.15458
-959.15458
-959.15458
-959.15458
-959.15458
-959.15458
-959.15458
-959.15458
-959.15458
-959.15458
-959.15458
-959.15458
-959.15458
-959.15458
-959.15458
-959.15458
-959.15458
-959.15458
-959.15458
-959.15458
-959.15458
-959.15458
-959.15458
-959.15458
-959.15458
-959.15458
-959.15458
-959.15458
-959.15458
-959.15458
-959.15458
-959.15458
-959.15458
-959.15458
-959.15458
-959.15458
-959.15458
-959.15458
-959.15458
-959.15458
-959.15458
-959.15458
-959.15458
-959.15458
-959.15458
-959.15458
-959.15458
-959.15458
-959.15458
-959.15458
-959.15458
-959.15458
-959.15458
-959.15458
-959.15458
-959.15458
-959.15458
-959.15458
-959.15458
-959.15458
-959.15458
-959.15458
-959.15458
-959.15458
-959.15458
-959.15458
-959.15458
-959.15458
