50	12	71
12	50	103
50	71	157
154	50	157
157	71	190
27	157	190
82	233	242
12	103	223
160	87	258
104	12	223
87	160	220
22	154	263
108	82	242
219	99	273
225	109	278
242	34	280
53	201	236
108	242	280
236	83	282
104	223	292
53	236	282
91	318	482
21	336	466
68	342	470
296	412	503
258	413	505
310	10	432
336	21	451
351	37	457
415	43	477
504	474	268
474	504	403
71	12	306
103	50	311
27	190	360
189	137	396
157	27	388
236	201	401
144	175	391
154	157	388
279	9	410
258	87	413
166	254	419
35	236	401
243	284	430
130	167	354
175	144	385
227	279	410
346	18	350
352	27	458
388	27	352
399	68	470
409	268	474
410	243	472
191	340	445
152	346	350
130	354	441
175	385	460
137	386	467
158	388	352
227	410	472
12	104	312
167	37	354
59	258	407
263	59	408
312	104	381
305	95	439
331	116	435
354	37	351
358	62	487
367	54	461
369	130	497
373	162	463
381	166	502
398	159	471
385	181	454
402	296	503
407	258	505
408	59	407
411	227	504
54	312	381
152	350	496
187	358	487
182	367	461
54	381	502
35	401	404
10	428	476
83	509	619
80	514	661
90	518	732
29	520	617
36	521	508
67	527	710
63	528	724
14	530	740
184	541	739
31	544	642
11	549	741
56	551	555
71	556	526
18	557	529
139	560	712
43	569	763
79	570	791
79	571	814
206	582	818
215	569	819
234	578	822
230	575	823
250	588	826
293	600	814
301	609	815
303	610	831
270	592	817
274	594	818
278	596	820
272	603	825
250	605	694
35	615	778
102	621	780
125	625	782
165	627	783
83	632	829
87	633	697
44	623	716
63	639	827
194	646	786
9	644	696
77	660	772
211	664	792
111	584	828
94	616	802
136	691	804
65	721	800
509	35	637
512	7	731
514	29	636
520	85	687
530	130	722
531	160	736
524	17	737
534	74	738
539	185	734
540	189	735
549	77	628
551	11	741
554	126	742
557	51	562
569	215	746
570	207	747
571	206	748
574	228	750
575	230	751
578	234	752
582	28	757
569	43	758
585	120	760
586	123	762
576	124	703
595	276	765
600	267	756
610	254	767
592	286	746
594	293	748
596	298	749
603	300	752
612	16	768
616	94	648
623	44	583
625	152	589
627	100	771
632	83	779
518	90	700
646	3	785
611	58	662
644	118	669
660	106	670
665	110	789
584	228	794
678	321	795
517	81	803
553	136	804
558	129	806
619	637	109
732	510	88
508	732	88
724	705	162
740	722	163
810	737	171
810	733	131
708	740	163
741	628	147
564	742	151
712	688	186
565	743	156
763	746	286
791	747	292
814	748	293
771	750	259
818	757	274
819	758	276
824	762	271
825	703	272
826	763	286
828	765	111
814	756	79
831	767	26
817	746	215
818	748	206
820	749	221
821	750	228
825	752	234
774	768	195
780	770	240
783	771	259
827	780	240
671	700	203
573	781	221
713	662	203
696	669	243
772	670	244
792	788	291
793	789	299
797	798	15
804	800	329
805	801	378
809	803	327
730	804	329
800	728	329
637	619	509
510	732	518
732	508	521
705	724	528
722	740	530
737	810	524
733	810	538
740	708	547
628	741	549
742	564	554
688	712	560
743	565	536
746	763	569
747	791	570
748	814	571
750	771	574
757	818	582
758	819	569
762	824	586
703	825	576
763	826	588
765	828	595
756	814	600
767	831	610
746	817	592
748	818	594
749	820	596
750	821	597
752	825	603
768	774	612
770	780	621
771	783	627
780	827	639
700	671	518
781	573	622
662	713	611
669	696	644
670	772	660
788	792	664
789	793	665
798	797	684
800	804	691
801	805	692
803	809	517
804	730	553
728	800	721
190	71	526
167	130	530
56	189	540
167	14	550
176	136	553
154	22	507
104	292	593
92	297	601
94	299	602
86	300	603
220	160	531
258	59	537
262	31	642
201	53	506
236	35	509
205	203	662
284	243	669
297	92	674
337	186	688
405	251	695
410	9	696
413	87	697
416	203	700
415	226	655
312	54	546
416	38	713
340	191	718
346	152	625
369	163	722
371	169	723
433	314	727
14	167	530
184	158	541
82	167	550
50	154	507
53	282	567
274	106	594
278	109	596
280	34	598
271	94	602
160	258	537
87	220	620
94	271	648
83	236	509
58	205	662
106	274	670
422	425	680
439	95	685
85	333	687
49	337	688
243	410	696
90	416	700
43	415	655
71	306	556
70	312	546
103	311	613
169	375	706
165	374	627
189	396	710
186	348	712
251	405	701
203	416	713
241	398	714
125	346	625
130	369	722
162	373	724
74	185	539
256	53	567
267	207	570
230	280	598
206	103	613
254	166	624
276	226	649
205	58	658
223	103	631
266	205	663
292	223	667
299	94	675
321	436	683
507	22	548
515	36	638
522	125	640
523	131	733
543	74	534
551	56	561
561	56	533
573	221	749
581	19	754
570	79	756
592	270	761
591	240	745
593	292	747
598	301	751
604	208	753
613	28	582
620	111	649
628	77	772
545	61	774
637	35	778
640	125	782
641	165	783
649	111	765
651	194	786
658	69	663
631	79	667
663	69	764
667	79	791
673	211	792
675	213	793
683	436	797
550	14	799
701	15	798
635	94	802
707	155	805
715	198	807
521	36	809
67	507	548
110	515	638
127	523	733
74	539	738
151	551	561
134	561	533
256	567	744
298	573	749
200	581	754
267	570	756
207	593	747
230	598	751
199	604	753
206	613	582
226	620	649
254	624	767
244	628	772
276	649	765
205	658	663
223	631	667
266	663	764
292	667	791
299	675	793
321	683	795
418	701	798
322	635	802
378	707	805
332	715	807
59	184	537
232	299	577
44	278	583
111	275	584
282	83	604
299	232	602
109	225	619
103	206	631
127	238	626
226	276	655
203	205	671
205	266	672
238	211	676
506	74	543
513	106	660
537	184	813
546	155	707
562	156	743
577	299	789
572	270	817
583	278	820
584	275	821
591	63	827
604	83	829
607	121	766
595	215	819
601	230	823
602	232	824
607	250	826
615	209	776
619	225	779
631	206	571
635	213	675
638	232	577
626	238	676
645	253	656
654	271	762
655	276	758
657	195	768
621	214	784
671	205	672
672	266	755
676	211	673
650	303	831
686	327	803
559	378	801
22	506	543
36	508	618
77	513	660
41	516	659
7	519	731
134	533	811
160	537	813
70	546	707
67	548	527
126	552	742
17	563	737
3	566	785
124	576	788
110	577	789
215	572	817
221	583	820
228	584	821
240	591	827
208	604	829
287	607	766
276	595	819
281	599	822
270	601	823
271	602	824
286	607	826
58	611	773
83	619	779
79	631	571
94	635	675
110	638	577
198	647	787
43	655	758
115	656	830
16	657	768
228	668	794
8	671	672
8	672	755
81	686	803
129	693	806
19	709	808
24	559	801
95	832	870
20	834	869
149	836	1120
46	837	877
78	838	887
74	839	844
99	841	1005
59	842	835
159	843	1024
39	848	1143
102	849	1182
108	850	1183
105	851	1178
52	852	853
52	853	1184
86	854	1176
96	855	1181
210	848	1292
235	858	1293
246	859	1294
252	860	1124
222	861	1125
290	862	1295
264	864	1157
302	868	1297
265	862	1290
261	863	1291
200	864	1155
277	865	1292
273	866	1293
283	867	1122
284	868	1294
166	873	1148
13	875	1180
96	878	885
212	890	1150
231	892	1186
204	893	1032
33	894	1296
109	895	1123
97	897	1298
113	898	1299
116	899	1300
73	901	1212
2	902	1301
66	906	1302
135	908	1266
139	909	1267
145	910	1303
180	913	1268
187	915	1263
182	920	1264
73	924	927
28	928	1260
21	929	1239
101	930	1241
122	933	1261
39	934	1240
323	899	1307
326	939	1308
328	924	1309
343	942	1311
339	904	1313
349	946	1314
364	919	1315
356	913	1317
363	949	1319
364	915	1320
372	950	1321
319	897	1322
387	929	1324
393	952	1325
413	953	1328
383	954	1329
481	955	1330
482	957	1299
421	959	1138
345	966	944
488	970	1305
489	971	1306
500	975	1332
488	976	1302
494	981	1303
495	982	1304
505	994	1335
479	995	1336
426	961	1129
427	963	1308
333	965	1130
441	966	1310
448	970	1312
454	974	1314
450	977	1315
461	978	1316
445	980	1318
465	988	1323
396	990	1325
471	992	1326
472	993	1327
478	996	1329
192	998	1242
179	999	1243
177	1000	1244
66	1001	1245
133	1006	1248
142	1000	1249
163	1003	1151
192	1012	1250
213	1014	1252
237	1015	1253
225	884	1152
142	1019	1255
161	876	1095
192	1019	1256
159	1024	1334
41	1027	1209
30	1030	900
173	1034	1058
21	1012	1059
132	999	1060
142	1034	1061
180	1035	1062
138	1037	1063
193	1039	1065
156	1064	1259
133	1023	1097
62	1009	905
173	1070	1257
176	1071	1238
186	1018	1236
60	1037	922
306	1076	1269
311	1077	1270
366	1082	1271
357	1083	1272
378	1088	1275
49	1091	925
28	1092	928
177	1094	1331
60	954	1258
556	1110	1337
633	1114	1338
652	1105	1339
682	1118	1339
32	874	1279
226	1031	1280
260	1127	1281
333	1136	1285
406	1100	1286
171	1141	1103
40	1136	1278
61	935	1104
28	1052	1168
170	1153	1159
195	894	1160
264	1157	1161
327	1056	1162
38	1166	1106
832	13	878
834	78	879
836	128	1139
837	17	1119
838	1	1153
839	53	871
840	61	1121
841	117	1008
842	154	1036
843	73	998
848	210	1026
849	227	1074
850	230	1164
851	235	1171
852	241	1172
853	246	1173
854	250	1165
855	252	1146
848	39	1174
858	118	1175
859	101	1016
860	45	1145
861	86	1176
862	265	1177
864	200	1166
868	284	1149
862	290	1169
863	289	1170
864	264	1163
865	296	1073
866	257	1171
867	246	1172
868	302	1173
872	105	1178
873	104	1144
875	127	1126
878	13	1180
890	108	1183
892	93	1154
893	80	1128
894	195	1185
895	231	1186
897	319	1187
898	321	1188
899	323	1189
901	326	1190
902	332	1191
903	334	1192
906	344	1193
908	336	1194
909	348	1195
910	349	1196
913	356	1197
915	364	1198
920	368	1201
924	328	1202
928	393	1204
929	387	1205
930	403	1206
933	415	1207
934	383	1208
899	116	1210
939	52	1211
924	73	1212
942	141	1214
904	55	1215
919	172	1218
913	180	1219
949	193	1220
915	187	1221
897	97	1222
929	21	1050
952	67	1137
953	209	1223
954	60	1224
957	414	1226
959	423	1227
966	441	1228
970	448	1229
971	450	1218
975	460	1230
976	453	1216
981	446	1213
982	447	1214
994	473	1234
995	477	1235
961	482	1188
963	440	1190
965	484	1191
966	345	1192
970	488	1193
974	494	1196
977	485	1198
978	502	1199
980	493	1200
988	391	1203
990	467	1204
992	400	1205
993	430	1206
998	73	1046
999	132	940
1000	142	943
1001	186	1236
1006	178	1237
1000	177	1047
1003	57	1045
1012	21	1239
1014	113	1226
1015	97	1043
884	44	1227
896	39	1240
1019	192	1242
1022	62	1246
876	99	1247
1019	142	1249
1024	192	1250
1025	201	1251
1027	213	1252
1030	194	1135
1034	142	1255
1012	192	1256
999	179	947
1034	173	1257
1035	138	1232
1037	60	1258
1039	156	1259
1064	395	1262
1023	187	1078
1009	165	1079
1071	48	1082
1018	135	1083
1037	138	1085
1076	70	951
1077	67	952
1082	48	1265
1083	135	1266
1088	144	1231
1091	306	1269
1092	311	1270
1094	357	1272
950	372	1273
954	383	1274
1110	49	1111
1114	122	1277
1105	40	1278
1118	807	1276
874	127	1109
1031	122	1114
1127	26	1158
1136	40	1115
1100	43	1112
1136	333	1282
935	309	1283
1052	386	1284
1153	1	1287
894	33	1288
1157	38	1289
1166	200	1167
870	878	96
877	1119	128
887	1153	170
844	871	140
1140	1121	149
1005	1008	169
835	1036	158
1024	998	192
1143	1026	283
1182	1074	294
1183	1164	297
1178	1171	257
853	1172	246
1184	1173	302
1181	1146	288
1292	1174	277
1293	1175	273
1294	1016	284
1124	1145	281
1295	1177	4
1157	1166	38
1297	1149	118
1290	1169	196
1291	1170	196
1155	1163	197
1292	1073	210
1293	1171	235
1122	1172	241
1294	1173	246
1179	1178	257
1148	1144	260
1180	1126	248
885	1180	248
1150	1183	297
1186	1154	298
1032	1128	245
1296	1185	289
1123	1186	298
1298	1187	483
1299	1188	482
1300	1189	483
1212	1190	440
1301	1191	484
907	1192	345
1302	1193	488
1266	1194	491
1267	1195	492
1303	1196	494
1268	1197	500
1263	1198	485
1264	1201	496
927	1202	389
1260	1204	467
1239	1205	400
1241	1206	430
1261	1207	479
1240	1208	429
1307	1210	437
1308	1211	427
1309	1212	440
1311	1214	447
1313	1215	450
1314	1217	454
1315	1218	450
1317	1219	443
1319	1220	446
1320	1221	447
1322	1222	463
1324	1050	384
1325	1137	396
1328	1223	473
1329	1224	478
1330	1225	47
1299	1226	113
1138	1227	44
944	1228	153
1305	1229	188
1306	1218	172
1332	1230	72
1302	1216	66
1303	1213	145
1304	1214	141
1333	1233	140
1335	1234	239
1336	1235	216
1129	1188	321
1308	1190	326
1130	1191	332
1310	1192	334
1312	1193	344
1314	1196	349
1315	1198	364
1316	1199	368
1318	1200	361
1323	1203	382
1325	1204	393
1326	1205	387
1327	1206	403
1329	1208	383
1242	1046	341
1243	940	335
1244	943	344
1245	1236	357
1248	1237	358
1249	1047	362
1151	1045	330
1250	1239	400
1252	1226	414
1253	1043	317
1152	1227	423
1254	1240	429
1255	1242	341
1094	1245	357
921	1246	370
1095	1247	371
1256	1249	362
1334	1250	400
1209	1252	414
900	1135	324
1058	1255	341
1059	1256	362
1060	947	359
1061	1257	365
1062	1232	384
1063	1258	392
1065	1259	399
1259	1262	399
1097	1078	338
905	1079	343
1257	1081	365
1238	1082	366
1236	1083	357
922	1085	372
1269	951	382
1270	952	393
1271	1265	501
1272	1266	491
1275	1231	465
925	1269	382
928	1270	393
1331	1272	491
1258	1274	392
1337	1111	560
1338	1277	776
1339	1278	682
1339	1276	652
1279	1109	538
1280	1114	633
1281	1158	624
1285	1115	643
1286	1112	588
1103	1279	538
1278	1282	682
1104	1283	612
1168	1284	677
1159	1287	522
1160	1288	545
1161	1289	651
1162	1108	521
1106	1167	611
878	870	832
1119	877	837
1153	887	838
871	844	839
1121	1140	840
1008	1005	841
1036	835	842
998	1024	843
1026	1143	848
1074	1182	849
1164	1183	850
1171	1178	851
1172	853	852
1173	1184	853
1146	1181	855
1174	1292	848
1175	1293	858
1016	1294	859
1145	1124	860
1177	1295	862
1166	1157	864
1149	1297	868
1169	1290	862
1170	1291	863
1163	1155	864
1073	1292	865
1171	1293	866
1172	1122	867
1173	1294	868
1178	1179	872
1144	1148	873
1126	1180	875
1180	885	878
1183	1150	890
1154	1186	892
1128	1032	893
1185	1296	894
1186	1123	895
1187	1298	897
1188	1299	898
1189	1300	899
1190	1212	901
1191	1301	902
1192	907	903
1193	1302	906
1194	1266	908
1195	1267	909
1196	1303	910
1197	1268	913
1198	1263	915
1201	1264	920
1202	927	924
1204	1260	928
1205	1239	929
1206	1241	930
1207	1261	933
1208	1240	934
1210	1307	899
1211	1308	939
1212	1309	924
1214	1311	942
1215	1313	904
1217	1314	946
1218	1315	919
1219	1317	913
1220	1319	949
1221	1320	915
1222	1322	897
1050	1324	929
1137	1325	952
1223	1328	953
1224	1329	954
1225	1330	955
1226	1299	957
1227	1138	959
1228	944	966
1229	1305	970
1218	1306	971
1230	1332	975
1216	1302	976
1213	1303	981
1214	1304	982
1233	1333	991
1234	1335	994
1235	1336	995
1188	1129	961
1190	1308	963
1191	1130	965
1192	1310	966
1193	1312	970
1196	1314	974
1198	1315	977
1199	1316	978
1200	1318	980
1203	1323	988
1204	1325	990
1205	1326	992
1206	1327	993
1208	1329	996
1046	1242	998
940	1243	999
943	1244	1000
1236	1245	1001
1237	1248	1006
1047	1249	1000
1045	1151	1003
1239	1250	1012
1226	1252	1014
1043	1253	1015
1227	1152	884
1240	1254	896
1242	1255	1019
1245	1094	1021
1246	921	1022
1247	1095	876
1249	1256	1019
1250	1334	1024
1252	1209	1027
1135	900	1030
1255	1058	1034
1256	1059	1012
947	1060	999
1257	1061	1034
1232	1062	1035
1258	1063	1037
1259	1065	1039
1262	1259	1064
1078	1097	1023
1079	905	1009
1081	1257	1070
1082	1238	1071
1083	1236	1018
1085	922	1037
951	1269	1076
952	1270	1077
1265	1271	1082
1266	1272	1083
1231	1275	1088
1269	925	1091
1270	928	1092
1272	1331	1094
1274	1258	954
1111	1337	1110
1277	1338	1114
1278	1339	1105
1276	1339	1118
1109	1279	874
1114	1280	1031
1158	1281	1127
1115	1285	1136
1112	1286	1100
1279	1103	1141
1282	1278	1136
1283	1104	935
1284	1168	1052
1287	1159	1153
1288	1160	894
1289	1161	1157
1108	1162	1056
1167	1106	1166
184	59	835
167	82	833
279	227	849
280	230	850
99	257	866
224	20	869
238	127	874
263	154	842
261	46	877
278	44	884
300	86	861
438	30	900
486	55	904
487	62	905
452	23	907
497	130	912
462	60	922
469	150	926
456	73	927
504	227	931
435	319	923
436	321	898
416	324	938
443	336	908
453	359	947
419	368	916
474	403	930
91	482	961
105	440	963
85	484	965
181	494	974
54	502	978
141	493	980
152	496	983
162	501	986
137	467	990
243	430	993
310	432	956
318	414	957
320	423	959
336	443	967
342	446	968
359	453	976
377	462	985
312	70	997
375	169	1008
374	165	1009
398	241	852
427	235	851
417	93	892
388	158	1036
434	317	1043
437	330	1045
445	340	911
456	341	1046
455	355	917
451	362	1047
444	359	914
466	384	1050
451	21	1059
448	142	1061
466	180	1062
469	138	1063
470	193	1065
381	104	873
398	52	1010
428	80	893
493	343	1079
486	365	1081
439	47	1042
493	141	942
499	161	1095
477	43	1100
810	171	1103
774	61	1104
713	38	1106
732	521	1108
733	538	1109
688	560	1111
763	588	1112
704	615	1113
787	652	1107
139	526	1116
209	697	1117
332	807	1118
529	182	1069
523	149	1120
545	149	1121
565	193	1002
587	283	1122
596	109	1123
608	252	1124
609	222	1125
626	248	1126
644	219	883
661	245	1128
678	426	1129
687	333	1132
694	406	1133
651	324	1135
613	311	1092
641	361	918
710	396	1137
712	348	909
716	421	1138
629	383	934
526	139	1072
523	13	1140
565	156	1039
587	39	1143
593	260	1144
599	281	1145
605	250	854
506	22	856
669	118	1149
697	209	953
704	122	1055
708	163	1151
717	225	1152
507	67	1068
523	127	875
573	298	1154
581	200	1155
593	207	1156
620	226	1147
628	244	1029
707	378	1099
715	332	902
767	624	1158
774	195	1160
809	327	1162
506	53	839
562	51	1038
566	197	1163
601	297	1164
607	287	1165
615	35	1040
635	113	1014
657	42	888
621	102	889
773	611	1167
757	28	1168
158	184	835
37	167	833
108	280	850
273	99	866
99	219	841
32	238	874
59	263	842
9	279	880
225	278	884
324	438	900
343	487	905
334	497	912
364	495	919
370	498	921
372	462	922
387	469	926
403	504	931
61	431	935
47	433	936
48	435	923
38	416	938
132	442	940
135	443	908
179	453	947
166	419	916
101	474	930
437	57	960
426	91	961
427	105	963
440	105	964
333	85	965
453	179	973
454	181	974
461	54	978
443	135	979
445	141	980
419	152	983
463	162	986
347	133	987
396	137	990
472	243	993
482	318	957
421	320	959
466	336	967
470	342	968
488	359	976
342	377	985
12	312	997
163	369	1003
52	398	852
105	427	851
186	337	1018
27	360	1020
210	409	1026
133	347	1006
154	388	1036
97	434	1043
57	437	1045
141	445	911
73	456	1046
177	451	1047
21	466	1050
341	456	1058
362	451	1059
359	444	1060
365	448	1061
384	466	1062
392	469	1063
399	470	1065
95	305	832
116	331	1033
166	381	873
159	398	1010
296	402	1073
227	411	1074
165	493	1079
55	486	1081
305	439	1042
343	493	942
354	351	1048
365	486	1049
371	499	1095
338	468	1097
406	477	1100
538	810	1103
612	774	1104
652	568	1105
611	713	1106
90	732	1108
127	733	1109
49	688	1111
43	763	1112
122	704	1113
40	784	1115
198	787	1107
560	139	1116
776	209	1117
682	332	1118
17	524	1119
18	529	1069
131	523	1120
61	545	1121
24	565	1002
241	587	1122
298	596	1123
127	626	1126
118	644	883
80	661	1128
321	678	1129
250	694	1133
194	651	1135
28	613	1092
165	641	918
162	705	1093
67	710	1137
139	712	909
44	716	1138
190	526	1072
149	523	1140
176	553	1071
193	565	1039
283	587	1143
104	593	1144
252	608	1146
248	626	881
201	506	856
284	669	1149
297	674	1150
413	697	953
417	704	1055
330	708	1151
383	629	1086
406	726	1090
50	507	1068
13	523	875
93	573	1154
197	581	1155
260	593	1156
87	620	1147
147	628	1029
109	637	895
41	659	1027
70	707	1099
2	715	902
26	767	1158
522	640	1159
545	774	1160
651	786	1161
521	809	1162
74	506	839
156	562	1038
230	601	1164
250	607	1165
209	615	1040
213	635	1014
195	657	888
214	621	889
378	559	1088
200	773	1167
677	757	1168
185	74	844
290	46	845
289	42	846
253	233	857
233	95	870
257	99	876
252	248	881
302	235	891
502	166	916
493	165	918
391	49	925
414	318	937
446	342	941
453	348	945
180	466	967
193	470	968
187	487	969
145	462	984
144	391	988
138	469	989
319	435	958
336	451	972
348	453	973
356	460	975
368	419	983
415	477	995
326	159	1010
348	186	1001
430	284	1016
358	187	1023
317	9	880
386	147	1029
431	305	1042
318	325	1044
441	354	1048
448	365	1049
460	385	1051
467	386	1052
473	404	1054
479	417	1055
306	12	997
311	50	1068
350	18	1069
360	190	1072
390	138	1035
401	201	1025
496	350	1080
500	390	1087
404	401	1089
477	406	1090
501	162	1093
465	70	1099
807	198	1107
556	306	1091
633	87	1147
624	166	1148
588	250	1133
836	149	1142
844	140	1011
845	196	1169
846	196	1170
857	96	882
870	96	857
876	161	1179
881	45	860
882	96	1181
886	108	890
889	102	1182
891	52	1184
916	368	1199
918	361	1200
925	382	1203
937	41	1209
941	145	1213
945	66	1216
967	443	1219
968	446	1220
969	447	1221
977	450	1215
984	349	910
988	465	1231
989	384	1232
958	483	1187
962	483	1189
972	491	1194
973	492	1195
975	500	1197
983	496	1201
987	389	1202
995	479	1207
1002	193	949
1007	176	1238
1010	52	939
1011	140	1233
1001	66	945
1016	101	1241
1017	16	1131
1020	179	1243
1023	133	1248
880	237	1253
1029	244	1134
1032	245	1254
1042	47	1225
1044	41	937
1048	153	1228
1049	188	1229
1051	72	1230
1052	28	1260
1054	239	1234
1055	122	1261
997	70	1076
1068	67	1077
1069	182	1080
1072	139	1084
1035	180	1087
1078	187	1263
1080	182	1264
1084	139	1267
1087	180	1268
1089	239	1054
1090	216	1235
1093	366	1271
1099	378	1275
1107	652	1276
1091	49	1110
1147	226	1280
1148	260	1281
1132	333	1285
1133	406	1286
33	836	1142
185	844	1011
290	845	1169
289	846	1170
253	857	882
233	870	857
257	876	1179
252	881	860
288	882	1181
212	886	890
294	889	1182
302	891	1184
502	916	1199
493	918	1200
391	925	1203
414	937	1209
446	941	1213
453	945	1216
180	967	1219
193	968	1220
187	969	1221
55	977	1215
145	984	910
144	988	1231
138	989	1232
319	958	1187
323	962	1189
336	972	1194
348	973	1195
356	975	1197
368	983	1201
328	987	1202
415	995	1207
363	1002	949
366	1007	1238
326	1010	939
397	1011	1233
348	1001	945
430	1016	1241
309	1017	1131
335	1020	1243
358	1023	1248
317	880	1253
386	1029	1134
429	1032	1254
431	1042	1225
318	1044	937
441	1048	1228
448	1049	1229
460	1051	1230
467	1052	1260
473	1054	1234
479	1055	1261
306	997	1076
311	1068	1077
350	1069	1080
360	1072	1084
390	1035	1087
401	1025	1089
325	1075	1044
485	1078	1263
496	1080	1264
492	1084	1267
500	1087	1268
404	1089	1054
477	1090	1235
501	1093	1271
465	1099	1275
807	1107	1276
556	1091	1110
633	1147	1280
624	1148	1281
643	1132	1285
588	1133	1286
82	108	833
42	265	846
46	261	845
22	263	856
53	256	871
219	273	883
248	252	885
42	289	888
235	302	858
359	488	914
355	489	917
319	501	923
130	441	912
142	448	943
182	461	920
191	445	948
70	465	951
150	471	926
227	472	931
435	116	958
434	97	962
451	177	972
462	145	985
471	159	992
379	328	964
487	343	969
494	363	981
495	364	982
462	372	984
501	319	986
469	387	989
505	413	994
169	371	1005
263	408	1013
159	326	843
226	415	1031
235	427	891
35	404	1040
93	417	1041
68	399	1053
330	437	1057
404	473	1066
417	479	1067
62	358	1004
138	390	1085
308	481	936
373	463	1096
390	500	1098
385	454	1051
407	505	1101
408	407	1102
526	556	1116
697	633	1117
332	682	1130
16	612	1131
149	545	1142
324	651	938
615	776	1113
833	108	886
846	265	1290
845	261	1291
856	263	1013
863	33	1296
867	101	859
871	256	1028
883	273	1175
885	252	855
888	289	1185
858	302	1297
911	495	1304
914	488	1305
917	489	1306
923	501	1265
932	478	1224
912	441	1310
943	448	1312
920	461	1316
948	445	1318
951	465	1323
926	471	1326
931	472	1327
956	68	1053
958	116	1300
962	97	1298
972	177	1331
985	145	941
992	159	1334
960	323	1307
964	328	1309
969	343	1311
971	339	1313
979	356	1317
981	363	1319
982	364	1320
984	372	1321
986	319	1322
989	387	1324
994	413	1328
1004	370	1246
1005	371	1247
1013	408	1251
843	326	901
1015	373	1096
1028	420	1333
1031	415	933
891	427	1211
1038	395	1064
1040	404	1066
1041	417	1067
1053	399	1262
1057	437	1210
1066	473	1223
1067	479	1336
1004	358	1237
1085	390	1273
936	481	1330
1096	463	1222
1098	500	1332
1051	454	1217
1101	505	1335
1102	407	1101
1116	556	1337
1117	633	1338
1130	682	1282
1131	612	1283
1134	677	1284
1142	545	1288
938	651	1289
1113	776	1277
37	833	886
196	846	1290
196	845	1291
201	856	1013
289	863	1296
246	867	859
140	871	1028
118	883	1175
96	885	855
195	888	1185
118	858	1297
39	896	1174
141	911	1304
188	914	1305
172	917	1306
48	923	1265
334	912	1310
344	943	1312
368	920	1316
361	948	1318
382	951	1323
387	926	1326
403	931	1327
395	956	1053
483	958	1300
483	962	1298
491	972	1331
342	985	941
400	992	1334
437	960	1307
440	964	1309
447	969	1311
450	971	1313
443	979	1317
446	981	1319
447	982	1320
349	984	1321
463	986	1322
384	989	1324
473	994	1328
62	1004	1246
99	1005	1247
201	1013	1251
73	843	901
97	1015	1096
140	1028	1333
122	1031	933
52	891	1211
116	1033	1057
156	1038	1064
209	1040	1066
216	1041	1067
395	1053	1262
116	1057	1210
209	1066	1223
216	1067	1336
178	1004	1237
372	1085	1273
383	1086	1274
47	936	1330
97	1096	1222
72	1051	1217
239	1101	1335
560	1116	1337
776	1117	1338
333	1130	1282
309	1131	1283
386	1134	1284
33	1142	1288
38	938	1289
122	1113	1277
76	1340	1341
106	1343	1604
107	1344	1758
170	1345	1847
224	1347	1607
285	1348	2010
128	1350	1799
9	1353	1649
218	1354	1424
220	1355	1846
102	1357	1797
119	1358	2010
245	1361	1829
249	1362	1704
51	1365	1837
113	1368	1803
117	1369	1809
132	1372	2011
153	1373	2012
168	1374	1871
175	1375	1870
69	1379	1654
323	1369	1822
339	1372	2013
355	1384	2016
370	1385	2017
380	1387	2018
328	1370	1823
389	1388	2019
394	1389	1774
422	1391	2021
432	1392	1832
376	1393	1625
458	1395	2022
486	1396	1783
452	1397	2023
495	1398	1762
497	1399	2024
498	1400	1763
498	1403	2012
457	1404	1859
456	1405	1777
503	1406	2025
478	1407	1805
425	1408	2026
377	1392	1764
433	1393	1766
442	1395	1767
444	1396	2013
449	1397	1768
455	1398	2014
459	1401	2015
464	1404	2018
468	1405	2019
476	1407	2020
268	1412	1866
89	1413	1867
237	1414	1836
294	1413	1868
95	1352	1614
181	1418	1376
89	1420	1464
268	1420	1466
37	1422	1378
114	1423	1651
218	1424	2026
214	1425	1869
91	1359	1439
101	1428	1443
269	1429	1444
313	1430	1661
6	1445	1366
337	1449	1872
374	1451	1873
379	1452	1874
405	1454	1875
55	1457	1821
135	1458	1772
179	1459	1771
100	1461	1857
15	1465	1858
25	1469	1945
57	1471	1944
143	1473	2027
148	1474	1940
174	1476	1984
40	1482	1913
121	1484	2029
199	1487	2030
229	1488	1941
256	1491	1942
288	1493	1985
112	1497	1914
114	1498	1916
114	1499	1917
150	1500	1946
112	1503	1947
120	1506	1726
34	1507	1936
100	1508	1483
124	1510	1938
14	1518	1511
511	1518	2032
527	1520	2034
532	1522	2035
536	1481	2036
542	1475	2038
578	1485	2040
575	1484	2041
606	1531	2044
632	1503	2048
623	1499	2049
645	1537	2050
634	1502	2051
679	1539	2052
616	1498	2053
721	1544	1543
661	1546	2056
617	1547	1679
689	1550	1791
812	1552	2028
690	1553	2058
739	1554	1924
718	1555	2059
812	1557	2027
642	1559	2060
529	1561	2062
816	1573	2030
694	1574	2065
778	1578	2066
674	1584	1790
786	1588	1794
568	1589	1526
828	1592	2031
799	1594	2068
734	1548	2033
723	1551	2035
692	1553	2036
739	1555	2037
736	1558	2038
753	1565	2039
759	1571	2042
744	1573	2043
726	1575	2044
769	1576	2045
587	1581	2046
773	1582	2047
784	1587	1785
666	1590	2050
668	1591	2051
796	1594	2052
727	1598	2054
181	1447	1950
295	1600	1951
301	1601	1952
254	1603	1953
5	1605	1954
45	1606	1816
86	1354	1817
251	1423	1955
237	1357	1956
418	1613	1958
322	1613	1959
361	1615	1818
412	1618	1961
380	1619	1962
420	1620	1963
421	1621	1964
369	1460	1965
376	1625	1966
397	1627	1967
423	1628	1819
426	1629	1968
355	1442	1969
405	1633	1971
331	1456	1973
76	1637	1909
147	1427	2061
275	1641	1495
251	1644	1496
93	1644	1505
26	1650	1729
114	1651	1920
436	1652	1512
25	1430	1480
269	1390	2064
100	1387	1915
123	1655	1727
57	1656	1471
146	1657	1905
185	1659	2057
183	1384	1907
313	1661	2070
218	1454	1912
304	1664	2069
202	1671	1689
255	1345	1693
259	1605	1694
291	1606	1697
15	1391	1698
685	1684	1983
84	1686	1974
229	1690	1488
232	1691	1489
213	1695	1509
300	1696	2063
314	1699	1919
84	1665	2055
81	1666	2071
11	1668	2072
129	1599	2073
234	1701	1490
291	1701	1937
31	1346	2074
214	1429	2067
92	1600	1918
244	1611	1838
7	1631	2075
126	1617	2076
239	1739	1844
72	1740	1843
950	1740	2078
1125	1753	2080
1127	1752	2077
1244	1755	2079
249	1358	1995
204	1773	1998
309	1765	1999
394	1774	2000
438	1776	2002
338	1457	2005
524	1472	2006
558	1516	2007
512	1468	2008
60	1386	1842
23	1383	1733
420	1808	1734
13	1779	1730
164	1451	1738
161	1452	1732
304	1820	2009
245	1829	1735
98	1626	1993
150	1434	1994
1340	6	1410
1343	224	1645
1344	229	1421
1345	255	1646
1347	119	1845
1348	267	1845
1350	33	1828
1353	117	1759
1354	86	1643
1355	5	1641
1357	237	1760
1358	249	1610
1361	107	1798
1362	170	1847
1365	310	1807
1368	322	1652
1369	323	1833
1372	339	1834
1373	351	1851
1374	353	1852
1375	356	1835
1379	394	1808
1369	117	1854
1372	132	1778
1384	183	1855
1385	178	1856
1387	100	1857
1370	23	1433
1388	133	1784
1389	25	1627
1391	15	1858
1392	377	1377
1393	433	1662
1395	442	1855
1396	444	1811
1397	449	1856
1398	455	1810
1399	353	1374
1400	457	1859
1403	449	1804
1404	464	1861
1405	468	1862
1406	475	1863
1407	476	1864
1408	480	1865
1392	432	1848
1393	376	1849
1395	458	1850
1396	486	1800
1397	452	1801
1398	495	1830
1401	499	1852
1404	457	1853
1405	456	1802
1407	478	1831
1412	210	1781
1413	294	1782
1414	63	1632
1413	89	1435
1352	82	1675
1418	24	1824
1420	268	1866
1420	89	1867
1422	212	1619
1423	251	1676
1424	272	1622
1425	294	1868
1359	32	1636
1428	283	1775
1429	214	1869
1430	25	1431
1445	64	1448
1449	175	1870
1451	164	1861
1452	161	1860
1454	218	1865
1457	338	1825
1458	337	1872
1459	360	1826
1461	374	1873
1465	405	1875
1469	525	1876
1471	532	1877
1473	534	1878
1474	536	1879
1476	539	1881
1482	568	1883
1484	575	1884
1487	579	1886
1488	585	1887
1491	590	1888
1493	608	1889
1497	614	1892
1498	616	1893
1499	623	1894
1500	629	1895
1503	632	1897
1506	643	1898
1507	645	1899
1508	634	1900
1510	678	1901
1518	511	1903
1518	14	1525
1520	143	1904
1522	168	1906
1481	24	1542
1475	191	1908
1485	115	1910
1484	121	1911
1531	216	1792
1503	112	1914
1499	114	1916
1537	115	1682
1502	92	1918
1539	314	1919
1498	114	1920
1544	547	1479
1546	636	1921
1547	687	1814
1550	736	1908
1552	738	1922
1553	692	1513
1554	719	1923
1555	739	1924
1557	735	1904
1559	535	1813
1561	562	1723
1573	744	1925
1574	725	1926
1578	704	1927
1584	699	1929
1588	785	1930
1589	787	1931
1592	794	1932
1594	796	1933
1548	711	1876
1551	706	1877
1553	690	1879
1555	718	1880
1558	813	1882
1565	769	1885
1571	830	1889
1573	816	1890
1575	695	1891
1576	775	1892
1581	714	1895
1582	754	1896
1587	653	1898
1590	580	1899
1591	574	1900
1594	799	1902
1598	679	1903
1447	144	1795
1600	92	1935
1601	34	1936
1603	255	1928
1605	259	1529
1606	291	1937
1354	218	1530
1423	114	1536
1357	102	1535
1613	322	1934
1613	418	1540
1615	5	1939
1618	229	1941
1619	212	1929
1620	256	1942
1621	217	1943
1460	168	1522
1625	65	1541
1627	25	1945
1628	112	1947
1629	124	1538
1442	75	1923
1633	247	1926
1456	48	1948
1637	176	1787
1427	137	1949
1641	5	1954
1644	93	1788
1644	251	1955
1650	285	1957
1651	418	1958
1652	322	1959
1430	313	1960
1390	412	1961
1387	380	1962
1655	421	1964
1656	369	1965
1657	366	1789
1659	397	1967
1384	355	1969
1661	315	1970
1454	405	1971
1664	325	1972
1671	262	1975
1345	170	1793
1605	5	1976
1606	45	1977
1391	422	1683
1684	316	1933
1686	517	1978
1690	617	1979
1691	618	1980
1695	659	1981
1696	666	1982
1699	685	1983
1665	110	1706
1666	84	1707
1668	151	1710
1599	171	1711
1701	291	1714
1701	234	1715
1346	202	1716
1429	269	1717
1600	295	1719
1611	274	1720
1631	304	1721
1617	313	1722
1739	1025	1988
1740	950	1989
1740	72	1742
1753	1176	1992
1752	1156	1986
1755	906	1987
1358	119	1990
1773	429	1745
1765	431	1743
1774	397	1744
1776	90	1748
1457	55	1746
1472	131	1991
1516	32	1747
1468	41	1827
1386	377	1996
1383	353	1997
1808	394	2000
1779	305	2001
1451	374	2003
1452	379	2004
1820	512	2008
1829	277	1839
1626	330	1840
1434	392	1841
1341	1410	136
1604	1645	293
1758	1421	296
1847	1646	303
1607	1845	267
2010	1845	119
1799	1828	261
1649	1759	219
1424	1643	272
1846	1641	275
1797	1760	279
2010	1610	285
1829	1798	277
1704	1847	303
1837	1807	395
1803	1652	436
1809	1833	375
2011	1834	489
2012	1851	498
1871	1852	499
1870	1835	490
1654	1808	420
1822	1854	434
2013	1778	444
2016	1855	442
2017	1856	449
2018	1857	464
1823	1433	347
2019	1784	468
1774	1627	397
2021	1858	480
1832	1377	68
1625	1662	65
2022	1855	183
1783	1811	188
2023	1856	178
1762	1810	172
2024	1374	168
1763	1859	164
2012	1804	153
1859	1861	164
1777	1862	173
2025	1863	89
1805	1864	204
2026	1865	218
1764	1848	307
1766	1849	308
1767	1850	335
2013	1800	339
1768	1801	345
2014	1830	340
2015	1852	353
2018	1853	380
2019	1802	389
2020	1831	307
1866	1781	402
1867	1782	411
1836	1632	373
1868	1435	424
1614	1675	316
1376	1824	363
1464	1866	402
1466	1867	411
1378	1619	380
1651	1676	418
2026	1622	425
1869	1868	424
1439	1636	325
1443	1775	409
1444	1869	424
1661	1431	315
1366	1448	308
1872	1870	490
1873	1861	464
1874	1860	459
1875	1865	480
1821	1825	485
1772	1872	490
1771	1826	492
1857	1873	464
1858	1875	480
1945	1876	711
1944	1877	706
2027	1878	812
1940	1879	690
1984	1881	811
1913	1883	770
2029	1884	815
2030	1886	816
1941	1887	698
1942	1888	702
1985	1889	830
1914	1892	775
1916	1893	777
1917	1894	781
1946	1895	714
1947	1897	717
1726	1898	653
1936	1899	580
1483	1900	574
1938	1901	680
1511	1903	679
2032	1525	547
2034	1904	735
2035	1906	723
2036	1542	692
2038	1908	736
2040	1910	759
2041	1911	761
2044	1792	726
2048	1914	775
2049	1916	777
2050	1682	666
2051	1918	668
2052	1919	796
2053	1920	681
1543	1479	98
2056	1921	107
1679	1814	120
1791	1908	191
2028	1922	174
2058	1513	155
1924	1923	75
2059	1924	75
2027	1904	143
2060	1813	146
2062	1723	148
2030	1925	199
2065	1926	247
2066	1927	231
1790	1929	212
1794	1930	264
1526	1931	202
2031	1932	295
2068	1933	316
2033	1876	525
2035	1877	532
2036	1879	536
2037	1880	542
2038	1882	542
2039	1885	579
2042	1889	608
2043	1890	590
2044	1891	606
2045	1892	614
2046	1895	629
2047	1896	630
1785	1898	643
2050	1899	645
2051	1900	634
2052	1902	679
2054	1903	511
1950	1795	559
1951	1935	572
1952	1936	580
1953	1928	589
1954	1529	597
1816	1937	599
1817	1530	605
1955	1536	622
1956	1535	639
1958	1934	681
1959	1540	684
1818	1939	689
1961	1941	698
1962	1929	699
1963	1942	702
1964	1943	654
1965	1522	532
1966	1541	691
1967	1945	711
1819	1947	717
1968	1538	664
1969	1923	719
1971	1926	725
1973	1948	730
1909	1787	535
2061	1949	555
1495	1954	597
1496	1788	606
1505	1955	622
1729	1957	650
1920	1958	681
1512	1959	684
1480	1960	554
2064	1961	698
1915	1962	699
1727	1964	654
1471	1965	532
1905	1789	705
2057	1967	711
1907	1969	719
2070	1970	720
1912	1971	725
2069	1972	729
1689	1975	591
1693	1793	640
1694	1976	641
1697	1977	673
1698	1683	683
1983	1933	796
1974	1978	515
1488	1979	585
1489	1980	586
1509	1981	665
2063	1982	790
1919	1983	796
2055	1706	516
2071	1707	519
2072	1710	552
2073	1711	563
1490	1714	576
1937	1715	599
2074	1716	647
2067	1717	653
1918	1719	668
1838	1720	677
2075	1721	693
2076	1722	709
1844	1988	1102
1843	1989	1098
2078	1742	946
2080	1992	287
2077	1986	847
2079	1987	1021
1995	1990	879
1998	1745	996
1999	1743	955
2000	1744	991
2002	1748	1056
2005	1746	1070
2006	1991	1139
2007	1747	1141
2008	1827	1075
1842	1996	932
1733	1997	903
1734	2000	991
1730	2001	840
1738	2003	1022
1732	2004	872
2009	2008	1075
1735	1839	896
1993	1840	1033
1994	1841	1086
1410	1341	1340
1645	1604	1343
1421	1758	1344
1646	1847	1345
1845	1607	1347
1845	2010	1348
1828	1799	1350
1759	1649	1353
1643	1424	1354
1641	1846	1355
1760	1797	1357
1610	2010	1358
1798	1829	1361
1847	1704	1362
1807	1837	1365
1652	1803	1368
1833	1809	1369
1834	2011	1372
1851	2012	1373
1852	1871	1374
1835	1870	1375
1808	1654	1379
1854	1822	1369
1778	2013	1372
1855	2016	1384
1856	2017	1385
1857	2018	1387
1433	1823	1370
1784	2019	1388
1627	1774	1389
1858	2021	1391
1377	1832	1392
1662	1625	1393
1855	2022	1395
1811	1783	1396
1856	2023	1397
1810	1762	1398
1374	2024	1399
1859	1763	1400
1804	2012	1403
1861	1859	1404
1862	1777	1405
1863	2025	1406
1864	1805	1407
1865	2026	1408
1848	1764	1392
1849	1766	1393
1850	1767	1395
1800	2013	1396
1801	1768	1397
1830	2014	1398
1852	2015	1401
1853	2018	1404
1802	2019	1405
1831	2020	1407
1781	1866	1412
1782	1867	1413
1632	1836	1414
1435	1868	1413
1675	1614	1352
1824	1376	1418
1866	1464	1420
1867	1466	1420
1619	1378	1422
1676	1651	1423
1622	2026	1424
1868	1869	1425
1636	1439	1359
1775	1443	1428
1869	1444	1429
1431	1661	1430
1448	1366	1445
1870	1872	1449
1861	1873	1451
1860	1874	1452
1865	1875	1454
1825	1821	1457
1872	1772	1458
1826	1771	1459
1873	1857	1461
1875	1858	1465
1876	1945	1469
1877	1944	1471
1878	2027	1473
1879	1940	1474
1881	1984	1476
1883	1913	1482
1884	2029	1484
1886	2030	1487
1887	1941	1488
1888	1942	1491
1889	1985	1493
1892	1914	1497
1893	1916	1498
1894	1917	1499
1895	1946	1500
1897	1947	1503
1898	1726	1506
1899	1936	1507
1900	1483	1508
1901	1938	1510
1903	1511	1518
1525	2032	1518
1904	2034	1520
1906	2035	1522
1542	2036	1481
1908	2038	1475
1910	2040	1485
1911	2041	1484
1792	2044	1531
1914	2048	1503
1916	2049	1499
1682	2050	1537
1918	2051	1502
1919	2052	1539
1920	2053	1498
1479	1543	1544
1921	2056	1546
1814	1679	1547
1908	1791	1550
1922	2028	1552
1513	2058	1553
1923	1924	1554
1924	2059	1555
1904	2027	1557
1813	2060	1559
1723	2062	1561
1925	2030	1573
1926	2065	1574
1927	2066	1578
1929	1790	1584
1930	1794	1588
1931	1526	1589
1932	2031	1592
1933	2068	1594
1876	2033	1548
1877	2035	1551
1879	2036	1553
1880	2037	1555
1882	2038	1558
1885	2039	1565
1889	2042	1571
1890	2043	1573
1891	2044	1575
1892	2045	1576
1895	2046	1581
1896	2047	1582
1898	1785	1587
1899	2050	1590
1900	2051	1591
1902	2052	1594
1903	2054	1598
1795	1950	1447
1935	1951	1600
1936	1952	1601
1928	1953	1603
1529	1954	1605
1937	1816	1606
1530	1817	1354
1536	1955	1423
1535	1956	1357
1934	1958	1613
1540	1959	1613
1939	1818	1615
1941	1961	1618
1929	1962	1619
1942	1963	1620
1943	1964	1621
1522	1965	1460
1541	1966	1625
1945	1967	1627
1947	1819	1628
1538	1968	1629
1923	1969	1442
1926	1971	1633
1948	1973	1456
1787	1909	1637
1949	2061	1427
1954	1495	1641
1788	1496	1644
1955	1505	1644
1957	1729	1650
1958	1920	1651
1959	1512	1652
1960	1480	1430
1961	2064	1390
1962	1915	1387
1964	1727	1655
1965	1471	1656
1789	1905	1657
1967	2057	1659
1969	1907	1384
1970	2070	1661
1971	1912	1454
1972	2069	1664
1975	1689	1671
1793	1693	1345
1976	1694	1605
1977	1697	1606
1683	1698	1391
1933	1983	1684
1978	1974	1686
1979	1488	1690
1980	1489	1691
1981	1509	1695
1982	2063	1696
1983	1919	1699
1706	2055	1665
1707	2071	1666
1710	2072	1668
1711	2073	1599
1714	1490	1701
1715	1937	1701
1716	2074	1346
1717	2067	1429
1719	1918	1600
1720	1838	1611
1721	2075	1631
1722	2076	1617
1988	1844	1739
1989	1843	1740
1742	2078	1740
1992	2080	1753
1986	2077	1752
1987	2079	1755
1990	1995	1358
1745	1998	1773
1743	1999	1765
1744	2000	1774
1748	2002	1776
1746	2005	1457
1991	2006	1472
1747	2007	1516
1827	2008	1468
1996	1842	1386
1997	1733	1383
2000	1734	1808
2001	1730	1779
2003	1738	1451
2004	1732	1452
2008	2009	1820
1839	1735	1829
1840	1993	1626
1841	1994	1434
189	56	1342
233	253	1349
233	82	1352
494	181	1376
342	68	1377
460	356	1375
462	377	1386
475	412	1390
324	416	1394
412	475	1406
391	175	1411
409	210	1412
419	254	1415
386	137	1427
452	347	1433
469	392	1434
431	61	1436
318	91	1439
455	75	1442
474	101	1443
475	269	1444
385	144	1447
481	308	1448
433	47	1381
435	48	1456
471	150	1463
504	268	1466
721	65	1467
516	41	1468
810	131	1472
708	98	1479
565	24	1481
771	100	1483
790	115	1485
824	232	1489
825	234	1490
821	275	1495
674	92	1502
671	8	1504
573	93	1505
793	213	1509
797	436	1512
805	155	1513
809	36	1514
729	32	1516
720	58	1517
740	547	1525
743	536	1474
745	568	1526
755	579	1486
764	590	1494
766	609	1528
750	597	1529
780	639	1535
788	664	1538
798	684	1540
800	691	1541
801	692	1542
808	630	1501
728	721	1543
189	710	1549
169	706	1551
134	811	1556
160	813	1558
240	770	1562
301	815	1563
208	769	1565
266	816	1566
281	822	1567
270	823	1569
69	702	1570
247	695	1575
208	775	1576
217	777	1577
221	781	1579
241	714	1581
200	754	1582
208	829	1583
217	716	1585
225	717	1586
222	580	1590
228	574	1591
422	680	1593
512	731	1545
514	636	1546
520	687	1547
531	736	1550
541	719	1554
540	735	1557
544	535	1559
551	741	1560
557	562	1561
578	752	1564
609	766	1572
605	725	1574
615	704	1578
625	589	1580
634	699	1584
646	785	1588
652	787	1589
584	794	1592
558	806	1596
630	808	1597
594	106	1604
598	34	1601
600	224	1607
610	255	1603
620	220	1356
648	271	1609
670	274	1611
703	425	1622
708	330	1626
627	374	1461
701	405	1465
658	315	1437
724	373	1632
726	406	1634
728	331	1635
601	270	1642
603	272	1643
600	293	1645
609	301	1640
610	303	1646
528	63	1647
636	29	1648
644	9	1649
695	247	1633
703	124	1612
716	217	1621
658	58	1630
727	65	1662
728	98	1663
551	151	1668
561	134	1669
604	199	1602
701	418	1676
635	322	1368
795	683	1683
745	202	1689
782	255	1693
783	259	1694
792	291	1697
797	15	1698
513	20	1351
546	54	1446
607	286	1670
638	36	1672
650	249	1704
686	30	1432
731	519	1707
742	552	1710
737	563	1711
788	576	1714
822	599	1715
760	653	1717
757	677	1720
806	693	1721
808	709	1722
743	148	1723
656	115	1537
760	120	1726
762	123	1727
784	40	1533
831	26	1729
1140	13	1730
1179	161	1732
907	23	1733
1333	420	1734
1254	245	1735
1094	177	1737
921	164	1738
1217	946	1742
1225	955	1743
1233	991	1744
1208	996	1745
1245	1021	1736
1081	1070	1746
1279	1141	1747
1108	1056	1748
260	1156	1752
349	1321	1754
344	906	1755
408	1102	1756
390	1098	1757
834	879	1749
836	1139	1750
854	1165	1751
861	1176	1753
865	107	1758
841	219	1759
880	279	1760
887	249	1761
919	495	1762
921	498	1763
935	431	1765
936	433	1766
940	442	1767
944	449	1768
960	57	1624
964	105	1770
973	179	1771
979	135	1772
987	133	1388
1003	369	1656
1018	337	1458
1020	360	1459
1026	409	1775
1006	347	1440
1058	456	1777
1060	444	1778
832	305	1779
1073	402	1781
1074	411	1782
1048	351	1373
1049	486	1783
1097	468	1784
1105	568	1482
1115	784	1785
1119	524	1786
1007	535	1787
1041	606	1788
1093	705	1789
1071	553	1515
1146	608	1493
881	626	1725
1150	674	1790
948	689	1791
1090	726	1792
895	637	1692
1027	659	1695
1159	640	1793
1161	786	1794
1088	559	1795
849	102	1797
865	277	1798
869	119	1347
877	128	1799
887	170	1362
861	222	1673
904	339	1800
907	345	1801
927	389	1802
898	113	1803
944	153	1804
956	395	1807
1008	117	1809
1009	62	1780
892	231	1623
917	172	1810
914	188	1811
893	204	1455
1007	146	1813
1041	216	1531
1124	281	1527
1132	120	1814
934	39	1534
1145	45	1816
854	86	1817
948	361	1818
1152	423	1819
1163	264	1713
836	33	1350
882	288	1703
886	212	1422
889	294	1425
977	55	1821
962	323	1822
987	328	1823
1002	363	1824
1007	366	1657
1011	397	1659
1017	309	1364
1020	335	1371
1032	429	1773
1078	485	1825
1084	492	1826
1132	643	1506
1089	1025	1739
1044	1075	1827
863	261	1828
867	283	1428
911	340	1830
932	307	1831
956	432	1832
960	375	1833
971	489	1834
979	490	1835
1004	178	1385
1015	237	1836
1028	256	1620
1038	51	1837
1134	244	1838
1174	896	1839
1057	1033	1840
1274	1086	1841
1224	60	1842
1332	72	1843
1101	239	1844
137	189	1342
242	233	1349
95	233	1352
363	494	1376
377	342	1377
175	460	1375
60	462	1386
269	475	1390
438	324	1394
503	412	1406
49	391	1411
268	409	1412
152	419	1415
147	386	1427
23	452	1433
150	469	1434
305	431	1436
325	318	1439
355	455	1442
409	474	1443
424	475	1444
181	385	1447
64	481	1448
314	433	1381
331	435	1456
398	471	1463
411	504	1466
511	721	1467
512	516	1468
524	810	1472
547	708	1479
536	565	1481
574	771	1483
578	790	1485
586	824	1489
576	825	1490
597	821	1495
634	674	1502
518	671	1504
622	573	1505
665	793	1509
684	797	1512
692	805	1513
517	809	1514
558	729	1516
630	720	1517
14	740	1525
148	743	1474
202	745	1526
8	755	1486
266	764	1494
287	766	1528
259	750	1529
102	780	1535
124	788	1538
418	798	1540
65	800	1541
24	801	1542
19	808	1501
98	728	1543
735	189	1549
723	169	1551
734	134	1556
736	160	1558
745	240	1562
751	301	1563
753	208	1565
755	266	1566
759	281	1567
761	270	1569
764	69	1570
726	247	1575
769	208	1576
648	217	1577
583	221	1579
587	241	1581
773	200	1582
775	208	1583
777	217	1585
779	225	1586
666	222	1590
668	228	1591
795	422	1593
516	512	1545
661	514	1546
617	520	1547
689	531	1550
739	541	1554
812	540	1557
642	544	1559
555	551	1560
529	557	1561
790	578	1564
815	609	1572
694	605	1574
778	615	1578
782	625	1580
674	634	1584
786	646	1588
568	652	1589
828	584	1592
729	558	1596
720	630	1597
293	594	1604
301	598	1601
267	600	1607
254	610	1603
111	620	1356
217	648	1609
244	670	1611
272	703	1622
98	708	1626
100	627	1461
15	701	1465
69	658	1437
63	724	1632
247	726	1634
329	728	1635
92	601	1642
86	603	1643
224	600	1645
222	609	1640
255	610	1646
262	528	1647
229	636	1648
219	644	1649
405	695	1633
425	703	1612
421	716	1621
315	658	1630
433	727	1662
331	728	1663
11	551	1668
151	561	1669
282	604	1602
251	701	1676
113	635	1368
422	795	1683
591	745	1689
640	782	1693
641	783	1694
673	792	1697
683	797	1698
106	513	1351
155	546	1446
121	607	1670
232	638	1672
303	650	1704
327	686	1432
84	731	1707
151	742	1710
171	737	1711
291	788	1714
234	822	1715
269	760	1717
274	757	1720
304	806	1721
313	808	1722
562	743	1723
645	656	1537
653	760	1726
654	762	1727
621	784	1533
650	831	1729
840	1140	1730
872	1179	1732
903	907	1733
991	1333	1734
896	1254	1735
1021	1094	1737
1022	921	1738
72	1217	1742
431	1225	1743
397	1233	1744
429	1208	1745
66	1245	1736
55	1081	1746
32	1279	1747
90	1108	1748
1127	260	1752
946	349	1754
1244	344	1755
1251	408	1756
1273	390	1757
869	834	1749
1120	836	1750
1176	854	1751
1125	861	1753
296	865	1758
117	841	1759
237	880	1760
78	887	1761
172	919	1762
164	921	1763
309	935	1765
308	936	1766
335	940	1767
345	944	1768
375	960	1624
379	964	1770
492	973	1771
490	979	1772
389	987	1388
57	1003	1656
135	1018	1458
179	1020	1459
283	1026	1775
178	1006	1440
173	1058	1777
132	1060	1778
13	832	1779
210	1073	1781
294	1074	1782
153	1048	1373
188	1049	1783
133	1097	1784
40	1105	1482
643	1115	1785
128	1119	1786
176	1007	1787
93	1041	1788
366	1093	1789
48	1071	1515
288	1146	1493
45	881	1725
212	1150	1790
191	948	1791
216	1090	1792
231	895	1692
213	1027	1695
170	1159	1793
264	1161	1794
144	1088	1795
279	849	1797
107	865	1798
224	869	1347
261	877	1799
249	887	1362
300	861	1673
486	904	1800
452	907	1801
456	927	1802
436	898	1803
449	944	1804
310	956	1807
375	1008	1809
374	1009	1780
417	892	1623
455	917	1810
444	914	1811
428	893	1455
535	1007	1813
606	1041	1531
608	1124	1527
687	1132	1814
629	934	1534
599	1145	1816
605	854	1817
689	948	1818
717	1152	1819
566	1163	1713
128	836	1350
253	882	1703
37	886	1422
214	889	1425
485	977	1821
434	962	1822
347	987	1823
24	1002	1824
146	1007	1657
185	1011	1659
64	1017	1364
27	1020	1371
204	1032	1773
338	1078	1825
360	1084	1826
120	1132	1506
239	1089	1739
41	1044	1827
33	863	1828
101	867	1428
495	911	1830
478	932	1831
68	956	1832
323	960	1833
339	971	1834
356	979	1835
370	1004	1385
373	1015	1836
420	1028	1620
395	1038	1837
677	1134	1838
277	1174	1839
330	1057	1840
392	1274	1841
932	1224	1842
1098	1332	1843
1102	1101	1844
34	242	1349
207	267	1348
275	111	1356
238	32	1359
211	238	1360
432	10	1363
481	64	1364
376	6	1366
458	27	1371
457	37	1378
423	320	1380
161	499	1401
351	457	1400
320	88	1409
367	182	1419
412	296	1421
394	315	1431
475	424	1435
337	49	1411
499	371	1450
468	338	1453
476	428	1455
459	23	1462
718	191	1475
813	184	1478
769	8	1486
816	266	1494
695	251	1496
754	19	1501
799	14	1511
510	518	1504
705	528	1521
719	541	1523
535	544	1524
725	605	1530
770	621	1533
699	634	1508
781	622	1536
115	830	1571
255	782	1580
322	802	1595
534	738	1552
539	734	1556
568	745	1562
575	751	1563
579	755	1566
585	760	1568
590	764	1570
616	648	1577
623	583	1579
632	779	1586
678	795	1593
541	158	1426
567	282	1602
528	262	1608
636	229	1344
680	425	1612
685	95	1614
690	367	1616
704	417	1623
706	375	1624
714	398	1463
559	24	1418
572	215	1639
580	222	1640
589	152	1415
639	63	1414
702	69	1654
691	136	1658
664	211	1660
730	329	1635
515	110	1665
614	510	1677
738	539	1476
744	567	1678
508	88	1417
533	56	1638
548	22	1667
564	151	1669
656	253	1703
618	508	1705
659	516	1706
811	533	1708
527	548	1709
525	564	1712
785	566	1713
787	647	1716
830	656	1718
794	668	1719
1156	207	1731
906	66	1736
119	869	1749
131	1120	1750
1025	1251	1756
950	1273	1757
847	285	1650
1033	331	1663
1086	629	1500
879	78	1761
996	478	1805
955	481	1806
1056	327	1812
1070	173	1453
1139	128	1786
1141	171	1815
1075	325	1664
1349	253	1702
1348	285	1796
1356	220	1846
1359	91	1360
1360	91	1416
1363	307	1848
1364	309	1806
1366	308	1849
1371	335	1850
1378	380	1853
1380	112	1628
1401	459	1860
1400	498	1851
1409	112	1380
1419	148	1616
1421	229	1618
1431	25	1389
1435	89	1863
1411	175	1449
1450	168	1871
1453	173	1862
1455	204	1864
1462	379	1874
1475	542	1880
1478	542	1882
1486	579	1885
1494	590	1890
1496	606	1891
1501	630	1896
1511	679	1902
1504	8	1677
1521	146	1905
1523	183	1907
1524	76	1909
1530	218	1912
1533	40	1913
1508	100	1915
1536	114	1917
1571	759	1910
1580	589	1928
1595	681	1934
1552	812	1878
1556	811	1881
1562	770	1883
1563	815	1884
1566	816	1886
1568	698	1887
1570	702	1888
1577	777	1893
1579	781	1894
1586	717	1897
1593	680	1901
1426	183	1523
1602	199	1678
1608	146	1521
1344	107	1921
1612	124	1938
1614	316	1684
1616	148	1940
1623	231	1927
1624	57	1944
1463	150	1946
1418	181	1950
1639	295	1951
1640	301	1952
1415	254	1953
1414	237	1956
1654	420	1963
1658	376	1966
1660	426	1968
1635	331	1973
1665	84	1974
1677	8	1532
1476	174	1922
1678	199	1925
1417	123	1705
1638	174	1708
1667	143	1709
1669	134	1712
1703	288	1718
1705	123	1680
1706	110	1681
1708	174	1984
1709	143	1520
1712	134	1519
1713	264	1930
1716	202	1931
1718	288	1985
1719	295	1932
1731	847	1986
1736	1021	1987
1749	879	1990
1750	1139	1991
1756	1102	1988
1757	1098	1989
1650	26	1741
1663	98	1993
1500	150	1994
1761	249	1995
1805	204	1998
1806	309	1999
1812	438	2002
1453	338	2005
1786	524	2006
1815	558	2007
1664	304	2009
34	1349	1702
207	1348	1796
275	1356	1846
238	1359	1360
211	1360	1416
432	1363	1848
481	1364	1806
376	1366	1849
458	1371	1850
457	1378	1853
423	1380	1628
161	1401	1860
351	1400	1851
320	1409	1380
367	1419	1616
412	1421	1618
394	1431	1389
475	1435	1863
337	1411	1449
499	1450	1871
468	1453	1862
476	1455	1864
459	1462	1874
718	1475	1880
813	1478	1882
769	1486	1885
816	1494	1890
695	1496	1891
754	1501	1896
799	1511	1902
510	1504	1677
705	1521	1905
719	1523	1907
535	1524	1909
725	1530	1912
770	1533	1913
699	1508	1915
781	1536	1917
115	1571	1910
255	1580	1928
322	1595	1934
534	1552	1878
539	1556	1881
568	1562	1883
575	1563	1884
579	1566	1886
585	1568	1887
590	1570	1888
616	1577	1893
623	1579	1894
632	1586	1897
678	1593	1901
541	1426	1523
567	1602	1678
528	1608	1521
636	1344	1921
680	1612	1938
685	1614	1684
690	1616	1940
704	1623	1927
706	1624	1944
714	1463	1946
559	1418	1950
572	1639	1951
580	1640	1952
589	1415	1953
639	1414	1956
702	1654	1963
691	1658	1966
664	1660	1968
730	1635	1973
515	1665	1974
614	1677	1532
738	1476	1922
744	1678	1925
508	1417	1705
533	1638	1708
548	1667	1709
564	1669	1712
656	1703	1718
618	1705	1680
659	1706	1681
811	1708	1984
527	1709	1520
525	1712	1519
785	1713	1930
787	1716	1931
830	1718	1985
794	1719	1932
1156	1731	1986
906	1736	1987
119	1749	1990
131	1750	1991
1025	1756	1988
950	1757	1989
847	1650	1741
1033	1663	1993
1086	1500	1994
879	1761	1995
996	1805	1998
955	1806	1999
1056	1812	2002
1070	1453	2005
1139	1786	2006
1141	1815	2007
1075	1664	2009
136	176	1341
31	262	1346
20	224	1351
320	421	1367
328	379	1370
47	439	1381
75	455	1382
23	459	1383
10	476	1363
416	90	1394
442	132	1402
497	334	1399
489	355	1402
498	370	1403
425	422	1408
6	376	1410
91	426	1416
88	320	1417
9	317	1353
158	352	1426
30	438	1432
315	394	1437
317	434	1438
347	452	1440
352	458	1441
54	367	1446
369	497	1460
402	503	1464
531	689	1470
540	812	1477
554	564	1480
595	828	1492
553	730	1515
134	734	1519
184	739	1478
199	753	1487
281	759	1527
256	744	1491
8	769	1532
39	587	1534
58	773	1517
65	727	1467
731	84	1545
734	185	1548
741	147	1560
752	300	1564
760	269	1568
766	121	1572
784	214	1587
806	304	1596
808	313	1597
727	314	1598
721	511	1544
710	527	1549
822	578	1567
823	575	1569
829	632	1583
716	623	1585
802	616	1595
56	555	1342
129	558	1599
249	650	1610
126	554	1617
58	720	1630
7	512	1631
32	729	1636
182	529	1419
56	540	1638
220	531	1355
262	642	1608
245	661	1361
426	678	1629
367	690	1653
406	694	1634
361	641	1615
340	718	1382
371	723	1450
88	510	1409
81	517	1666
22	543	1667
286	592	1670
29	617	1648
36	618	1672
222	666	1673
439	685	1674
82	550	1675
36	515	1514
120	585	1679
123	586	1680
110	665	1681
115	790	1682
510	614	1685
543	534	1687
592	761	1688
637	778	1692
550	799	1700
270	572	1642
63	591	1647
215	595	1639
253	645	1702
271	654	1609
564	525	1724
626	676	1725
676	673	1728
26	1127	1741
177	1244	1737
1165	287	1751
1321	950	1754
307	932	1764
334	903	1769
61	840	1436
62	1022	1780
105	872	1770
285	847	1796
609	1125	1528
1341	176	1637
1346	262	1671
1351	224	1343
1367	421	1655
1370	379	1462
1381	439	1674
1382	455	2014
1383	459	2015
1363	476	2020
1394	90	1776
1402	132	2011
1399	334	1769
1402	355	2016
1403	370	2017
1408	422	2021
1410	376	1658
1416	426	1660
1417	320	1367
1353	317	1438
1426	352	1441
1432	438	1812
1437	394	1379
1438	434	1854
1440	452	2023
1441	458	2022
1446	367	1653
1460	497	2024
1464	503	2025
1470	689	1939
1477	812	2028
1480	564	1724
1492	828	2031
1515	730	1948
1519	734	2033
1478	739	2037
1487	753	2039
1527	759	2042
1491	744	2043
1532	769	2045
1534	587	2046
1517	773	2047
1467	727	2054
1545	84	2055
1548	185	2057
1560	147	2061
1564	300	2063
1568	269	2064
1572	121	2029
1587	214	2067
1596	304	2069
1597	313	2070
1598	314	1539
1544	511	2032
1549	527	2034
1567	578	2040
1569	575	2041
1583	632	2048
1585	623	2049
1595	616	2053
1342	555	1949
1599	558	1815
1610	650	1957
1617	554	1960
1630	720	1970
1631	512	1820
1636	729	1972
1419	529	2062
1638	540	1477
1355	531	1470
1608	642	2060
1361	661	2056
1629	678	1510
1653	690	2058
1634	694	2065
1615	641	1976
1382	718	2059
1450	723	1906
1409	510	1685
1666	517	1686
1667	543	1687
1670	592	1688
1648	617	1690
1672	618	1691
1673	666	1696
1674	685	1699
1675	550	1700
1514	515	1978
1679	585	1979
1680	586	1980
1681	665	1981
1682	790	1982
1685	614	1497
1687	534	1473
1688	761	1911
1692	778	2066
1700	799	2068
1642	572	1935
1647	591	1975
1639	595	1492
1702	645	1507
1609	654	1943
1724	525	1469
1725	676	1728
1728	673	1977
1741	1127	2077
1737	1244	2079
1751	287	1992
1754	950	2078
1764	932	1996
1769	903	1997
1436	840	2001
1780	1022	2003
1770	872	2004
1796	847	1731
1528	1125	2080
76	1341	1637
202	1346	1671
106	1351	1343
123	1367	1655
23	1370	1462
314	1381	1674
340	1382	2014
353	1383	2015
307	1363	2020
438	1394	1776
489	1402	2011
353	1399	1769
442	1402	2016
449	1403	2017
480	1408	2021
136	1410	1658
211	1416	1660
123	1417	1367
117	1353	1438
183	1426	1441
327	1432	1812
69	1437	1379
117	1438	1854
178	1440	2023
183	1441	2022
155	1446	1653
168	1460	2024
89	1464	2025
5	1470	1939
174	1477	2028
25	1480	1724
295	1492	2031
48	1515	1948
525	1519	2033
542	1478	2037
579	1487	2039
608	1527	2042
590	1491	2043
614	1532	2045
629	1534	2046
630	1517	2047
511	1467	2054
516	1545	2055
711	1548	2057
555	1560	2061
790	1564	2063
698	1568	2064
815	1572	2029
653	1587	2067
729	1596	2069
720	1597	2070
679	1598	1539
547	1544	2032
735	1549	2034
759	1567	2040
761	1569	2041
775	1583	2048
777	1585	2049
681	1595	2053
137	1342	1949
171	1599	1815
285	1610	1957
313	1617	1960
315	1630	1970
304	1631	1820
325	1636	1972
148	1419	2062
174	1638	1477
5	1355	1470
146	1608	2060
107	1361	2056
124	1629	1510
155	1653	2058
247	1634	2065
5	1615	1976
75	1382	2059
168	1450	1906
112	1409	1685
84	1666	1686
143	1667	1687
121	1670	1688
229	1648	1690
232	1672	1691
300	1673	1696
314	1674	1699
316	1675	1700
517	1514	1978
617	1679	1979
618	1680	1980
659	1681	1981
666	1682	1982
112	1685	1497
143	1687	1473
121	1688	1911
231	1692	2066
316	1700	2068
92	1642	1935
262	1647	1975
295	1639	1492
34	1702	1507
217	1609	1943
25	1724	1469
45	1725	1728
45	1728	1977
847	1741	2077
1021	1737	2079
1176	1751	1992
946	1754	2078
377	1764	1996
353	1769	1997
305	1436	2001
374	1780	2003
379	1770	2004
207	1796	1731
287	1528	2080
