3.96876325e+00
3.33967332e+00
2.82087671e+00
2.34566890e+00
1.88276394e+00
1.43371496e+00
1.12329864e+00
8.55552117e-01
5.93639659e-01
4.58851507e-01
4.60661541e-01
4.94191386e-01
4.75965682e-01
3.60132482e-01
1.94985055e-01
5.73159726e-02
1.18282799e-01
1.79242290e-01
1.84064492e-01
1.44493621e-01
8.20062639e-02
2.32966560e-02
4.10069875e-02
6.74749700e-02
7.17358362e-02
5.78474257e-02
3.40480292e-02
1.03800225e-02
1.48256600e-02
2.58398955e-02
2.81804769e-02
2.31892832e-02
1.40329818e-02
4.58840330e-03
