2.54791155e+00
1.28329421e+00
5.70591820e-01
7.61344482e-01
8.92486779e-01
8.67537871e-01
7.63561910e-01
6.26898333e-01
5.42324521e-01
5.30933528e-01
5.38356702e-01
5.19982327e-01
4.71774541e-01
4.15506337e-01
3.77858339e-01
3.63792544e-01
3.58433301e-01
3.50766368e-01
3.38186732e-01
3.24804600e-01
3.13007944e-01
3.01536403e-01
2.87877058e-01
2.71151390e-01
2.52844731e-01
2.35609287e-01
2.21552228e-01
2.11275976e-01
2.04116382e-01
1.98969693e-01
1.94840709e-01
1.90906907e-01
1.86436442e-01
1.80835481e-01
1.73804363e-01
1.65448200e-01
1.56251131e-01
1.46931513e-01
1.38246486e-01
1.30807342e-01
1.24943037e-01
1.20636754e-01
1.17553729e-01
1.15154494e-01
1.12851636e-01
1.10153431e-01
1.06756474e-01
1.02579488e-01
9.77493925e-02
9.25547240e-02
8.73771442e-02
8.26073137e-02
7.85535076e-02
7.53623741e-02
7.29816558e-02
7.11860104e-02
6.96560720e-02
6.80738276e-02
6.61983504e-02
6.39065825e-02
6.12018212e-02
5.81986846e-02
5.50915797e-02
5.21104524e-02
4.94673538e-02
4.73023459e-02
4.56450757e-02
4.44096231e-02
4.34270164e-02
4.24999957e-02
4.14562444e-02
4.01842001e-02
3.86481913e-02
3.68867899e-02
3.49991013e-02
3.31218257e-02
3.13986494e-02
2.99450947e-02
2.88168267e-02
2.79937034e-02
2.73883952e-02
2.68761034e-02
2.63311971e-02
2.56568715e-02
2.48018624e-02
2.37651107e-02
2.25915418e-02
2.13613176e-02
2.01734139e-02
1.91239694e-02
1.82819404e-02
1.76689814e-02
1.72530146e-02
1.69600457e-02
1.66984398e-02
1.63840663e-02
1.59579307e-02
1.53944442e-02
1.47023153e-02
1.39204653e-02
1.31102055e-02
1.23436838e-02
1.16884163e-02
1.11896897e-02
1.08565564e-02
1.06590438e-02
1.05392447e-02
1.04302748e-02
1.02738191e-02
1.00310283e-02
9.68669940e-03
