2.4214156
2.6446751
2.5050558
2.1283199
1.6744975
1.2773536
1.1834293
1.1759859
1.044895
0.81035645
0.54415225
0.38311249
0.35171437
0.33596018
0.284238
0.20965388
0.12284986
0.030116759
0.046632973
0.1186538
0.19241587
0.25549425
0.30226539
0.33236869
0.34043965
0.33865179
0.34597922
0.36307133
0.38918983
0.42288314
0.46132046
0.502022
0.53505861
0.56498206
0.59304994
0.61487537
0.61705359
0.61208092
0.60814266
0.60856672
0.61388443
0.62407611
0.63864859
0.6567187
0.67699788
0.69504314
0.70485576
0.70896417
0.70849305
0.70846721
0.70909091
0.70776377
0.70671957
0.70867212
0.71363158
0.72122049
0.73088288
0.74122623
0.74674817
0.75187823
0.75682355
0.76069819
0.76113283
0.75899283
0.75743581
0.75715842
0.75801753
0.76045855
0.7642489
0.76906487
0.77453883
0.77907065
0.78003055
0.77817636
0.77647857
0.77543574
0.77537718
0.77617008
0.7769775
0.77822711
0.77973922
0.7819763
0.78476104
0.78749398
0.78827451
0.78881404
0.78947688
0.78934523
0.78910825
0.78921998
0.78919554
0.78942769
0.79004705
0.79107308
0.79245198
0.79405571
0.79573825
0.79703328
0.79649535
0.79524479
0.79417774
0.79348756
0.793234
0.79341091
0.79398199
0.79474201
0.79563057
0.79676919
0.7979952
0.79899778
0.79912448
