-966.5283
-966.5114
-966.52378
-966.5599
-966.60475
-966.64273
-966.66561
-966.67955
-966.69296
-966.70898
-966.72683
-966.74388
-966.75802
-966.77008
-966.78182
-966.7938
-966.80575
-966.81709
-966.82753
-966.83726
-966.84672
-966.85618
-966.86558
-966.87472
-966.88351
-966.89198
-966.90022
-966.90827
-966.91613
-966.9238
-966.93127
-966.93854
-966.94564
-966.95261
-966.95945
-966.96618
-966.97276
-966.97923
-966.98558
-966.99181
-966.99791
-967.00391
-967.0098
-967.01557
-967.02123
-967.0268
-967.03228
-967.03766
-967.04296
-967.04819
-967.05333
-967.0584
-967.0634
-967.06832
-967.07316
-967.07793
-967.08262
-967.08724
-967.0918
-967.09629
-967.10071
-967.10505
-967.10933
-967.11355
-967.11772
-967.12183
-967.12589
-967.1299
-967.13385
-967.13775
-967.1416
-967.1454
-967.14915
-967.15284
-967.15648
-967.16008
-967.16363
-967.16713
-967.1706
-967.17402
-967.1774
-967.18074
-967.18405
-967.18732
-967.19054
-967.19373
-967.19688
-967.19998
-967.20306
-967.2061
-967.2091
-967.21206
-967.21499
-967.21788
-967.22074
-967.22356
-967.22635
-967.22911
-967.23185
-967.23455
-967.23722
-967.23987
-967.24249
-967.24507
-967.24763
-967.25017
-967.25268
-967.25516
-967.25762
-967.26005
-967.26246
-967.26484
-967.26719
-967.26951
-967.2718
-967.27408
-967.27633
-967.27856
-967.28077
-967.28296
-967.28512
-967.28727
-967.28939
-967.29149
-967.29358
-967.29563
-967.29767
-967.29968
-967.30168
-967.30365
-967.30561
-967.30754
-967.30946
-967.31136
-967.31324
-967.3151
-967.31694
-967.31877
-967.32058
-967.32237
-967.32414
-967.3259
-967.32764
-967.32937
-967.33109
-967.33278
-967.33446
-967.33612
-967.33776
-967.33939
-967.341
-967.34259
-967.34417
-967.34574
-967.3473
-967.34884
-967.35037
-967.35188
-967.35338
-967.35487
-967.35634
-967.3578
-967.35925
-967.36068
-967.36209
-967.3635
-967.36489
-967.36627
-967.36764
-967.36899
-967.37034
-967.37167
-967.37299
-967.3743
-967.37559
-967.37688
-967.37815
-967.37942
-967.38067
-967.38191
-967.38314
-967.38436
-967.38557
-967.38676
-967.38795
-967.38913
-967.3903
-967.39146
-967.39261
-967.39376
-967.39489
-967.39602
-967.39713
-967.39823
-967.39932
-967.4004
-967.40148
-967.40254
-967.4036
-967.40464
-967.40568
-967.40671
-967.40773
-967.40875
-967.40976
-967.41076
-967.41175
-967.41273
-967.41371
-967.41468
-967.41563
-967.41658
-967.41752
-967.41846
-967.41939
-967.42032
-967.42124
-967.42215
-967.42305
-967.42395
-967.42484
-967.42571
-967.42658
-967.42745
-967.42831
-967.42916
-967.43001
-967.43085
-967.43169
-967.43251
-967.43333
-967.43414
-967.43494
-967.43574
-967.43652
-967.43731
-967.43809
-967.43887
-967.43964
-967.4404
-967.44115
-967.4419
-967.44265
-967.44339
-967.44412
-967.44485
-967.44557
-967.44629
-967.447
-967.44771
-967.44842
-967.44912
-967.44981
-967.4505
-967.45118
-967.45185
-967.45252
-967.45319
-967.45385
-967.4545
-967.45515
-967.45579
-967.45643
-967.45706
-967.45769
-967.45832
-967.45894
-967.45955
-967.46016
-967.46077
-967.46137
-967.46197
-967.46256
-967.46314
-967.46373
-967.46431
-967.46489
-967.46545
-967.46602
-967.46658
-967.46713
-967.46769
-967.46823
-967.46878
-967.46931
-967.46984
-967.47037
-967.47089
-967.47141
-967.47193
-967.47244
-967.47295
-967.47346
-967.47397
-967.47447
-967.47497
-967.47546
-967.47594
-967.47642
-967.4769
-967.47738
-967.47786
-967.47833
-967.4788
-967.47926
-967.47972
-967.48018
-967.48063
-967.48109
-967.48153
-967.48198
-967.48242
-967.48286
-967.4833
-967.48373
-967.48417
-967.48459
-967.48502
-967.48544
-967.48586
-967.48628
-967.48669
-967.48709
-967.4875
-967.4879
-967.4883
-967.4887
-967.48909
-967.48948
-967.48987
-967.49026
-967.49065
-967.49103
-967.49141
-967.49179
-967.49216
-967.49254
-967.4929
-967.49327
-967.49364
-967.494
-967.49436
-967.49472
-967.49507
-967.49543
-967.49578
-967.49613
-967.49647
-967.49681
-967.49716
-967.4975
-967.49783
-967.49817
-967.4985
-967.49883
-967.49916
-967.49948
-967.4998
-967.50012
-967.50044
-967.50076
-967.50108
-967.50139
-967.5017
-967.50201
-967.50232
-967.50263
-967.50293
-967.50323
-967.50353
-967.50383
-967.50413
-967.50442
-967.50471
-967.505
-967.50529
-967.50558
-967.50586
-967.50614
-967.50643
-967.50671
-967.50698
-967.50726
-967.50754
-967.50781
-967.50808
-967.50835
-967.50862
-967.50888
-967.50915
-967.50941
-967.50967
-967.50992
-967.51018
-967.51043
-967.51069
-967.51094
-967.51119
-967.51144
-967.51169
-967.51194
-967.51218
-967.51243
-967.51267
-967.51291
-967.51315
-967.51338
-967.51362
-967.51385
-967.51408
-967.51432
-967.51455
-967.51478
-967.515
-967.51523
-967.51545
-967.51568
-967.5159
-967.51612
-967.51633
-967.51655
-967.51677
-967.51698
-967.5172
-967.51741
-967.51762
-967.51783
-967.51804
-967.51825
-967.51845
-967.51866
-967.51886
-967.51906
-967.51926
-967.51946
-967.51966
-967.51986
-967.52005
-967.52025
-967.52044
-967.52063
-967.52082
-967.52101
-967.5212
-967.52139
-967.52158
-967.52177
-967.52195
-967.52214
-967.52232
-967.5225
-967.52269
-967.52287
-967.52304
-967.52322
-967.5234
-967.52358
-967.52375
-967.52392
-967.5241
-967.52427
-967.52443
-967.5246
-967.52477
-967.52494
-967.5251
-967.52527
-967.52543
-967.5256
-967.52577
-967.52593
-967.52609
-967.52625
-967.52641
-967.52656
-967.52672
-967.52688
-967.52703
-967.52718
-967.52734
-967.52749
-967.52764
-967.52779
-967.52794
-967.52809
-967.52824
-967.52839
-967.52853
-967.52867
-967.52882
-967.52896
-967.52911
-967.52925
-967.52939
-967.52953
-967.52967
-967.52981
-967.52995
-967.53008
-967.53022
-967.53036
-967.53049
-967.53063
-967.53076
-967.53089
-967.53102
-967.53116
-967.53129
-967.53142
-967.53154
-967.53167
-967.5318
-967.53192
-967.53205
-967.53218
-967.5323
-967.53243
-967.53255
-967.53268
-967.5328
-967.53292
-967.53304
-967.53316
-967.53328
-967.5334
-967.53352
-967.53363
-967.53375
-967.53386
-967.53398
-967.53409
-967.53421
-967.53432
-967.53443
-967.53454
-967.53465
-967.53477
-967.53488
-967.53499
-967.5351
-967.53521
-967.53531
-967.53542
-967.53553
-967.53563
-967.53574
-967.53584
-967.53594
-967.53605
-967.53615
-967.53625
-967.53635
-967.53645
-967.53655
-967.53665
-967.53675
-967.53685
-967.53695
-967.53705
-967.53715
-967.53724
-967.53734
-967.53744
-967.53753
-967.53763
-967.53772
-967.53782
-967.53791
-967.538
-967.5381
-967.53819
-967.53828
-967.53837
-967.53846
-967.53855
-967.53864
-967.53873
-967.53882
-967.5389
-967.53899
-967.53908
-967.53916
-967.53925
-967.53933
-967.53942
-967.53951
-967.53959
-967.53967
-967.53976
-967.53984
-967.53992
-967.54
-967.54009
-967.54017
-967.54025
-967.54033
-967.54041
-967.54049
-967.54057
-967.54065
-967.54073
-967.5408
-967.54088
-967.54096
-967.54103
-967.54111
-967.54119
-967.54127
-967.54134
-967.54142
-967.54149
-967.54157
-967.54164
-967.54171
-967.54178
-967.54185
-967.54193
-967.542
-967.54207
-967.54214
-967.54221
-967.54228
-967.54235
-967.54242
-967.54249
-967.54256
-967.54263
-967.5427
-967.54277
-967.54284
-967.5429
-967.54297
-967.54304
-967.5431
-967.54317
-967.54323
-967.5433
-967.54337
-967.54343
-967.54349
-967.54356
-967.54362
-967.54369
-967.54375
-967.54381
-967.54387
-967.54393
-967.544
-967.54406
-967.54412
-967.54418
-967.54424
-967.5443
-967.54436
-967.54442
-967.54448
-967.54454
-967.5446
-967.54466
-967.54471
-967.54477
-967.54483
-967.54488
-967.54494
-967.545
-967.54505
-967.54511
-967.54517
-967.54522
-967.54528
-967.54533
-967.54539
-967.54544
-967.5455
-967.54555
-967.54561
-967.54566
-967.54572
-967.54577
-967.54582
-967.54587
-967.54593
-967.54598
-967.54603
-967.54608
-967.54613
-967.54618
-967.54623
-967.54629
-967.54634
-967.54639
-967.54644
