2.62933578e+00
1.72312121e+00
1.26358098e+00
9.73613022e-01
7.72642236e-01
6.24393540e-01
5.12891751e-01
4.28289955e-01
3.61576116e-01
3.07966586e-01
2.64204860e-01
2.28133936e-01
1.98110948e-01
1.72966082e-01
1.51732844e-01
1.33619973e-01
1.17998723e-01
1.04456681e-01
9.26608039e-02
8.22919528e-02
7.32490248e-02
6.54140746e-02
5.86046114e-02
5.26270463e-02
4.73252591e-02
4.25912707e-02
3.83658941e-02
3.46039131e-02
3.12620476e-02
2.82917237e-02
2.56425292e-02
2.32684838e-02
2.11334229e-02
1.92090002e-02
1.74734938e-02
1.59083935e-02
1.44962211e-02
1.32198513e-02
1.20648516e-02
1.10180401e-02
1.00680399e-02
9.20508508e-03
