22	53	74
50	22	67
50	12	71
36	88	123
83	35	109
88	8	112
95	13	96
65	14	98
12	50	103
41	7	84
77	20	106
80	29	107
84	36	110
37	82	108
41	84	110
81	36	84
90	8	88
20	78	119
7	81	84
29	85	120
36	90	88
1	125	170
13	131	127
17	131	128
25	134	185
71	139	190
67	143	189
63	146	162
18	148	182
14	130	163
59	158	184
5	160	191
57	168	169
130	14	167
131	17	171
131	13	149
134	56	174
143	74	174
146	76	176
148	24	155
160	59	184
127	171	32
128	149	33
185	174	74
189	174	56
184	183	75
191	184	75
171	127	131
149	128	131
174	185	134
174	189	143
183	184	158
184	191	160
46	17	128
22	74	143
31	76	146
61	33	149
70	54	155
98	14	163
82	37	167
78	1	170
67	22	143
74	53	140
13	61	149
11	77	147
14	82	167
99	117	169
76	6	136
56	11	147
126	11	151
136	48	176
25	126	151
76	136	176
56	147	137
59	154	158
71	49	139
11	56	151
18	51	148
22	50	154
50	71	157
129	32	171
144	24	181
139	49	186
151	56	134
148	51	156
154	50	157
157	71	190
159	73	192
17	129	171
56	137	189
74	140	185
25	151	134
24	148	156
24	156	193
27	157	190
46	196	290
42	196	289
3	197	264
53	199	256
40	202	240
26	207	285
39	210	283
43	215	286
79	207	292
79	206	293
92	215	295
93	221	298
100	228	259
121	230	301
82	233	242
124	234	291
106	224	293
102	227	294
107	229	296
108	230	297
110	232	299
115	234	300
105	235	257
8	199	208
52	241	246
52	246	302
86	250	287
96	252	288
34	222	301
170	255	303
196	42	265
196	46	261
197	19	200
199	8	266
201	22	263
202	31	262
207	79	267
215	92	270
207	26	260
206	28	274
215	43	276
210	39	277
221	44	278
227	102	279
228	111	275
230	108	280
233	96	253
234	115	281
224	119	267
229	120	269
230	121	270
232	123	271
234	124	272
235	118	273
199	53	282
241	39	283
246	101	284
250	43	286
252	45	281
222	86	287
255	152	254
290	265	4
289	261	33
264	200	38
256	266	69
240	262	63
285	267	119
286	270	121
292	260	104
293	274	106
295	276	111
296	277	107
298	278	109
259	275	5
301	280	34
242	253	34
291	281	45
293	267	79
297	270	92
299	271	94
300	272	86
257	273	99
208	282	83
246	283	101
302	284	118
218	250	86
216	251	93
287	286	121
288	281	115
301	287	121
303	254	26
265	290	196
261	289	196
200	264	197
266	256	199
262	240	202
267	285	207
270	286	215
260	292	207
274	293	206
276	295	215
277	296	210
278	298	221
275	259	228
280	301	230
253	242	233
281	291	234
267	293	224
270	297	230
271	299	232
272	300	234
273	257	235
282	208	199
283	246	241
284	302	246
250	218	247
251	216	247
286	287	250
281	288	252
287	301	222
254	303	255
58	38	200
61	16	195
103	28	206
112	8	208
122	35	209
114	94	217
12	103	223
20	119	224
29	120	229
35	122	231
36	123	232
83	109	225
87	111	226
95	96	233
102	40	240
117	99	219
114	93	251
114	44	221
166	26	254
125	152	255
127	45	248
140	53	256
161	105	257
160	87	258
165	100	259
166	104	260
147	77	244
127	32	238
128	33	261
146	63	262
160	5	220
154	59	263
150	39	241
19	58	200
33	61	195
79	103	206
83	112	208
87	122	209
92	100	212
94	113	213
44	114	217
104	12	223
106	20	224
107	29	229
109	35	231
110	36	232
112	83	225
122	87	226
82	95	233
63	102	240
9	117	219
8	90	203
93	114	221
170	125	255
13	127	248
99	161	257
59	160	258
5	165	259
26	166	260
45	127	238
46	128	261
31	146	262
87	160	220
22	154	263
53	22	201
120	40	214
118	9	219
111	87	220
102	63	237
108	82	242
96	13	248
119	78	249
115	34	253
194	3	264
198	31	202
217	94	271
218	86	272
219	99	273
220	5	275
225	109	278
226	111	276
237	9	279
242	34	280
248	45	252
249	26	285
253	96	288
38	194	264
40	198	202
53	201	236
120	214	269
123	217	271
118	219	273
111	220	275
44	225	278
43	226	276
102	237	279
108	242	280
96	248	252
119	249	285
115	253	288
16	42	195
38	58	203
58	69	205
40	102	214
37	108	212
41	110	213
34	115	222
103	79	223
100	92	228
35	83	236
32	91	238
9	118	243
77	106	244
80	107	245
78	170	249
195	42	289
203	58	205
205	69	266
211	124	291
214	102	294
212	108	297
213	110	299
222	115	300
235	52	302
223	79	292
228	92	295
231	93	298
236	83	282
238	91	211
204	80	245
243	118	284
244	106	274
245	107	277
249	170	303
33	195	289
8	203	205
8	205	266
45	211	291
92	212	297
94	213	299
86	222	300
118	235	302
104	223	292
111	228	295
109	231	298
53	236	282
45	238	211
28	244	274
39	245	277
26	249	303
10	307	432
64	309	481
51	310	395
6	308	376
91	318	482
97	319	483
123	320	421
124	321	422
113	322	436
117	323	375
113	321	482
116	323	483
30	324	438
73	326	440
14	314	316
23	328	379
2	332	484
23	334	345
27	335	458
21	336	466
55	339	486
68	342	470
62	343	487
66	344	488
23	345	452
132	339	489
135	336	491
139	348	492
145	349	494
141	340	495
130	334	497
153	351	498
168	353	499
180	356	500
188	359	488
187	364	485
166	368	502
172	355	489
175	356	490
165	361	493
181	363	494
172	364	495
182	368	496
164	370	498
60	372	462
68	377	342
48	319	501
37	380	457
73	328	389
49	382	391
150	387	469
73	389	456
28	393	467
69	394	420
21	387	400
101	403	430
227	403	504
296	412	503
258	413	505
60	307	478
122	415	479
39	383	429
124	422	425
307	60	377
309	61	431
310	10	432
308	47	433
318	41	414
319	48	435
320	112	423
321	113	436
322	114	418
323	116	437
321	124	426
323	117	434
324	38	416
326	52	427
314	47	439
328	73	440
332	40	333
334	130	441
335	132	442
336	135	443
339	132	444
342	145	446
343	141	447
344	142	448
345	153	449
339	55	450
336	21	451
348	66	453
349	72	454
340	75	455
334	23	353
351	37	457
353	23	459
356	175	460
359	179	453
364	172	450
368	182	461
355	183	442
356	180	443
361	191	445
363	193	446
364	187	447
368	166	419
370	178	449
372	72	349
377	60	462
319	97	463
380	100	464
328	23	347
382	70	465
387	21	384
389	133	468
393	67	396
394	25	397
387	150	471
403	227	472
403	101	474
412	269	475
413	209	473
307	10	476
415	43	477
383	60	478
422	15	480
432	377	68
481	431	47
395	432	68
376	433	65
482	414	113
483	435	116
421	423	44
422	436	15
436	418	15
375	437	57
482	426	91
483	434	97
438	416	90
440	427	105
316	439	95
379	440	105
484	333	85
345	441	153
458	442	183
466	443	180
486	444	188
470	446	193
487	447	187
488	448	188
452	449	178
489	450	172
491	451	177
492	453	179
494	454	181
495	455	172
497	353	168
498	457	164
499	459	161
500	460	72
488	453	66
485	450	55
502	461	54
489	442	132
490	443	135
493	445	141
494	446	145
495	447	141
496	419	152
498	449	153
462	349	145
342	462	145
501	463	162
457	464	164
389	347	133
391	465	144
469	384	138
456	468	173
467	396	137
420	397	140
400	471	159
430	472	243
504	474	268
503	475	89
505	473	239
478	476	204
479	477	216
429	478	204
425	480	218
377	432	307
431	481	309
432	395	310
433	376	308
414	482	318
435	483	319
423	421	320
436	422	321
418	436	322
437	375	323
426	482	321
434	483	323
416	438	324
427	440	326
439	316	314
440	379	328
333	484	332
441	345	334
442	458	335
443	466	336
444	486	339
446	470	342
447	487	343
448	488	344
449	452	345
450	489	339
451	491	336
453	492	348
454	494	349
455	495	340
353	497	334
457	498	351
459	499	353
460	500	356
453	488	359
450	485	364
461	502	368
442	489	355
443	490	356
445	493	361
446	494	363
447	495	364
419	496	368
449	498	370
349	462	372
462	342	377
463	501	319
464	457	380
347	389	328
465	391	382
384	469	387
468	456	389
396	467	393
397	420	394
471	400	387
472	430	403
474	504	403
475	503	412
473	505	413
476	478	307
477	479	415
478	429	383
480	425	422
71	12	306
16	61	309
70	12	312
82	14	316
88	112	320
94	114	322
103	50	311
81	30	327
120	85	333
186	49	337
192	73	341
179	132	335
177	142	344
66	186	357
27	190	360
5	191	361
24	193	363
57	163	369
62	178	370
99	169	371
133	178	358
142	177	362
146	176	366
148	155	367
136	65	329
169	117	375
136	6	376
155	24	378
163	57	330
165	62	374
126	25	313
175	49	391
129	7	304
159	52	326
189	137	396
185	140	397
186	66	348
157	27	388
192	21	400
268	210	402
250	247	406
251	247	405
9	243	410
89	294	411
87	209	413
201	263	408
210	268	409
229	269	412
212	100	380
213	113	414
237	97	317
203	90	416
237	63	373
251	15	418
254	152	419
256	69	420
244	28	386
241	52	398
194	38	324
198	40	332
217	123	421
225	44	423
226	43	415
236	201	401
272	124	425
211	91	426
235	105	427
231	122	417
294	89	424
245	39	429
284	101	430
49	71	306
64	16	309
54	70	312
95	82	316
123	88	320
113	94	322
28	103	311
36	81	327
40	120	333
135	186	337
142	192	341
27	179	335
66	177	344
177	66	357
179	27	360
165	5	361
181	24	363
168	57	369
164	62	370
161	99	371
187	133	358
192	142	362
162	146	366
182	148	367
48	136	329
57	169	375
65	136	376
70	155	378
98	163	330
100	165	374
19	126	313
144	175	391
32	129	304
73	159	326
67	189	396
25	185	397
139	186	348
154	157	388
159	192	400
89	268	402
43	250	406
15	251	405
279	9	410
268	89	411
258	87	413
239	201	408
283	210	409
296	229	412
37	212	380
41	213	414
9	237	317
38	203	416
97	237	373
114	251	418
166	254	419
140	256	420
147	244	386
150	241	398
30	194	324
2	198	332
44	217	421
112	225	423
122	226	415
35	236	401
218	272	425
124	211	426
52	235	427
93	231	417
214	294	424
204	245	429
243	284	430
61	13	305
58	19	313
69	58	315
117	9	317
91	32	325
90	36	327
116	98	330
191	75	340
152	125	346
178	133	347
173	142	341
183	158	352
75	183	355
21	192	362
130	167	354
132	179	359
142	173	365
180	138	384
175	144	385
137	147	386
158	154	388
138	60	392
156	51	395
193	156	399
209	35	404
101	283	409
227	279	410
216	93	417
269	214	424
305	47	431
313	25	315
315	25	394
317	97	434
325	41	318
327	30	438
330	57	437
340	141	445
346	18	350
347	23	452
341	73	456
352	27	458
355	172	455
362	177	451
354	153	441
359	188	444
365	188	448
384	21	466
385	72	460
386	28	467
388	27	352
392	150	469
395	68	399
399	68	470
404	239	473
409	268	474
410	243	472
417	122	479
424	89	475
61	305	431
58	313	315
69	315	394
117	317	434
91	325	318
90	327	438
116	330	437
191	340	445
152	346	350
178	347	452
173	341	456
183	352	458
75	355	455
21	362	451
130	354	441
132	359	444
142	365	448
180	384	466
175	385	460
137	386	467
158	388	352
138	392	469
156	395	399
193	399	470
209	404	473
101	409	474
227	410	472
216	417	479
269	424	475
7	41	304
6	64	308
12	70	306
50	67	311
14	65	314
12	104	312
13	95	305
65	98	329
98	116	331
133	187	338
49	175	337
62	165	343
18	182	350
167	37	354
178	62	358
173	55	365
176	48	366
155	54	367
186	135	357
190	139	360
163	130	369
169	168	371
63	162	373
62	164	374
105	161	379
104	166	381
60	138	372
39	150	383
55	173	338
138	180	390
24	144	378
52	159	398
144	181	385
201	239	401
210	296	402
247	218	405
247	216	406
59	258	407
263	59	408
294	227	411
80	204	428
304	41	325
308	64	481
306	70	382
311	67	393
314	65	433
312	104	381
305	95	439
329	98	331
331	116	435
338	187	485
337	175	490
343	165	493
350	182	496
354	37	351
358	62	487
365	55	486
366	48	501
367	54	461
357	135	491
360	139	492
369	130	497
371	168	499
373	162	463
374	164	464
379	161	459
381	166	502
372	138	390
383	150	392
338	173	468
390	180	500
378	144	465
398	159	471
385	181	454
401	239	404
402	296	503
405	218	480
406	216	477
407	258	505
408	59	407
411	227	504
428	204	476
32	304	325
47	308	481
49	306	382
28	311	393
47	314	433
54	312	381
47	305	439
48	329	331
48	331	435
55	338	485
135	337	490
141	343	493
152	350	496
153	354	351
187	358	487
188	365	486
162	366	501
182	367	461
177	357	491
179	360	492
168	369	497
161	371	499
97	373	463
100	374	464
23	379	459
54	381	502
72	372	390
60	383	392
133	338	468
72	390	500
70	378	465
150	398	471
72	385	454
35	401	404
89	402	503
15	405	480
43	406	477
239	407	505
239	408	407
268	411	504
10	428	476
