5.93708289e-01
4.72597697e-01
4.10594242e-01
3.89254550e-01
3.78621033e-01
3.64305091e-01
3.46692282e-01
3.28904229e-01
3.13389442e-01
3.00674130e-01
2.89914878e-01
2.80156289e-01
2.70868532e-01
2.62027307e-01
2.53825585e-01
2.46263870e-01
2.39259718e-01
2.32597723e-01
2.26192227e-01
2.20118704e-01
2.14392518e-01
2.08949049e-01
2.03746015e-01
1.98778968e-01
1.93986164e-01
1.89366801e-01
1.84907937e-01
1.80590157e-01
1.76415816e-01
1.72385964e-01
1.68524798e-01
1.64842024e-01
1.61263364e-01
1.57777192e-01
1.54423859e-01
1.51173686e-01
1.47987196e-01
1.44843228e-01
1.41786069e-01
1.38834050e-01
1.36023052e-01
1.33346631e-01
1.30776123e-01
1.28279623e-01
1.25844014e-01
1.23477067e-01
1.21149852e-01
1.18883443e-01
1.16712906e-01
1.14635494e-01
1.12634475e-01
1.10672386e-01
1.08749927e-01
1.06846799e-01
1.04992613e-01
1.03200862e-01
1.01435654e-01
9.97098276e-02
9.80329497e-02
9.64100785e-02
9.48267082e-02
9.32951079e-02
9.18223547e-02
9.03932652e-02
8.89842860e-02
8.75835166e-02
8.61813761e-02
8.47969723e-02
8.34465972e-02
8.21333984e-02
8.08286501e-02
7.95244138e-02
7.82523449e-02
7.69976883e-02
7.57686152e-02
7.45596420e-02
7.33743693e-02
7.22001190e-02
7.10403251e-02
6.99358723e-02
6.89013521e-02
6.79194003e-02
6.69645142e-02
6.60248538e-02
6.50879069e-02
6.41721423e-02
6.32859066e-02
6.24193740e-02
6.15748213e-02
6.07515155e-02
5.99373499e-02
5.91320922e-02
5.83206158e-02
5.75049056e-02
5.67058916e-02
5.59497941e-02
5.52034156e-02
5.44789519e-02
5.37820285e-02
5.31077005e-02
5.24426950e-02
5.17763992e-02
5.11144090e-02
5.04732292e-02
4.98544944e-02
4.92523069e-02
4.86655172e-02
4.80887629e-02
4.75220865e-02
4.69676562e-02
4.64227316e-02
4.58840062e-02
4.53500840e-02
4.48113473e-02
4.42761008e-02
4.37486867e-02
4.32402750e-02
4.27525700e-02
4.22796867e-02
4.18136314e-02
4.13499991e-02
4.08904736e-02
4.04396102e-02
3.99971796e-02
3.95636464e-02
3.91374661e-02
3.87142228e-02
3.82937843e-02
3.78795275e-02
3.74728211e-02
3.70506862e-02
3.66238617e-02
3.62124220e-02
3.58147043e-02
3.54290114e-02
3.50506100e-02
3.46771140e-02
3.43098155e-02
3.39499477e-02
3.35834477e-02
3.32110085e-02
3.28393332e-02
3.24794136e-02
3.21299403e-02
3.17858836e-02
3.14522529e-02
3.11279544e-02
3.08101137e-02
3.04953103e-02
3.01841037e-02
2.98782791e-02
2.95783140e-02
2.92829763e-02
2.89915259e-02
2.86958505e-02
2.84007695e-02
2.81116858e-02
2.78321878e-02
2.75614547e-02
2.72879055e-02
2.70156461e-02
2.67476334e-02
2.64858243e-02
2.62295926e-02
2.59713696e-02
2.57071695e-02
2.54328957e-02
2.51639476e-02
2.49042580e-02
2.46519784e-02
2.44026373e-02
2.41539535e-02
2.39106693e-02
2.36710288e-02
2.34374867e-02
2.31981593e-02
2.29592303e-02
2.27280506e-02
2.25036201e-02
2.22833618e-02
2.20407545e-02
2.17715005e-02
2.15181498e-02
2.12990921e-02
2.11055574e-02
2.09186227e-02
2.07257191e-02
2.05264264e-02
2.03270472e-02
2.01333427e-02
1.99467427e-02
1.97640142e-02
1.95826299e-02
1.94027147e-02
1.92249986e-02
1.90499527e-02
1.88759228e-02
1.87031551e-02
1.85104022e-02
1.83137370e-02
1.81286329e-02
1.79601342e-02
1.78037499e-02
1.76513797e-02
1.74956045e-02
1.73338477e-02
1.71700298e-02
1.70091662e-02
1.68544606e-02
1.67058200e-02
1.65609268e-02
1.64106756e-02
1.62551386e-02
1.61023112e-02
1.59554054e-02
1.58137340e-02
1.56754657e-02
1.55388143e-02
1.54030551e-02
1.52680655e-02
1.51316063e-02
1.49958772e-02
1.48631012e-02
1.47337042e-02
1.46068762e-02
1.44807456e-02
1.43539234e-02
1.42242289e-02
1.40957070e-02
1.39715138e-02
1.38502293e-02
1.37306531e-02
1.36124517e-02
1.34956262e-02
1.33799919e-02
1.32656475e-02
1.31525073e-02
1.30371771e-02
1.29222802e-02
1.28099931e-02
1.27010015e-02
1.25946684e-02
1.24897555e-02
1.23852155e-02
1.22808252e-02
1.21769713e-02
1.20741627e-02
1.19726810e-02
1.18724728e-02
1.17733032e-02
1.16750188e-02
1.15775301e-02
1.14808165e-02
1.13849049e-02
1.12787815e-02
1.11691650e-02
1.10660661e-02
1.09720082e-02
1.08835406e-02
1.07960755e-02
1.07073280e-02
1.06176831e-02
1.05285639e-02
1.04408675e-02
1.03549184e-02
1.02703828e-02
1.01860362e-02
1.01021164e-02
1.00182432e-02
9.93460494e-03
