1.37327630e+00
8.87944988e-01
5.38161438e-01
5.09094378e-01
5.84949442e-01
6.10666273e-01
5.75526873e-01
5.05418923e-01
4.32830429e-01
3.79539268e-01
3.46698092e-01
3.22507331e-01
2.98517993e-01
2.75067975e-01
2.55500002e-01
2.39840199e-01
2.25004292e-01
2.08989005e-01
1.92385946e-01
1.77640063e-01
1.66556105e-01
1.58803589e-01
1.52527764e-01
1.45954005e-01
1.38712740e-01
1.31451749e-01
1.25010893e-01
1.19699278e-01
1.15243186e-01
1.11204854e-01
1.07292238e-01
1.03269853e-01
9.93242100e-02
9.56924664e-02
9.24358260e-02
8.93878440e-02
8.65171389e-02
8.38281692e-02
8.13450239e-02
7.90256395e-02
7.68074049e-02
7.46501568e-02
7.25585692e-02
7.05485630e-02
6.86363531e-02
6.68354488e-02
6.51344109e-02
6.35143434e-02
6.19637881e-02
6.04765565e-02
5.90441973e-02
5.76646166e-02
5.63498557e-02
5.50996792e-02
5.39173994e-02
5.27962874e-02
5.17226618e-02
5.06903723e-02
4.97014977e-02
4.87582871e-02
4.78578977e-02
4.69962316e-02
4.61607881e-02
4.53494532e-02
4.45657130e-02
4.38100161e-02
4.30814344e-02
4.23802888e-02
4.17040510e-02
4.10492664e-02
4.04164397e-02
3.98056419e-02
3.92138595e-02
3.86361744e-02
3.80741173e-02
3.75283803e-02
3.70003147e-02
3.64845309e-02
3.59823911e-02
3.54941155e-02
3.50203211e-02
3.45547145e-02
3.40980812e-02
3.36542811e-02
3.32229661e-02
3.27986853e-02
3.23847195e-02
3.19812561e-02
3.15883465e-02
3.12064739e-02
3.08341666e-02
3.04671736e-02
3.01068868e-02
2.97528717e-02
2.94049940e-02
2.90658730e-02
2.87361051e-02
2.84152641e-02
2.81020339e-02
2.77947261e-02
2.74917824e-02
2.71909800e-02
2.68967503e-02
2.66110903e-02
2.63332915e-02
2.60602320e-02
2.57929943e-02
2.55308440e-02
2.52730433e-02
2.50181961e-02
2.47672410e-02
2.45212429e-02
2.42817021e-02
2.40450227e-02
2.38104185e-02
2.35799015e-02
2.33545244e-02
2.31354378e-02
2.29203114e-02
2.27060753e-02
2.24941785e-02
2.22866030e-02
2.20807966e-02
2.18795982e-02
2.16794085e-02
2.14796509e-02
2.12841218e-02
2.10968660e-02
2.09167256e-02
2.07417194e-02
2.05655782e-02
2.03860452e-02
2.02070608e-02
2.00314202e-02
1.98575120e-02
1.96860482e-02
1.95173035e-02
1.93535731e-02
1.91966925e-02
1.90466680e-02
1.89000076e-02
1.87524352e-02
1.86046378e-02
1.84597016e-02
1.83177708e-02
1.81779558e-02
1.80363770e-02
1.78973503e-02
1.77647193e-02
1.76380778e-02
1.75155760e-02
1.73951926e-02
1.72764720e-02
1.71587927e-02
1.70419239e-02
1.69261911e-02
1.68125403e-02
1.67011432e-02
1.65928827e-02
1.64872220e-02
1.63839787e-02
1.62821710e-02
1.61812954e-02
1.60819786e-02
1.59848262e-02
1.58893018e-02
1.57955121e-02
1.57033843e-02
1.56126886e-02
1.55220449e-02
1.54300189e-02
1.53386508e-02
1.52504156e-02
1.51643025e-02
1.50790560e-02
1.49954516e-02
1.49134328e-02
1.48320189e-02
1.47518982e-02
1.46735849e-02
1.45967961e-02
1.45213889e-02
1.44470766e-02
1.43738499e-02
1.43018869e-02
1.42304734e-02
1.41599332e-02
1.40875947e-02
1.40135872e-02
1.39402280e-02
1.38686506e-02
1.38001033e-02
1.37346870e-02
1.36713031e-02
1.36082220e-02
1.35443675e-02
1.34807502e-02
1.34184129e-02
1.33577320e-02
1.32977362e-02
1.32369109e-02
1.31760574e-02
1.31166635e-02
1.30586325e-02
1.30018988e-02
1.29462564e-02
1.28911429e-02
1.28359154e-02
1.27787908e-02
1.27215290e-02
1.26654613e-02
1.26088209e-02
1.25462549e-02
1.24835238e-02
1.24261211e-02
1.23734002e-02
1.23236569e-02
1.22732712e-02
1.22193673e-02
1.21633094e-02
1.21052557e-02
1.20459974e-02
1.19896579e-02
1.19397278e-02
1.18951205e-02
1.18521328e-02
1.18082504e-02
1.17632964e-02
1.17183837e-02
1.16740208e-02
1.16305583e-02
1.15873970e-02
1.15432893e-02
1.14993659e-02
1.14570881e-02
1.14166487e-02
1.13769089e-02
1.13371581e-02
1.12964676e-02
1.12556853e-02
1.12162488e-02
1.11779831e-02
1.11372990e-02
1.10963431e-02
1.10572448e-02
1.10202970e-02
1.09847345e-02
1.09496396e-02
1.09144447e-02
1.08791448e-02
1.08442403e-02
1.08097955e-02
1.07755498e-02
1.07387605e-02
1.07019044e-02
1.06668501e-02
1.06330536e-02
1.05990574e-02
1.05622090e-02
1.05243011e-02
1.04882150e-02
1.04549020e-02
1.04234844e-02
1.03925743e-02
1.03616047e-02
1.03302975e-02
1.02977130e-02
1.02648267e-02
1.02327517e-02
1.02014036e-02
1.01704166e-02
1.01403262e-02
1.01112011e-02
1.00825221e-02
1.00538194e-02
1.00243738e-02
9.99398298e-03
