-0.43581986
-0.22131057
-0.23945199
-0.43196164
-0.7098042
-0.9927872
-1.1892484
-1.2476071
-1.2690568
-1.311194
-1.3807636
-1.4612578
-1.5326509
-1.5884126
-1.6352756
-1.6778318
-1.7119749
-1.737132
-1.7521865
-1.7665042
-1.7848717
-1.8081232
-1.8333355
-1.8542116
-1.8636381
-1.8707463
-1.8795513
-1.8903238
-1.9018706
-1.9118977
-1.91945
-1.9254296
-1.9311034
-1.9369411
-1.9426379
-1.9471027
-1.9510222
-1.9551938
-1.9598057
-1.9645907
-1.969207
-1.9732445
-1.9760555
-1.9783676
-1.9807185
-1.9832528
-1.9858714
-1.9884614
-1.990835
-1.9929367
-1.9948336
-1.9965431
-1.9981814
-1.9998134
-2.0014252
-2.0029903
-2.0044828
-2.0059052
-2.0072955
-2.0086626
-2.0100132
-2.011347
-2.0126172
-2.0138369
-2.0150033
-2.0161085
-2.0171242
-2.0180817
-2.0190043
-2.0198863
-2.0207334
-2.0215513
-2.0223257
-2.0230585
-2.0237717
-2.0244676
-2.0251639
-2.0258489
-2.0265357
-2.0272165
-2.027888
-2.0285306
-2.0291527
-2.0297607
-2.0303533
-2.0309229
-2.0314907
-2.0320537
-2.0325945
-2.0331231
-2.0336403
-2.0341339
-2.0346124
-2.0350681
-2.0354971
-2.0359135
-2.0363276
-2.0367445
-2.0371595
-2.0375704
-2.0379719
-2.0383566
-2.038735
-2.0391076
-2.0394705
-2.0398196
-2.0401704
-2.0405161
-2.0408545
-2.0411817
-2.0415081
-2.0418304
-2.04215
-2.0424552
-2.0427508
-2.043038
-2.0433155
-2.0435905
-2.0438595
-2.0441173
-2.0443685
-2.0446144
-2.04485
-2.0450833
-2.0453012
-2.0455142
-2.0457361
-2.0459708
-2.0462076
-2.0464466
-2.0466749
-2.0468872
-2.0470894
-2.047284
-2.0474691
-2.0476528
-2.0478335
-2.0480179
-2.0482117
-2.0484159
-2.0486182
-2.0488103
-2.0489996
-2.0491877
-2.049364
-2.0495336
-2.0496911
-2.0498505
-2.0500118
-2.0501725
-2.050335
-2.0504988
-2.0506636
-2.0508219
-2.0509737
-2.0511232
-2.0512723
-2.051418
-2.0515662
-2.0517141
-2.051862
-2.0520046
-2.052142
-2.0522752
-2.0524052
-2.0525332
-2.0526615
-2.0527905
-2.0529179
-2.053041
-2.0531587
-2.0532783
-2.0534004
-2.0535179
-2.0536328
-2.0537497
-2.0538676
-2.0539812
-2.0540966
-2.054213
-2.0543256
-2.0544361
-2.0545453
-2.0546548
-2.054765
-2.0548702
-2.0549752
-2.0550706
-2.0551576
-2.0552419
-2.0553269
-2.0554172
-2.0555144
-2.0556166
-2.0557217
-2.0558266
-2.0559297
-2.0560282
-2.0561221
-2.0562094
-2.0562914
-2.0563748
-2.056461
-2.0565455
-2.0566318
-2.0567214
-2.0568096
-2.0568936
-2.0569711
-2.0570475
-2.0571239
-2.0571975
-2.0572685
-2.0573403
-2.0574158
-2.0574933
-2.0575729
-2.0576519
-2.0577257
-2.0577922
-2.0578579
-2.0579242
-2.0579929
-2.0580681
-2.0581498
-2.0582328
-2.0583168
-2.0583999
-2.0584777
-2.0585517
-2.0586221
-2.058688
-2.0587488
-2.0588108
-2.0588774
-2.0589473
-2.0590176
-2.0590864
-2.059149
-2.0592098
-2.0592734
-2.0593369
-2.0593941
-2.0594538
-2.0595174
-2.059582
-2.0596494
-2.0597191
-2.0597864
-2.0598497
-2.0599116
-2.0599729
-2.0600323
-2.0600839
-2.0601377
-2.0601937
-2.0602502
-2.0603066
-2.0603586
-2.0604073
-2.0604559
-2.0605071
-2.0605608
-2.0606156
-2.0606726
-2.0607307
-2.0607871
-2.0608416
-2.0608941
-2.060946
-2.0609983
-2.0610526
-2.0611087
-2.061164
-2.0612172
-2.0612693
-2.0613173
