1.6222312
1.8367405
1.8185991
1.6260895
1.3482469
1.0652639
0.86880269
0.81044402
0.78899428
0.74685706
0.6772875
0.59679332
0.52540015
0.46963852
0.42277548
0.38021925
0.34607622
0.32091908
0.30586463
0.29154692
0.27317938
0.24992794
0.22471556
0.20383953
0.19441298
0.18730484
0.17849983
0.16772729
0.15618048
0.14615334
0.13860105
0.13262152
0.12694767
0.12110998
0.11541322
0.11094842
0.10702893
0.10285733
0.098245369
0.093460368
0.088844093
0.084806628
0.081995569
0.079683447
0.077332613
0.074798319
0.072179702
0.069589643
0.067216059
0.065114433
0.063217442
0.061507966
0.059869694
0.05823772
0.056625892
0.055060778
0.053568284
0.052145891
0.050755596
0.049388505
0.048037911
0.04670406
0.045433923
0.044214224
0.043047782
0.041942606
0.040926841
0.039969411
0.039046809
0.038164769
0.037317666
0.036499764
0.035725433
0.034992629
0.034279417
0.033583458
0.032887142
0.032202165
0.031515396
0.030834584
0.03016314
0.02952044
0.028898346
0.028290377
0.027697834
0.027128173
0.026560367
0.025997391
0.025456571
0.024928009
0.02441076
0.023917239
0.023438669
0.022982955
0.022553965
0.022137564
0.021723511
0.021306548
0.020891575
0.020480686
0.020079176
0.019694468
0.019316096
0.018943479
0.018580602
0.018231444
0.017880702
0.017534968
0.017196597
0.016869356
0.016543011
0.016220694
0.015901055
0.015595913
0.015300323
0.015013078
0.014735545
0.014460639
0.014191553
0.013933817
0.013682607
0.013436712
0.013201107
0.012967827
0.012749934
0.012536875
0.012314946
0.012080293
0.011843507
0.011604487
0.011376229
0.011163843
0.010961651
0.010767043
0.010581964
0.010398265
0.010217605
0.010033227
0.0098393416
0.0096352071
0.009432844
0.0092407534
0.0090514415
0.0088634146
0.0086871027
0.0085174619
0.008360039
0.0082006388
0.0080392459
0.0078785657
0.0077160422
0.0075523305
0.0073875223
0.0072291881
0.007077344
0.0069278563
0.0067788163
0.0066331142
0.0064848424
0.0063370027
0.006189075
0.0060464892
0.0059091088
0.0057758545
0.0056458573
0.0055178431
0.0053896198
0.0052606353
0.0051332062
0.005010041
0.0048923425
0.004772823
0.0046507282
0.0045331781
0.0044182963
0.0043013573
0.0041834899
0.0040698561
0.003954459
0.0038381171
0.0037254904
0.003614956
0.0035057488
0.0033962404
0.0032860935
0.0031808747
0.0030758775
0.0029805279
0.0028934916
0.0028092153
0.0027241571
0.0026338739
0.0025366843
0.0024345316
0.0023294326
0.0022245183
0.0021214219
0.0020229197
0.0019290294
0.0018416489
0.0017596785
0.0016762787
0.0015900806
0.0015056278
0.0014192493
0.0013296765
0.0012415287
0.0011574869
0.0010800033
0.0010035463
0.00092723489
0.00085358743
0.00078260533
0.00071079464
0.00063526746
0.00055783185
0.00047814902
0.00039922839
0.00032542503
0.00025888072
0.00019320847
0.00012691805
5.8237897e-05
1.7001794e-05
9.8661087e-05
0.00018166019
0.00026575034
0.0003488173
0.00042660648
0.00050060866
0.00057101008
0.00063694892
0.00069774698
0.00075973305
0.00082634168
0.00089618581
0.00096652137
0.0010353385
0.0010979502
0.0011586695
0.0012223359
0.0012858024
0.0013430054
0.0014027378
0.0014663028
0.001530887
0.0015983059
0.0016680066
0.0017353024
0.0017986009
0.0018605462
0.0019218345
0.001981207
0.0020327749
0.0020866335
0.0021426257
0.0021990687
0.0022554883
0.0023075294
0.0023562407
0.0024048098
0.0024560335
0.0025097037
0.002564469
0.0026214871
0.0026796529
0.0027360443
0.002790467
0.0028430231
0.0028948977
0.0029472131
0.0030014912
0.0030576211
0.0031129041
0.0031661472
0.0032182458
0.003266242
