5.02837474e-01
3.76268297e-01
3.06699981e-01
2.92032564e-01
2.91609983e-01
2.83409116e-01
2.68376146e-01
2.51671009e-01
2.37743622e-01
2.27631568e-01
2.19948738e-01
2.13095808e-01
2.06425777e-01
2.00012423e-01
1.94133003e-01
1.88872919e-01
1.84139482e-01
1.79781690e-01
1.75655059e-01
1.71657947e-01
1.67850613e-01
1.64289784e-01
1.60969394e-01
1.57847909e-01
1.54867136e-01
1.52006348e-01
1.49245611e-01
1.46565729e-01
1.43951081e-01
1.41405155e-01
1.38948432e-01
1.36591775e-01
1.34336597e-01
1.32153100e-01
1.30061337e-01
1.28055886e-01
1.26071010e-01
1.24083590e-01
1.22154522e-01
1.20309782e-01
1.18544775e-01
1.16847563e-01
1.15181695e-01
1.13545098e-01
1.11940457e-01
1.10370877e-01
1.08830127e-01
1.07300555e-01
1.05789609e-01
1.04316736e-01
1.02884986e-01
1.01486938e-01
1.00119784e-01
9.87759555e-02
9.74666494e-02
9.61646423e-02
9.48570069e-02
9.35907813e-02
9.23985497e-02
9.12569881e-02
9.01211081e-02
8.89932287e-02
8.78940464e-02
8.68286150e-02
8.57932246e-02
8.47809029e-02
8.37969310e-02
8.28340089e-02
8.18831718e-02
8.09240276e-02
7.99708937e-02
7.90475402e-02
7.81636007e-02
7.73029606e-02
7.64518638e-02
7.56086288e-02
7.47715736e-02
7.39037982e-02
7.30336674e-02
7.21965324e-02
7.13956467e-02
7.06067351e-02
6.98262395e-02
6.90616738e-02
6.83125881e-02
6.75625013e-02
6.68194743e-02
6.60991808e-02
6.54032937e-02
6.47260165e-02
6.40575655e-02
6.33965385e-02
6.27440514e-02
6.21035444e-02
6.14771184e-02
6.08646124e-02
6.02541870e-02
5.96511412e-02
5.90569739e-02
5.84633959e-02
5.78808238e-02
5.73127475e-02
5.67602292e-02
5.62213297e-02
5.56921907e-02
5.51720626e-02
5.46593621e-02
5.41541415e-02
5.36535133e-02
5.31567160e-02
5.26683630e-02
5.21898561e-02
5.17208625e-02
5.12505144e-02
5.07660967e-02
5.02400510e-02
4.97263886e-02
4.92548585e-02
4.88251854e-02
4.84071177e-02
4.79868406e-02
4.75713346e-02
4.71521307e-02
4.67333321e-02
4.63103236e-02
4.58607027e-02
4.53873018e-02
4.49431310e-02
4.45448694e-02
4.41756500e-02
4.38033415e-02
4.34254586e-02
4.30511609e-02
4.26887215e-02
4.23350082e-02
4.19896719e-02
4.16447429e-02
4.12987534e-02
4.09560003e-02
4.06099351e-02
4.02635380e-02
3.99281077e-02
3.95912564e-02
3.92159305e-02
3.88470566e-02
3.85133360e-02
3.82095730e-02
3.79216828e-02
3.76315646e-02
3.73243336e-02
3.70077325e-02
3.67004855e-02
3.64094154e-02
3.61330650e-02
3.58634122e-02
3.55917254e-02
3.53149892e-02
3.50289760e-02
3.47444799e-02
3.44704865e-02
3.42070672e-02
3.39322033e-02
3.36395092e-02
3.33478942e-02
3.30610654e-02
3.27935985e-02
3.25367017e-02
3.22815054e-02
3.20244978e-02
3.17641470e-02
3.14861839e-02
3.12106265e-02
3.09498742e-02
3.07040676e-02
3.04621831e-02
3.02217796e-02
2.99864610e-02
2.97415220e-02
2.95015196e-02
2.92765037e-02
2.90632470e-02
2.88397290e-02
2.86006584e-02
2.83708081e-02
2.81626749e-02
2.79718971e-02
2.77866587e-02
2.75980473e-02
2.74028237e-02
2.72066191e-02
2.70149695e-02
2.68285152e-02
2.66459238e-02
2.64649544e-02
2.62788061e-02
2.60576033e-02
2.58023111e-02
2.55601906e-02
2.53522703e-02
2.51737007e-02
2.50076634e-02
2.48409172e-02
2.46697911e-02
2.44951657e-02
2.43098525e-02
2.41270105e-02
2.39523670e-02
2.37853590e-02
2.36237274e-02
2.34646418e-02
2.33057938e-02
2.31459944e-02
2.29829137e-02
2.27951662e-02
2.25991965e-02
2.24153902e-02
2.22303145e-02
2.20505163e-02
2.18844770e-02
2.17317654e-02
2.15842662e-02
2.14376824e-02
2.12849399e-02
2.11326449e-02
2.09836216e-02
2.08316579e-02
2.06836991e-02
2.05426696e-02
2.04083049e-02
2.02780164e-02
2.01489511e-02
2.00170019e-02
1.98567419e-02
1.96945374e-02
1.95433039e-02
1.94085238e-02
1.92841862e-02
1.91631396e-02
1.90429469e-02
1.89199592e-02
1.87888268e-02
1.86569485e-02
1.85319026e-02
1.84148657e-02
1.83028972e-02
1.81923638e-02
1.80813369e-02
1.79693275e-02
1.78574659e-02
1.77473450e-02
1.76392763e-02
1.75324041e-02
1.74255079e-02
1.73002983e-02
1.71694966e-02
1.70495032e-02
1.69446659e-02
1.68332188e-02
1.67171091e-02
1.66039424e-02
1.64984465e-02
1.64002610e-02
1.63054402e-02
1.62091310e-02
1.61094392e-02
1.60084534e-02
1.59095030e-02
1.58142961e-02
1.57225339e-02
1.56305274e-02
1.55333990e-02
1.54368194e-02
1.53445139e-02
1.52563845e-02
1.51699160e-02
1.50829479e-02
1.49956133e-02
1.49089413e-02
1.48237036e-02
1.47399197e-02
1.46571156e-02
1.45748435e-02
1.44929803e-02
1.44116169e-02
1.43309557e-02
1.42511126e-02
1.41720387e-02
1.40936144e-02
1.40146750e-02
1.39346833e-02
1.38556770e-02
1.37786274e-02
1.37017463e-02
1.36242280e-02
1.35476145e-02
1.34726842e-02
1.33991323e-02
1.33264810e-02
1.32543037e-02
1.31824410e-02
1.31109538e-02
1.30399782e-02
1.29695684e-02
1.28994282e-02
1.28284899e-02
1.27576384e-02
1.26879713e-02
1.26198636e-02
1.25530284e-02
1.24855967e-02
1.24176944e-02
1.23503931e-02
1.22799357e-02
1.22072381e-02
1.21364896e-02
1.20700567e-02
1.20071729e-02
1.19447533e-02
1.18817232e-02
1.18181470e-02
1.17547310e-02
1.16921629e-02
1.16307266e-02
1.15702908e-02
1.15105231e-02
1.14508303e-02
1.13873031e-02
1.13230648e-02
1.12601790e-02
1.12000870e-02
1.11422796e-02
1.10829530e-02
1.10219729e-02
1.09621416e-02
1.09046887e-02
1.08489983e-02
1.07938585e-02
1.07385879e-02
1.06832853e-02
1.06283751e-02
1.05741430e-02
1.05205939e-02
1.04675701e-02
1.04149170e-02
1.03625577e-02
1.03104814e-02
1.02587070e-02
1.02072613e-02
1.01561704e-02
1.01054519e-02
1.00551065e-02
1.00051178e-02
9.95546111e-03
