-964.06108
-964.08199
-964.11936
-964.16975
-964.22358
-964.27151
-964.30878
-964.33783
-964.36364
-964.38924
-964.41481
-964.43925
-964.46159
-964.48197
-964.5012
-964.51973
-964.53761
-964.55471
-964.57083
-964.58597
-964.60037
-964.61424
-964.62763
-964.64056
-964.653
-964.66495
-964.67643
-964.68745
-964.69805
-964.70826
-964.71809
-964.72757
-964.73671
-964.74554
-964.75412
-964.76244
-964.7705
-964.77832
-964.78592
-964.79328
-964.80043
-964.80737
-964.8141
-964.82061
-964.82694
-964.83308
-964.83905
-964.84485
-964.8505
-964.85599
-964.86134
-964.86655
-964.8716
-964.8765
-964.88127
-964.88591
-964.89042
-964.89482
-964.89913
-964.90333
-964.90742
-964.91141
-964.9153
-964.9191
-964.92281
-964.92644
-964.92999
-964.93347
-964.93685
-964.94015
-964.94337
-964.94652
-964.94961
-964.95261
-964.95555
-964.95842
-964.96122
-964.96395
-964.96661
-964.96922
-964.97178
-964.97428
-964.97673
-964.97913
-964.98148
-964.98377
-964.986
-964.9882
-964.99036
-964.99248
-964.99455
-964.99658
-964.99857
-965.00051
-965.00241
-965.00428
-965.0061
-965.00789
-965.00965
-965.01136
-965.01305
-965.0147
-965.01632
-965.01792
-965.01948
-965.02101
-965.02252
-965.024
-965.02546
-965.02689
-965.02828
-965.02966
-965.031
-965.03233
-965.03362
-965.03487
-965.03611
-965.03733
-965.03852
-965.0397
-965.04086
-965.042
-965.04312
-965.04422
-965.04529
-965.04634
-965.04737
-965.04839
-965.04938
-965.05036
-965.05132
-965.05226
-965.05319
-965.05411
-965.05501
-965.0559
-965.05677
-965.05763
-965.05847
-965.0593
-965.06011
-965.06091
-965.0617
-965.06247
-965.06323
-965.06397
-965.06471
-965.06543
-965.06614
-965.06684
-965.06752
-965.06819
-965.06885
-965.06951
-965.07016
-965.0708
-965.07142
-965.07204
-965.07264
-965.07323
-965.07382
-965.0744
-965.07497
-965.07553
-965.07608
-965.07662
-965.07715
-965.07768
-965.07819
-965.0787
-965.07919
-965.07967
-965.08015
-965.08062
-965.08108
-965.08153
-965.08199
-965.08243
-965.08287
-965.0833
-965.08372
-965.08414
-965.08455
-965.08495
-965.08535
-965.08575
-965.08614
-965.08653
-965.08691
-965.08728
-965.08765
-965.08801
-965.08837
-965.08872
-965.08907
-965.08941
-965.08974
-965.09006
-965.09038
-965.09069
-965.091
-965.09131
-965.09162
-965.09193
-965.09222
-965.09252
-965.09281
-965.09309
-965.09337
-965.09365
-965.09392
-965.0942
-965.09446
-965.09472
-965.09497
-965.09522
-965.09547
-965.09571
-965.09595
-965.09619
-965.09643
-965.09666
-965.09688
-965.09711
-965.09733
-965.09754
-965.09776
-965.09797
-965.09818
-965.09839
-965.09859
-965.0988
-965.09899
-965.09919
-965.09937
-965.09956
-965.09975
-965.09993
-965.10011
-965.10029
-965.10047
-965.10064
-965.10082
-965.10099
-965.10116
-965.10133
-965.10149
-965.10166
-965.10182
-965.10198
-965.10213
-965.10229
-965.10244
-965.10258
-965.10273
-965.10288
-965.10302
-965.10316
-965.10331
-965.10345
-965.10359
-965.10372
-965.10386
-965.10399
-965.10412
-965.10425
-965.10437
-965.1045
-965.10462
-965.10475
-965.10487
-965.10499
-965.10511
-965.10523
-965.10534
-965.10546
-965.10557
-965.10568
-965.1058
-965.10591
-965.10602
-965.10612
-965.10623
-965.10633
-965.10644
-965.10654
-965.10664
-965.10674
-965.10684
-965.10694
-965.10703
-965.10713
-965.10722
-965.10731
-965.10741
-965.1075
-965.10759
-965.10768
-965.10777
-965.10786
-965.10794
-965.10803
-965.10811
-965.1082
-965.10828
-965.10836
-965.10844
-965.10852
-965.1086
-965.10868
-965.10875
-965.10883
-965.10891
-965.10898
-965.10905
-965.10913
-965.1092
-965.10927
-965.10934
-965.10942
-965.10948
-965.10955
-965.10962
-965.10969
-965.10976
-965.10982
-965.10989
-965.10995
-965.11001
-965.11007
-965.11014
-965.1102
-965.11026
-965.11032
-965.11038
-965.11044
-965.1105
-965.11056
-965.11062
-965.11067
-965.11073
-965.11079
-965.11084
-965.1109
-965.11095
-965.111
-965.11106
-965.11111
-965.11116
-965.11121
-965.11126
-965.11131
-965.11136
