-968.14805
-968.11237
-968.12175
-968.16536
-968.22096
-968.26527
-968.28758
-968.29958
-968.31208
-968.3286
-968.34729
-968.36397
-968.37621
-968.38593
-968.3956
-968.40595
-968.41641
-968.42583
-968.43374
-968.44077
-968.44773
-968.45489
-968.46205
-968.46892
-968.47535
-968.48144
-968.48736
-968.49315
-968.49876
-968.50415
-968.50929
-968.51426
-968.51909
-968.52383
-968.52847
-968.53299
-968.53741
-968.54171
-968.54592
-968.55004
-968.55407
-968.558
-968.56185
-968.56561
-968.5693
-968.57293
-968.57649
-968.57998
-968.58342
-968.58679
-968.59012
-968.59339
-968.59661
-968.59978
-968.60291
-968.60599
-968.60902
-968.61202
-968.61497
-968.61789
-968.62077
-968.62361
-968.62641
-968.62919
-968.63193
-968.63464
-968.63732
-968.63997
-968.64259
-968.64519
-968.64775
-968.6503
-968.65281
-968.6553
-968.65777
-968.66021
-968.66262
-968.66502
-968.66739
-968.66974
-968.67207
-968.67437
-968.67666
-968.67892
-968.68117
-968.68339
-968.6856
-968.68779
-968.68996
-968.69211
-968.69425
-968.69637
-968.69847
-968.70056
-968.70263
-968.70468
-968.70672
-968.70874
-968.71075
-968.71274
-968.71472
-968.71668
-968.71863
-968.72056
-968.72248
-968.72438
-968.72627
-968.72815
-968.73001
-968.73187
-968.73371
-968.73553
-968.73735
-968.73916
-968.74095
-968.74273
-968.7445
-968.74626
-968.748
-968.74973
-968.75146
-968.75317
-968.75487
-968.75656
-968.75824
-968.75991
-968.76157
-968.76323
-968.76487
-968.7665
-968.76813
-968.76974
-968.77135
-968.77294
-968.77453
-968.77611
-968.77768
-968.77924
-968.78079
-968.78234
-968.78387
-968.7854
-968.78692
-968.78843
-968.78993
-968.79142
-968.79291
-968.79439
-968.79586
-968.79732
-968.79877
-968.80022
-968.80166
-968.80309
-968.80451
-968.80593
-968.80734
-968.80874
-968.81013
-968.81152
-968.8129
-968.81427
-968.81564
-968.817
-968.81835
-968.8197
-968.82104
-968.82238
-968.8237
-968.82502
-968.82634
-968.82765
-968.82895
-968.83024
-968.83153
-968.83281
-968.83409
-968.83536
-968.83662
-968.83788
-968.83914
-968.84038
-968.84162
-968.84286
-968.84409
-968.84531
-968.84653
-968.84775
-968.84896
-968.85016
-968.85136
-968.85255
-968.85373
-968.85491
-968.85609
-968.85725
-968.85842
-968.85958
-968.86074
-968.86189
-968.86303
-968.86417
-968.86531
-968.86644
-968.86756
-968.86869
-968.8698
-968.87091
-968.87202
-968.87312
-968.87421
-968.87531
-968.87639
-968.87748
-968.87855
-968.87963
-968.88069
-968.88176
-968.88282
-968.88387
-968.88492
-968.88596
-968.887
-968.88804
-968.88907
-968.8901
-968.89113
-968.89214
-968.89316
-968.89417
-968.89518
-968.89618
-968.89718
-968.89817
-968.89916
-968.90015
-968.90113
-968.90211
-968.90308
-968.90405
-968.90502
-968.90598
-968.90694
-968.9079
-968.90885
-968.9098
-968.91074
-968.91168
-968.91261
-968.91354
-968.91447
-968.9154
-968.91632
-968.91723
-968.91814
-968.91905
-968.91996
-968.92086
-968.92176
-968.92265
-968.92354
-968.92443
-968.92532
-968.9262
-968.92707
-968.92795
-968.92882
-968.92969
-968.93055
-968.93141
-968.93227
-968.93312
-968.93397
-968.93482
-968.93566
-968.9365
-968.93734
-968.93817
-968.939
-968.93983
-968.94066
-968.94148
-968.9423
-968.94311
-968.94392
-968.94473
-968.94553
-968.94633
-968.94713
-968.94792
-968.94872
-968.94951
-968.95029
-968.95108
-968.95186
-968.95263
-968.95341
-968.95418
-968.95495
-968.95571
-968.95647
-968.95723
-968.95799
-968.95874
-968.95949
-968.96024
-968.96098
-968.96172
-968.96246
-968.9632
-968.96393
-968.96467
-968.96539
-968.96612
-968.96684
-968.96756
-968.96828
-968.96899
-968.96971
-968.97042
-968.97112
-968.97183
-968.97253
-968.97323
-968.97392
-968.97462
-968.97531
-968.976
-968.97668
-968.97736
-968.97804
-968.97872
-968.9794
-968.98007
-968.98074
-968.98141
-968.98207
-968.98274
-968.9834
-968.98405
-968.98471
-968.98536
-968.98601
-968.98666
-968.98731
-968.98795
-968.98859
-968.98923
-968.98987
-968.9905
-968.99113
-968.99176
-968.99239
-968.99302
-968.99364
-968.99427
-968.99489
-968.9955
-968.99612
-968.99673
-968.99734
-968.99795
-968.99856
-968.99917
-968.99977
-969.00037
-969.00097
-969.00157
-969.00216
-969.00275
-969.00335
-969.00393
-969.00452
-969.00511
-969.00569
-969.00627
-969.00685
-969.00743
-969.008
-969.00857
-969.00914
-969.00971
-969.01028
-969.01085
-969.01141
-969.01197
-969.01253
-969.01309
-969.01365
-969.0142
-969.01476
-969.01531
-969.01586
-969.01641
-969.01695
-969.0175
-969.01804
-969.01858
-969.01912
-969.01966
-969.0202
-969.02073
-969.02127
-969.0218
-969.02233
-969.02285
-969.02338
-969.02391
-969.02443
-969.02495
-969.02547
-969.02599
-969.0265
-969.02702
-969.02753
-969.02804
-969.02855
-969.02906
-969.02957
-969.03008
-969.03058
-969.03109
-969.03159
-969.03209
-969.03259
-969.03308
-969.03358
-969.03407
-969.03457
-969.03506
-969.03555
-969.03604
-969.03653
-969.03701
-969.0375
-969.03798
-969.03846
-969.03894
-969.03942
-969.0399
-969.04038
-969.04085
-969.04133
-969.0418
-969.04227
-969.04274
-969.04321
-969.04368
-969.04415
-969.04461
-969.04508
-969.04554
-969.046
-969.04646
-969.04692
-969.04738
-969.04783
-969.04829
-969.04874
-969.0492
-969.04965
-969.0501
-969.05055
-969.051
-969.05145
-969.0519
-969.05234
-969.05279
-969.05323
-969.05367
-969.05411
-969.05455
-969.05499
-969.05543
-969.05587
-969.0563
-969.05674
-969.05717
-969.0576
-969.05803
-969.05846
-969.05889
-969.05932
-969.05975
-969.06017
-969.0606
-969.06102
-969.06144
-969.06187
-969.06229
-969.06271
-969.06313
-969.06354
-969.06396
-969.06438
-969.06479
-969.06521
-969.06562
-969.06603
-969.06644
-969.06685
-969.06726
-969.06767
-969.06807
-969.06848
-969.06889
-969.06929
-969.06969
-969.07009
-969.07049
-969.07089
-969.07129
-969.07169
-969.07209
-969.07249
-969.07288
-969.07328
-969.07367
-969.07406
-969.07445
-969.07484
-969.07523
-969.07562
-969.07601
-969.0764
-969.07678
-969.07717
-969.07755
-969.07794
-969.07832
-969.0787
-969.07908
-969.07946
-969.07984
-969.08022
-969.0806
-969.08098
-969.08135
-969.08173
-969.0821
-969.08248
-969.08285
-969.08322
-969.08359
-969.08396
-969.08433
-969.0847
-969.08507
-969.08543
-969.0858
-969.08616
-969.08653
-969.08689
-969.08726
-969.08762
-969.08798
-969.08834
-969.0887
-969.08906
-969.08942
-969.08977
-969.09013
-969.09048
-969.09084
-969.09119
-969.09155
-969.0919
-969.09225
-969.0926
-969.09295
-969.0933
-969.09365
-969.094
-969.09435
-969.09469
-969.09504
-969.09538
-969.09573
-969.09607
-969.09641
-969.09676
-969.0971
-969.09744
-969.09778
-969.09812
-969.09846
-969.09879
-969.09913
-969.09946
-969.0998
-969.10013
-969.10047
-969.1008
-969.10113
-969.10147
-969.1018
-969.10213
-969.10246
-969.10279
-969.10311
-969.10344
-969.10377
-969.10409
-969.10442
-969.10474
-969.10507
-969.10539
-969.10571
-969.10603
-969.10636
-969.10668
-969.107
-969.10731
-969.10763
-969.10795
-969.10827
-969.10859
-969.1089
-969.10922
-969.10953
-969.10985
-969.11016
-969.11047
-969.11078
-969.11109
-969.1114
-969.11171
-969.11202
-969.11233
-969.11264
-969.11295
-969.11325
-969.11356
-969.11387
-969.11417
-969.11447
-969.11478
-969.11508
-969.11538
-969.11568
-969.11598
-969.11628
-969.11658
-969.11688
-969.11718
-969.11748
-969.11777
-969.11807
-969.11837
-969.11866
-969.11896
-969.11925
-969.11954
-969.11984
-969.12013
-969.12042
-969.12071
-969.121
-969.12129
-969.12158
-969.12187
-969.12216
-969.12245
-969.12273
-969.12302
-969.1233
-969.12359
-969.12387
-969.12416
-969.12444
-969.12472
-969.12501
-969.12529
-969.12557
-969.12585
-969.12613
-969.12641
-969.12669
-969.12697
-969.12724
-969.12752
-969.1278
-969.12807
-969.12835
-969.12862
-969.1289
-969.12917
-969.12944
-969.12972
-969.12999
-969.13026
-969.13053
-969.1308
-969.13107
-969.13134
-969.13161
-969.13187
-969.13214
-969.13241
-969.13268
-969.13294
-969.13321
-969.13347
-969.13374
-969.134
-969.13426
-969.13453
-969.13479
-969.13505
-969.13531
-969.13557
-969.13583
-969.13609
-969.13635
-969.13661
-969.13687
-969.13713
-969.13738
-969.13764
-969.1379
-969.13815
-969.13841
-969.13866
-969.13892
-969.13917
-969.13943
-969.13968
-969.13993
-969.14018
-969.14043
-969.14069
-969.14094
-969.14119
-969.14144
-969.14168
-969.14193
-969.14218
-969.14243
-969.14268
-969.14292
-969.14317
-969.14341
-969.14366
-969.1439
-969.14415
-969.14439
-969.14463
-969.14488
-969.14512
-969.14536
-969.1456
-969.14584
-969.14609
-969.14633
-969.14656
-969.1468
-969.14704
-969.14728
-969.14752
-969.14775
-969.14799
-969.14823
-969.14846
-969.1487
-969.14893
-969.14917
-969.1494
-969.14964
-969.14987
-969.1501
-969.15034
-969.15057
-969.1508
-969.15103
-969.15126
-969.15149
-969.15172
-969.15195
-969.15218
-969.15241
-969.15264
-969.15286
-969.15309
-969.15332
-969.15354
-969.15377
-969.154
-969.15422
-969.15444
-969.15467
-969.15489
-969.15512
-969.15534
-969.15556
-969.15578
-969.15601
-969.15623
-969.15645
-969.15667
-969.15689
-969.15711
-969.15733
-969.15755
-969.15777
-969.15799
-969.1582
-969.15842
-969.15864
-969.15885
-969.15907
-969.15929
-969.1595
-969.15972
-969.15993
-969.16015
-969.16036
-969.16057
-969.16079
-969.161
-969.16121
-969.16142
-969.16164
-969.16185
-969.16206
-969.16227
-969.16248
-969.16269
-969.1629
-969.16311
-969.16331
-969.16352
-969.16373
-969.16394
-969.16414
-969.16435
-969.16456
-969.16476
-969.16497
-969.16517
-969.16538
-969.16558
-969.16579
-969.16599
-969.16619
-969.1664
-969.1666
-969.1668
-969.167
-969.1672
-969.16741
-969.16761
-969.16781
-969.16801
-969.16821
-969.16841
-969.16861
-969.1688
-969.169
-969.1692
-969.1694
-969.1696
-969.16979
-969.16999
-969.17019
-969.17038
-969.17058
-969.17078
-969.17097
-969.17116
-969.17136
-969.17155
-969.17175
-969.17194
-969.17213
-969.17232
-969.17252
-969.17271
-969.1729
-969.17309
-969.17328
-969.17347
-969.17366
-969.17385
-969.17404
-969.17423
-969.17442
-969.17461
-969.1748
-969.17499
-969.17517
-969.17536
-969.17555
-969.17574
-969.17592
-969.17611
-969.17629
-969.17648
-969.17667
-969.17685
-969.17704
-969.17722
-969.1774
-969.17759
-969.17777
-969.17795
-969.17814
-969.17832
-969.1785
-969.17868
-969.17887
-969.17905
-969.17923
-969.17941
-969.17959
-969.17977
-969.17995
-969.18013
-969.18031
-969.18049
-969.18067
-969.18084
-969.18102
-969.1812
-969.18138
-969.18155
-969.18173
-969.18191
-969.18208
-969.18226
-969.18244
-969.18261
-969.18279
-969.18296
-969.18313
-969.18331
-969.18348
-969.18366
-969.18383
-969.184
-969.18417
-969.18435
-969.18452
-969.18469
-969.18486
-969.18503
-969.18521
-969.18538
-969.18555
-969.18572
-969.18589
-969.18606
-969.18623
-969.1864
-969.18656
-969.18673
-969.1869
-969.18707
-969.18724
-969.1874
-969.18757
-969.18774
-969.18791
-969.18807
-969.18824
-969.1884
-969.18857
-969.18874
-969.1889
-969.18907
-969.18923
-969.1894
-969.18956
-969.18972
-969.18989
-969.19005
-969.19021
-969.19038
-969.19054
-969.1907
-969.19086
-969.19103
-969.19119
-969.19135
-969.19151
-969.19167
-969.19183
-969.19199
-969.19215
-969.19231
-969.19247
-969.19263
-969.19279
-969.19295
-969.19311
-969.19326
-969.19342
-969.19358
-969.19374
-969.1939
-969.19405
-969.19421
-969.19437
-969.19452
-969.19468
-969.19484
-969.19499
-969.19515
-969.1953
-969.19546
-969.19561
-969.19577
-969.19592
-969.19608
-969.19623
-969.19638
-969.19654
-969.19669
-969.19684
-969.197
-969.19715
-969.1973
-969.19745
-969.1976
-969.19776
-969.19791
-969.19806
-969.19821
-969.19836
-969.19851
-969.19866
-969.19881
-969.19896
-969.19911
-969.19926
-969.19941
-969.19956
-969.19971
-969.19985
-969.2
-969.20015
-969.2003
-969.20045
-969.20059
-969.20074
-969.20089
-969.20103
-969.20118
-969.20133
-969.20147
-969.20162
-969.20177
-969.20191
-969.20206
-969.2022
-969.20235
-969.20249
-969.20264
-969.20278
-969.20292
-969.20307
-969.20321
-969.20336
-969.2035
-969.20364
-969.20378
-969.20393
-969.20407
-969.20421
-969.20435
-969.2045
-969.20464
-969.20478
-969.20492
-969.20506
-969.2052
-969.20534
-969.20548
-969.20562
-969.20576
-969.2059
-969.20604
-969.20618
-969.20632
-969.20646
-969.2066
-969.20674
-969.20688
-969.20701
-969.20715
-969.20729
-969.20743
-969.20756
-969.2077
-969.20784
-969.20798
-969.20811
-969.20825
-969.20838
-969.20852
-969.20866
-969.20879
-969.20893
-969.20906
-969.2092
-969.20933
-969.20947
-969.2096
-969.20974
-969.20987
-969.21
-969.21014
-969.21027
-969.21041
-969.21054
-969.21067
-969.2108
-969.21094
-969.21107
-969.2112
-969.21133
-969.21147
-969.2116
-969.21173
-969.21186
-969.21199
-969.21212
-969.21225
-969.21239
-969.21252
-969.21265
-969.21278
-969.21291
-969.21304
-969.21317
-969.2133
-969.21343
-969.21355
-969.21368
-969.21381
-969.21394
-969.21407
-969.2142
-969.21433
-969.21445
-969.21458
-969.21471
-969.21484
-969.21496
-969.21509
-969.21522
-969.21534
-969.21547
-969.2156
-969.21572
-969.21585
-969.21597
-969.2161
-969.21623
-969.21635
-969.21648
-969.2166
-969.21673
-969.21685
-969.21698
-969.2171
-969.21722
-969.21735
-969.21747
-969.2176
-969.21772
-969.21784
-969.21797
-969.21809
-969.21821
-969.21833
-969.21846
-969.21858
-969.2187
-969.21882
-969.21895
-969.21907
-969.21919
-969.21931
-969.21943
-969.21955
-969.21967
-969.21979
-969.21992
-969.22004
-969.22016
-969.22028
-969.2204
-969.22052
-969.22064
-969.22076
-969.22088
-969.22099
-969.22111
-969.22123
-969.22135
-969.22147
-969.22159
-969.22171
-969.22183
-969.22194
-969.22206
-969.22218
-969.2223
-969.22242
-969.22253
-969.22265
-969.22277
-969.22288
-969.223
-969.22312
-969.22323
-969.22335
-969.22347
-969.22358
-969.2237
-969.22381
-969.22393
-969.22404
-969.22416
-969.22428
-969.22439
-969.2245
-969.22462
-969.22473
-969.22485
-969.22496
-969.22508
-969.22519
-969.22531
-969.22542
-969.22553
-969.22565
-969.22576
-969.22587
-969.22599
-969.2261
-969.22621
-969.22632
-969.22644
-969.22655
-969.22666
-969.22677
-969.22688
-969.227
-969.22711
-969.22722
-969.22733
-969.22744
-969.22755
-969.22766
-969.22777
-969.22789
-969.228
-969.22811
-969.22822
-969.22833
-969.22844
-969.22855
-969.22866
-969.22877
-969.22888
-969.22898
-969.22909
-969.2292
-969.22931
-969.22942
-969.22953
-969.22964
-969.22974
-969.22985
-969.22996
-969.23007
-969.23018
-969.23028
-969.23039
-969.2305
-969.23061
-969.23071
-969.23082
-969.23093
-969.23103
-969.23114
-969.23125
-969.23135
-969.23146
-969.23156
-969.23167
-969.23178
-969.23188
-969.23199
-969.23209
-969.2322
-969.2323
-969.23241
-969.23251
-969.23262
-969.23272
-969.23283
-969.23293
-969.23304
-969.23314
-969.23324
-969.23335
-969.23345
-969.23356
-969.23366
-969.23376
-969.23387
-969.23397
-969.23407
-969.23417
-969.23428
-969.23438
-969.23448
-969.23458
-969.23469
-969.23479
-969.23489
-969.23499
-969.23509
-969.2352
-969.2353
-969.2354
-969.2355
-969.2356
-969.2357
-969.2358
-969.2359
-969.236
-969.2361
-969.2362
-969.2363
-969.23641
-969.23651
-969.23661
-969.23671
-969.23681
-969.2369
-969.237
-969.2371
-969.2372
-969.2373
-969.2374
-969.2375
-969.2376
-969.2377
-969.2378
-969.23789
-969.23799
-969.23809
-969.23819
-969.23829
-969.23838
-969.23848
-969.23858
-969.23868
-969.23877
-969.23887
-969.23897
-969.23907
-969.23916
-969.23926
-969.23936
-969.23945
-969.23955
-969.23965
-969.23974
-969.23984
-969.23993
-969.24003
-969.24013
-969.24022
-969.24032
-969.24041
-969.24051
-969.2406
-969.2407
-969.24079
-969.24089
-969.24098
-969.24108
-969.24117
-969.24127
-969.24136
-969.24146
-969.24155
-969.24164
-969.24174
-969.24183
-969.24193
-969.24202
-969.24211
-969.24221
-969.2423
-969.24239
-969.24249
-969.24258
-969.24267
-969.24276
-969.24286
-969.24295
-969.24304
-969.24313
-969.24323
-969.24332
-969.24341
-969.2435
-969.24359
-969.24368
-969.24378
-969.24387
-969.24396
-969.24405
-969.24414
-969.24423
-969.24432
-969.24441
-969.24451
-969.2446
-969.24469
-969.24478
-969.24487
-969.24496
-969.24505
-969.24514
-969.24523
-969.24532
-969.24541
-969.2455
-969.24559
-969.24568
-969.24576
-969.24585
-969.24594
-969.24603
-969.24612
-969.24621
-969.2463
-969.24639
-969.24648
-969.24656
-969.24665
-969.24674
-969.24683
-969.24692
-969.247
-969.24709
-969.24718
-969.24727
-969.24736
-969.24744
-969.24753
-969.24762
-969.2477
-969.24779
-969.24788
-969.24797
-969.24805
-969.24814
-969.24823
-969.24831
-969.2484
-969.24848
-969.24857
-969.24866
-969.24874
-969.24883
-969.24891
-969.249
-969.24908
-969.24917
-969.24926
-969.24934
-969.24943
-969.24951
-969.2496
-969.24968
-969.24977
-969.24985
-969.24994
-969.25002
-969.2501
-969.25019
-969.25027
-969.25036
-969.25044
-969.25053
-969.25061
-969.25069
-969.25078
-969.25086
-969.25094
-969.25103
-969.25111
-969.25119
-969.25128
-969.25136
-969.25144
-969.25152
-969.25161
-969.25169
-969.25177
-969.25185
-969.25194
-969.25202
-969.2521
-969.25218
-969.25226
-969.25235
-969.25243
-969.25251
-969.25259
-969.25267
-969.25275
-969.25284
-969.25292
-969.253
-969.25308
-969.25316
-969.25324
-969.25332
-969.2534
-969.25348
-969.25356
-969.25364
-969.25372
-969.2538
-969.25388
-969.25396
-969.25404
-969.25412
-969.2542
-969.25428
-969.25436
-969.25444
-969.25452
-969.2546
-969.25468
-969.25476
-969.25484
-969.25492
-969.255
-969.25508
-969.25515
-969.25523
-969.25531
-969.25539
-969.25547
-969.25555
-969.25562
-969.2557
-969.25578
-969.25586
-969.25594
-969.25602
-969.25609
-969.25617
-969.25625
-969.25633
-969.2564
-969.25648
-969.25656
-969.25663
-969.25671
-969.25679
-969.25687
-969.25694
-969.25702
-969.2571
-969.25717
-969.25725
-969.25733
-969.2574
-969.25748
-969.25755
-969.25763
-969.25771
-969.25778
-969.25786
-969.25793
-969.25801
-969.25808
-969.25816
-969.25824
-969.25831
-969.25839
-969.25846
-969.25854
-969.25861
-969.25869
-969.25876
-969.25884
-969.25891
-969.25898
-969.25906
-969.25913
-969.25921
-969.25928
-969.25936
-969.25943
-969.2595
-969.25958
-969.25965
-969.25973
-969.2598
-969.25987
-969.25995
-969.26002
-969.26009
-969.26017
-969.26024
-969.26031
-969.26039
-969.26046
-969.26053
-969.26061
-969.26068
-969.26075
-969.26082
-969.2609
-969.26097
-969.26104
-969.26111
-969.26118
-969.26126
-969.26133
-969.2614
-969.26147
-969.26154
-969.26162
-969.26169
-969.26176
-969.26183
-969.2619
-969.26197
-969.26204
-969.26212
-969.26219
-969.26226
-969.26233
-969.2624
-969.26247
-969.26254
-969.26261
-969.26268
-969.26275
-969.26282
-969.26289
-969.26296
-969.26303
-969.2631
-969.26317
-969.26324
-969.26331
-969.26338
-969.26345
-969.26352
-969.26359
-969.26366
-969.26373
-969.2638
-969.26387
-969.26394
-969.26401
-969.26408
-969.26415
-969.26422
-969.26428
-969.26435
-969.26442
-969.26449
-969.26456
-969.26463
-969.2647
-969.26476
-969.26483
-969.2649
-969.26497
-969.26504
-969.26511
-969.26517
-969.26524
-969.26531
-969.26538
-969.26544
-969.26551
-969.26558
-969.26565
-969.26571
-969.26578
-969.26585
-969.26591
-969.26598
-969.26605
-969.26612
-969.26618
-969.26625
-969.26632
-969.26638
-969.26645
-969.26652
-969.26658
-969.26665
-969.26671
-969.26678
-969.26685
-969.26691
-969.26698
-969.26705
-969.26711
-969.26718
-969.26724
-969.26731
-969.26737
-969.26744
-969.26751
-969.26757
-969.26764
-969.2677
-969.26777
-969.26783
-969.2679
-969.26796
-969.26803
-969.26809
-969.26816
-969.26822
-969.26829
-969.26835
-969.26841
-969.26848
-969.26854
-969.26861
-969.26867
-969.26874
-969.2688
-969.26886
-969.26893
-969.26899
-969.26906
-969.26912
-969.26918
-969.26925
-969.26931
-969.26937
-969.26944
-969.2695
-969.26956
-969.26963
-969.26969
-969.26975
-969.26982
-969.26988
-969.26994
-969.27001
-969.27007
-969.27013
-969.27019
-969.27026
-969.27032
-969.27038
-969.27044
-969.27051
-969.27057
-969.27063
-969.27069
-969.27075
-969.27082
-969.27088
-969.27094
-969.271
-969.27106
-969.27113
-969.27119
-969.27125
-969.27131
-969.27137
-969.27143
-969.27149
-969.27156
-969.27162
-969.27168
-969.27174
-969.2718
-969.27186
-969.27192
-969.27198
-969.27204
-969.2721
-969.27217
-969.27223
-969.27229
-969.27235
-969.27241
-969.27247
-969.27253
-969.27259
-969.27265
-969.27271
-969.27277
-969.27283
-969.27289
-969.27295
-969.27301
-969.27307
-969.27313
-969.27319
-969.27325
-969.2733
-969.27336
-969.27342
-969.27348
-969.27354
-969.2736
-969.27366
-969.27372
-969.27378
-969.27384
-969.2739
-969.27395
-969.27401
-969.27407
-969.27413
-969.27419
-969.27425
-969.27431
-969.27437
-969.27442
-969.27448
-969.27454
-969.2746
-969.27466
-969.27471
-969.27477
-969.27483
-969.27489
-969.27495
-969.275
-969.27506
-969.27512
-969.27518
-969.27524
-969.27529
-969.27535
-969.27541
-969.27546
-969.27552
-969.27558
-969.27564
-969.27569
-969.27575
-969.27581
-969.27586
-969.27592
-969.27598
-969.27603
-969.27609
-969.27615
-969.2762
-969.27626
-969.27632
-969.27637
-969.27643
-969.27649
-969.27654
-969.2766
-969.27666
-969.27671
-969.27677
-969.27682
-969.27688
-969.27693
-969.27699
-969.27705
-969.2771
-969.27716
-969.27721
-969.27727
-969.27732
-969.27738
-969.27744
-969.27749
-969.27755
-969.2776
-969.27766
-969.27771
-969.27777
-969.27782
-969.27788
-969.27793
-969.27799
-969.27804
-969.2781
-969.27815
-969.27821
-969.27826
-969.27831
-969.27837
-969.27842
-969.27848
-969.27853
-969.27859
-969.27864
-969.27869
-969.27875
-969.2788
-969.27886
-969.27891
-969.27896
-969.27902
-969.27907
-969.27913
-969.27918
-969.27923
-969.27929
-969.27934
-969.27939
-969.27945
-969.2795
-969.27955
-969.27961
-969.27966
-969.27971
-969.27977
-969.27982
-969.27987
-969.27993
-969.27998
-969.28003
-969.28009
-969.28014
-969.28019
-969.28024
-969.2803
-969.28035
-969.2804
-969.28045
-969.28051
-969.28056
-969.28061
-969.28066
-969.28072
-969.28077
-969.28082
-969.28087
-969.28092
-969.28098
-969.28103
-969.28108
-969.28113
-969.28118
-969.28124
-969.28129
-969.28134
-969.28139
-969.28144
-969.28149
-969.28154
-969.2816
-969.28165
-969.2817
-969.28175
-969.2818
-969.28185
-969.2819
-969.28195
-969.282
-969.28206
-969.28211
-969.28216
-969.28221
-969.28226
-969.28231
-969.28236
-969.28241
-969.28246
-969.28251
-969.28256
-969.28261
-969.28266
-969.28271
-969.28276
-969.28281
-969.28286
-969.28291
-969.28296
-969.28301
-969.28306
-969.28311
