-964.90152
-964.89905
-964.91911
-964.95759
-965.00212
-965.04079
-965.06789
-965.08647
-965.10291
-965.12046
-965.13907
-965.15722
-965.17345
-965.18796
-965.20183
-965.21553
-965.22893
-965.24168
-965.25355
-965.26465
-965.2753
-965.28564
-965.29573
-965.30552
-965.31494
-965.324
-965.33273
-965.34123
-965.34948
-965.35746
-965.3652
-965.37272
-965.38003
-965.38713
-965.39403
-965.40075
-965.4073
-965.41368
-965.41988
-965.42591
-965.43178
-965.43752
-965.44312
-965.44858
-965.45391
-965.45912
-965.4642
-965.46917
-965.47403
-965.47878
-965.48343
-965.48798
-965.49244
-965.49679
-965.50105
-965.50522
-965.5093
-965.5133
-965.51722
-965.52107
-965.52484
-965.52854
-965.53216
-965.53571
-965.5392
-965.54263
-965.54599
-965.54928
-965.55251
-965.55567
-965.55877
-965.56182
-965.56482
-965.56776
-965.57064
-965.57347
-965.57624
-965.57897
-965.58164
-965.58425
-965.58683
-965.58935
-965.59183
-965.59426
-965.59666
-965.59902
-965.60134
-965.60362
-965.60586
-965.60806
-965.61022
-965.61234
-965.61442
-965.61647
-965.61848
-965.62046
-965.62239
-965.6243
-965.62616
-965.62799
-965.62979
-965.63156
-965.6333
-965.63502
-965.63671
-965.63838
-965.64001
-965.64162
-965.64321
-965.64476
-965.64628
-965.64778
-965.64925
-965.6507
-965.65213
-965.65353
-965.65491
-965.65625
-965.65758
-965.65889
-965.66017
-965.66143
-965.66268
-965.66391
-965.66513
-965.66633
-965.66751
-965.66867
-965.6698
-965.67092
-965.67203
-965.67311
-965.67418
-965.67524
-965.67628
-965.67731
-965.67833
-965.67933
-965.68033
-965.68131
-965.68227
-965.68322
-965.68415
-965.68507
-965.68598
-965.68688
-965.68776
-965.68863
-965.68948
-965.69033
-965.69116
-965.69198
-965.69278
-965.69358
-965.69437
-965.69515
-965.69592
-965.69667
-965.69742
-965.69816
-965.69889
-965.69961
-965.70032
-965.70101
-965.7017
-965.70239
-965.70306
-965.70372
-965.70438
-965.70502
-965.70566
-965.70629
-965.7069
-965.70751
-965.70812
-965.70871
-965.70929
-965.70985
-965.71042
-965.71097
-965.71153
-965.71207
-965.71261
-965.71314
-965.71366
-965.71418
-965.7147
-965.7152
-965.71571
-965.7162
-965.71669
-965.71718
-965.71766
-965.71813
-965.7186
-965.71906
-965.71951
-965.71996
-965.7204
-965.72084
-965.72127
-965.7217
-965.72212
-965.72254
-965.72295
-965.72335
-965.72375
-965.72415
-965.72454
-965.72493
-965.72532
-965.7257
-965.72607
-965.72644
-965.72679
-965.72714
-965.72749
-965.72784
-965.72818
-965.72852
-965.72886
-965.72919
-965.72952
-965.72984
-965.73015
-965.73047
-965.73078
-965.73108
-965.73139
-965.73169
-965.73199
-965.73228
-965.73257
-965.73285
-965.73314
-965.73342
-965.73369
-965.73397
-965.73424
-965.73451
-965.73477
-965.73504
-965.73529
-965.73555
-965.7358
-965.73605
-965.7363
-965.73654
-965.73679
-965.73702
-965.73726
-965.73749
-965.73772
-965.73795
-965.73818
-965.7384
-965.73862
-965.73884
-965.73906
-965.73927
-965.73948
-965.73969
-965.7399
-965.74011
-965.74031
-965.74051
-965.74071
-965.74091
-965.74111
-965.7413
-965.74149
-965.74168
-965.74187
-965.74205
-965.74223
-965.74242
-965.7426
-965.74278
-965.74295
-965.74313
-965.7433
-965.74347
-965.74364
-965.74381
-965.74398
-965.74414
-965.74431
-965.74447
-965.74463
-965.74479
-965.74495
-965.7451
-965.74526
-965.74541
-965.74556
-965.74571
-965.74586
-965.746
-965.74615
-965.74629
-965.74643
-965.74658
-965.74671
-965.74685
-965.74699
-965.74713
-965.74726
-965.74739
-965.74753
-965.74766
-965.74779
-965.74792
-965.74804
-965.74817
-965.74829
-965.74842
-965.74854
-965.74866
-965.74878
-965.7489
-965.74902
-965.74913
-965.74925
-965.74937
-965.74948
-965.74959
-965.74971
-965.74982
-965.74993
-965.75004
-965.75015
-965.75025
-965.75036
-965.75046
-965.75057
-965.75067
-965.75077
-965.75087
-965.75098
-965.75108
-965.75118
-965.75128
-965.75137
-965.75147
-965.75157
-965.75166
-965.75176
-965.75185
-965.75194
-965.75203
-965.75213
-965.75222
-965.7523
-965.75239
-965.75248
-965.75256
-965.75265
-965.75273
-965.75282
-965.7529
-965.75299
-965.75307
-965.75315
-965.75324
-965.75332
-965.75339
-965.75347
-965.75355
-965.75363
-965.7537
-965.75378
-965.75385
-965.75393
-965.754
-965.75407
-965.75415
-965.75422
-965.75429
-965.75436
-965.75443
-965.7545
-965.75457
-965.75464
-965.75471
-965.75477
-965.75484
-965.7549
-965.75496
-965.75503
-965.75509
-965.75516
-965.75522
-965.75528
-965.75534
-965.75541
-965.75547
-965.75553
-965.75559
-965.75565
-965.7557
-965.75576
-965.75582
-965.75587
-965.75593
-965.75599
-965.75604
-965.7561
-965.75615
-965.75621
-965.75626
-965.75632
-965.75637
-965.75642
-965.75647
-965.75652
-965.75657
-965.75662
-965.75667
