2.79582815e+00
1.31439281e+00
5.46534281e-01
8.48169161e-01
9.83339152e-01
9.51672540e-01
8.35176488e-01
6.85350254e-01
5.65767513e-01
5.17539182e-01
5.15956759e-01
5.07651927e-01
4.73005231e-01
4.23611044e-01
3.80181445e-01
3.53498473e-01
3.38637426e-01
3.25595298e-01
3.08753114e-01
2.91543916e-01
2.78199001e-01
2.68982191e-01
2.61005178e-01
2.51800527e-01
2.41148012e-01
2.30277032e-01
2.20179960e-01
2.10771002e-01
2.01339507e-01
1.91472339e-01
1.81489848e-01
1.72180814e-01
1.64224095e-01
1.57790878e-01
1.52557536e-01
1.47989313e-01
1.43607189e-01
1.39092825e-01
1.34275340e-01
1.29096445e-01
1.23598058e-01
1.17918779e-01
1.12271553e-01
1.06894229e-01
1.01987878e-01
9.76665069e-02
9.39351352e-02
9.06995936e-02
8.77998573e-02
8.50538491e-02
8.22994320e-02
7.94257955e-02
7.63895076e-02
7.32143934e-02
6.99776460e-02
6.67867010e-02
6.37523315e-02
6.09634636e-02
5.84687166e-02
5.62684698e-02
5.43188974e-02
5.25461261e-02
5.08657822e-02
4.92022173e-02
4.75028970e-02
4.57457394e-02
4.39392875e-02
4.21168795e-02
4.03265644e-02
3.86188204e-02
3.70344445e-02
3.55952011e-02
3.42995132e-02
3.31242899e-02
3.20321210e-02
3.09813992e-02
2.99363087e-02
2.88741912e-02
2.77889967e-02
2.66906675e-02
2.56010893e-02
2.45477016e-02
2.35561905e-02
2.26439137e-02
2.18156900e-02
2.10630721e-02
2.03672031e-02
1.97042082e-02
1.90513662e-02
1.83923328e-02
1.77202719e-02
1.70384831e-02
1.63586942e-02
1.56975631e-02
1.50721909e-02
1.44956475e-02
1.39736018e-02
1.35029642e-02
1.30729066e-02
1.26678635e-02
1.22715131e-02
1.18705693e-02
1.14574854e-02
1.10316244e-02
1.05988559e-02
1.01698055e-02
9.75714657e-03
9.37247302e-03
9.02342916e-03
8.71182108e-03
8.43325240e-03
8.17838439e-03
7.93538529e-03
7.69279065e-03
7.44199840e-03
7.17888539e-03
6.90435098e-03
6.62382671e-03
6.34591887e-03
6.08043147e-03
5.83611423e-03
5.61860096e-03
5.42906880e-03
5.26403135e-03
5.11633743e-03
4.97702740e-03
4.83744325e-03
4.65071671e-03
4.41807245e-03
4.16117166e-03
3.89589291e-03
3.63404673e-03
3.38890648e-03
3.17681073e-03
3.01250597e-03
2.90195257e-03
2.83867758e-03
2.80654436e-03
2.78614539e-03
2.76020275e-03
2.71608884e-03
2.64630316e-03
2.54822186e-03
2.42373902e-03
2.27881900e-03
2.12279952e-03
1.96731828e-03
1.82475929e-03
1.70613345e-03
1.61856179e-03
1.56317210e-03
1.53468037e-03
1.52320971e-03
1.51736702e-03
1.50699129e-03
1.48473819e-03
1.44658945e-03
1.39171654e-03
1.32205172e-03
1.24174885e-03
1.15658021e-03
1.07322173e-03
9.98324717e-04
9.37316609e-04
8.93109132e-04
8.65254769e-04
8.50148967e-04
8.42290513e-04
8.35908261e-04
8.26213968e-04
8.10020784e-04
7.85859837e-04
7.53819735e-04
7.15267408e-04
6.72523915e-04
6.28510213e-04
5.86345697e-04
5.48879127e-04
5.18174798e-04
4.95071466e-04
4.79010328e-04
4.68264889e-04
4.60489542e-04
4.53332174e-04
4.44887509e-04
4.33920472e-04
4.19904167e-04
4.02947046e-04
3.83665777e-04
3.63033612e-04
3.42214907e-04
3.22388035e-04
3.04562211e-04
2.89408699e-04
2.77146000e-04
2.67522710e-04
2.59913590e-04
2.53495697e-04
2.47439860e-04
2.41061036e-04
2.33903698e-04
2.25767051e-04
2.16687050e-04
2.06891701e-04
1.96741003e-04
1.86658345e-04
1.77058477e-04
1.68278704e-04
1.60523543e-04
1.53835329e-04
1.48100009e-04
1.43087335e-04
1.38512731e-04
1.34101982e-04
1.29642506e-04
1.25012992e-04
1.20190682e-04
1.15239824e-04
1.10286105e-04
1.05482124e-04
1.00969510e-04
9.68445736e-05
9.31352120e-05
8.97953731e-05
8.67188092e-05
8.37676901e-05
8.08072726e-05
7.77373957e-05
7.45143613e-05
7.11603100e-05
6.77596376e-05
6.44430547e-05
6.13605637e-05
5.86464145e-05
5.63828057e-05
5.45731408e-05
5.31357100e-05
5.19216267e-05
5.07501921e-05
4.94486207e-05
4.78849352e-05
4.59890810e-05
4.37625042e-05
4.12783802e-05
3.86739404e-05
3.61341371e-05
3.38635914e-05
3.20442723e-05
3.07842270e-05
3.00773345e-05
2.97997374e-05
2.97488455e-05
2.97019222e-05
2.94654958e-05
2.89034404e-05
2.79470162e-05
2.65946168e-05
2.49070687e-05
2.30012535e-05
2.10418412e-05
1.92271090e-05
1.77600364e-05
1.67964857e-05
1.63827161e-05
1.64269618e-05
1.67377753e-05
1.70987232e-05
1.73263210e-05
1.72941633e-05
1.69351140e-05
1.62353074e-05
1.52270252e-05
1.39829382e-05
1.26121661e-05
1.12567967e-05
1.00831356e-05
9.25397345e-06
8.86990541e-06
8.90857281e-06
9.23033450e-06
9.65234479e-06
1.00160863e-05
1.02124057e-05
1.01802903e-05
9.89857227e-06
9.37825540e-06
8.65708912e-06
7.79645494e-06
6.88040295e-06
6.01554512e-06
5.32535739e-06
4.92227029e-06
4.84903445e-06
5.04024317e-06
5.36374941e-06
5.69139833e-06
5.93200346e-06
6.03207679e-06
5.96780204e-06
5.73788963e-06
5.35876790e-06
4.86175535e-06
4.29200304e-06
3.70924092e-06
3.18920306e-06
2.81845463e-06
2.66488985e-06
2.72716856e-06
2.92844932e-06
3.17171826e-06
3.38240585e-06
3.51498224e-06
3.54649251e-06
3.47018396e-06
3.29136229e-06
3.02495392e-06
2.69432531e-06
2.33136253e-06
1.97798180e-06
1.68761641e-06
1.51777420e-06
1.49860445e-06
1.60122464e-06
1.76040625e-06
1.91778287e-06
2.03596064e-06
2.09482508e-06
2.08615914e-06
2.01014108e-06
1.87333485e-06
1.68761765e-06
1.46988834e-06
1.24276151e-06
1.03640486e-06
8.89078221e-07
