2.5374472
2.8786038
2.7086138
2.175345
1.55209
1.0454556
0.96645276
1.0064647
1.0234603
0.96572693
0.78129974
0.55085879
0.36642926
0.24556456
0.15071905
0.052979898
0.041013266
0.10408975
0.12748825
0.15074057
0.18456093
0.23221049
0.28777886
0.34379788
0.39527642
0.43718126
0.47345812
0.50626729
0.52560856
0.53512586
0.5413065
0.54702533
0.55678509
0.57173557
0.59093711
0.61268576
0.63457607
0.65394326
0.66741896
0.67631725
0.68229564
0.6854899
0.68625995
0.68645245
0.68891004
0.69362536
0.70039638
0.70887293
0.7184708
0.72855959
0.7374847
0.74497037
0.75098919
0.75383646
0.7538436
0.75311953
0.75334245
0.75373115
0.75522467
0.75792992
0.76167065
0.76584287
0.7701991
0.77351354
0.77523825
0.77626239
0.77726137
0.77773289
0.77799127
0.77769393
0.77766233
0.77809026
0.77932017
0.78124707
0.78365987
0.78555383
0.78711505
0.78871439
0.7901999
0.79079802
0.7911068
0.79114193
0.79089745
0.79070502
0.79090908
0.79152449
0.79250674
0.79371734
0.79488051
0.79543393
0.795503
0.79544459
0.79545732
0.79528026
0.79531582
0.79552167
0.79581233
0.79611117
0.79648255
0.79705273
0.79774391
0.79826844
0.79846298
0.79869533
0.79878833
0.79882076
0.79888281
0.79894348
0.79894501
0.79894715
0.79906586
0.79931738
0.79968666
0.80013926
0.80062859
0.80094566
0.80079869
0.80058403
0.80035052
0.80021083
0.80017119
0.80023227
0.80038123
0.80060376
0.8008458
0.80109953
0.80136263
0.80138289
0.80117543
0.80096722
0.80075595
0.80047482
0.8002499
0.80010698
0.80008469
0.80015293
0.80032408
0.80057189
0.80088314
0.80121614
0.80156972
0.80192741
0.80205914
0.80201644
0.80181723
0.80162143
0.80147525
0.80138321
0.80134706
0.80136617
0.80143739
0.80155522
0.80171195
0.80189805
0.80210218
0.8023078
0.80243394
0.80241778
0.80232885
0.80221507
0.80211168
0.80202188
0.80194233
0.80190176
0.80190303
0.80194302
0.80201613
0.80210975
0.80222345
0.80233522
0.8024002
0.80241069
0.80239817
0.80238802
0.80238948
0.8023711
0.8023428
0.80233166
0.8023343
0.80235454
0.80239011
0.80243765
0.80249235
0.80254655
0.80259199
0.80260554
0.80259657
0.8025804
0.80256843
0.80255726
0.80254151
0.80252902
0.80251829
0.80251377
0.80252065
0.8025376
0.80256265
0.80258386
0.80259708
0.80260864
0.8026157
0.80261651
0.8026185
0.80262023
0.80262654
0.80263565
0.80264132
0.80264485
0.80265125
0.80266146
0.80267407
0.80268771
0.80270074
0.80270363
0.80270079
0.80269726
0.80269431
0.80269052
0.802689
0.80269011
0.80269049
0.80269049
0.80269344
0.80269944
0.8027063
0.80271071
0.80271285
0.80271561
0.80271785
0.80271642
0.80271346
0.80271176
0.80271182
0.80271404
0.8027182
0.80272362
0.80272871
0.80273434
0.80274086
0.80274558
0.80275035
0.80275279
0.80275126
0.80274847
0.8027457
0.80274341
0.80274163
0.80274083
0.80274104
0.80274257
0.80274505
0.80274788
0.80275133
0.80275532
0.80275868
0.80275938
0.8027593
0.80275775
0.80275519
0.80275265
0.80275092
0.80275022
0.80275052
0.80275176
0.80275385
0.80275664
0.80275988
0.80276332
0.80276668
0.80276917
0.80276913
0.80276785
0.80276623
0.80276471
0.80276324
0.80276221
0.80276169
0.80276181
0.80276252
0.80276375
0.80276541
0.80276736
0.80276944
0.80277117
0.80277217
0.80277142
0.80277005
0.80276856
0.80276734
0.80276651
0.80276605
0.80276595
0.80276626
0.80276695
0.80276796
0.80276922
0.80277066
0.80277214
0.80277337
0.80277354
0.80277309
0.80277234
0.80277159
0.80277093
0.80277046
0.80277026
0.80277031
0.8027706
0.8027711
0.80277178
0.80277258
0.80277345
0.80277425
0.80277464
0.80277439
0.80277384
0.80277327
0.80277279
0.80277238
0.80277213
0.80277206
0.80277214
0.80277238
0.80277276
0.80277323
0.80277378
0.80277436
0.8027748
0.80277491
0.80277464
0.80277434
0.80277406
0.80277383
0.80277368
0.80277361
