5.98570723e-01
3.84546356e-01
2.30536008e-01
2.15249238e-01
2.38022580e-01
2.37498780e-01
2.15173425e-01
1.84575263e-01
1.61025982e-01
1.50588532e-01
1.46931047e-01
1.42548333e-01
1.35417068e-01
1.27445168e-01
1.21164635e-01
1.17299887e-01
1.14772189e-01
1.12336368e-01
1.09589510e-01
1.06813980e-01
1.04404449e-01
1.02480783e-01
1.00852571e-01
9.92998344e-02
9.77390544e-02
9.62282714e-02
9.48493220e-02
9.36215960e-02
9.25049996e-02
9.14508118e-02
9.04483439e-02
8.94726185e-02
8.85257398e-02
8.76304925e-02
8.67959609e-02
8.60073773e-02
8.52470788e-02
8.45011117e-02
8.37691355e-02
8.30551923e-02
8.23697105e-02
8.17222197e-02
8.10941614e-02
8.04802811e-02
7.98699100e-02
7.92772445e-02
7.87083215e-02
7.81629142e-02
7.76310541e-02
7.71095021e-02
7.65930681e-02
7.60701363e-02
7.55506900e-02
7.50503254e-02
7.45712111e-02
7.41101058e-02
7.36614799e-02
7.32216420e-02
7.27897677e-02
7.23689765e-02
7.19636064e-02
7.15657294e-02
7.11668186e-02
7.07639730e-02
7.03680602e-02
6.99883038e-02
6.96190649e-02
6.92557009e-02
6.88997587e-02
6.85521865e-02
6.82035628e-02
6.78463323e-02
6.74949375e-02
6.71575404e-02
6.68294434e-02
6.65065293e-02
6.61845696e-02
6.58603787e-02
6.55265586e-02
6.51872863e-02
6.48455994e-02
6.45137775e-02
6.41910960e-02
6.38740997e-02
6.35593510e-02
6.32404757e-02
6.29250752e-02
6.26187626e-02
6.23232634e-02
6.20240414e-02
6.17203203e-02
6.14207219e-02
6.11271037e-02
6.08385328e-02
6.05561028e-02
6.02802716e-02
6.00106415e-02
5.97445770e-02
5.94799047e-02
5.92095731e-02
5.89389410e-02
5.86757431e-02
5.84200513e-02
5.81666803e-02
5.79169426e-02
5.76704848e-02
5.74230423e-02
5.71688027e-02
5.69119834e-02
5.66618629e-02
5.64190143e-02
5.61747953e-02
5.59266978e-02
5.56826289e-02
5.54421509e-02
5.51948849e-02
5.49412769e-02
5.46920633e-02
5.44537878e-02
5.42262879e-02
5.40048645e-02
5.37849950e-02
5.35647435e-02
5.33429824e-02
5.31197240e-02
5.29018871e-02
5.26931591e-02
5.24913539e-02
5.22854114e-02
5.20767021e-02
5.18673231e-02
5.16573318e-02
5.14517637e-02
5.12519095e-02
5.10582596e-02
5.08628534e-02
5.06672761e-02
5.04773426e-02
5.02912128e-02
5.00995018e-02
4.99008649e-02
4.96972981e-02
4.94950588e-02
4.92989526e-02
4.91050609e-02
4.89113000e-02
4.87179442e-02
4.85286908e-02
4.83404845e-02
4.81557841e-02
4.79764859e-02
4.78029504e-02
4.76336190e-02
4.74635584e-02
4.72919023e-02
4.71217832e-02
4.69528459e-02
4.67863400e-02
4.66223981e-02
4.64578046e-02
4.62941018e-02
4.61254467e-02
4.59521637e-02
4.57794581e-02
4.56124586e-02
4.54520713e-02
4.52968842e-02
4.51432847e-02
4.49815693e-02
4.48157111e-02
4.46550148e-02
4.45024317e-02
4.43541269e-02
4.42078862e-02
4.40630888e-02
4.39184780e-02
4.37720241e-02
4.36255542e-02
4.34818473e-02
4.33408300e-02
4.31997718e-02
4.30574770e-02
4.29160431e-02
4.27783122e-02
4.26401634e-02
4.25010832e-02
4.23642549e-02
4.22312424e-02
4.21011372e-02
4.19717117e-02
4.18423801e-02
4.17129373e-02
4.15828307e-02
4.14521425e-02
4.13229756e-02
4.11964619e-02
4.10744100e-02
4.09564776e-02
4.08393204e-02
4.07239136e-02
4.06103264e-02
4.04991824e-02
4.03870556e-02
4.02753903e-02
4.01649136e-02
4.00560084e-02
3.99480464e-02
3.98414091e-02
3.97361319e-02
3.96320982e-02
3.95272980e-02
3.94183885e-02
3.93084720e-02
3.92002755e-02
3.90912083e-02
3.89824405e-02
3.88762281e-02
3.87741111e-02
3.86747556e-02
3.85753166e-02
3.84759772e-02
3.83769559e-02
3.82788729e-02
3.81813866e-02
3.80837552e-02
3.79853951e-02
3.78870410e-02
3.77904317e-02
3.76960978e-02
3.76033220e-02
3.75120764e-02
3.74197712e-02
3.73257813e-02
3.72325557e-02
3.71403497e-02
3.70488050e-02
3.69582928e-02
3.68685224e-02
3.67797696e-02
3.66924606e-02
3.66033290e-02
3.65111644e-02
3.64194802e-02
3.63303015e-02
3.62434740e-02
3.61577464e-02
3.60728451e-02
3.59881905e-02
3.59043417e-02
3.58216901e-02
3.57406437e-02
3.56600241e-02
3.55791016e-02
3.54982187e-02
3.54173889e-02
3.53362212e-02
3.52549785e-02
3.51747363e-02
3.50954306e-02
3.50165503e-02
3.49376208e-02
3.48591016e-02
3.47809989e-02
3.47032284e-02
3.46257119e-02
3.45478741e-02
3.44690409e-02
3.43912416e-02
3.43151452e-02
3.42392312e-02
3.41641256e-02
3.40893682e-02
3.40134637e-02
3.39375244e-02
3.38625271e-02
3.37890392e-02
3.37168313e-02
3.36449273e-02
3.35723767e-02
3.34989859e-02
3.34252578e-02
3.33524633e-02
3.32810975e-02
3.32111397e-02
3.31410916e-02
3.30695867e-02
3.29973419e-02
3.29252673e-02
3.28541528e-02
3.27849462e-02
3.27170200e-02
3.26497431e-02
3.25827427e-02
3.25151192e-02
3.24462276e-02
3.23773396e-02
3.23088365e-02
3.22413255e-02
3.21747755e-02
3.21089427e-02
3.20431518e-02
3.19773468e-02
3.19121157e-02
3.18478401e-02
3.17840539e-02
3.17199546e-02
3.16556826e-02
3.15911470e-02
3.15269563e-02
3.14629989e-02
3.13995614e-02
3.13368033e-02
3.12736193e-02
3.12094844e-02
3.11452914e-02
3.10819596e-02
3.10191011e-02
3.09563689e-02
3.08934755e-02
3.08316347e-02
3.07713584e-02
3.07125040e-02
3.06542956e-02
3.05955170e-02
3.05365904e-02
3.04777327e-02
3.04181210e-02
3.03569636e-02
3.02964291e-02
3.02375122e-02
3.01791842e-02
3.01212746e-02
3.00641966e-02
3.00077909e-02
2.99513608e-02
2.98942941e-02
2.98372704e-02
2.97805558e-02
2.97238387e-02
2.96669469e-02
2.96089880e-02
2.95517136e-02
2.94959651e-02
2.94414620e-02
2.93872027e-02
2.93330194e-02
2.92788746e-02
2.92252917e-02
2.91724803e-02
2.91201274e-02
2.90677913e-02
2.90160061e-02
2.89643489e-02
2.89121827e-02
2.88596155e-02
2.88077289e-02
2.87566028e-02
2.87059320e-02
2.86558477e-02
2.86061773e-02
2.85558572e-02
2.85042105e-02
2.84527104e-02
2.84021046e-02
2.83527370e-02
2.83041040e-02
2.82559022e-02
2.82077950e-02
2.81597588e-02
2.81112231e-02
2.80624600e-02
2.80138320e-02
2.79651741e-02
2.79157046e-02
2.78664200e-02
2.78180654e-02
2.77707840e-02
2.77245046e-02
2.76788042e-02
2.76327022e-02
2.75860865e-02
2.75397179e-02
2.74933973e-02
2.74472965e-02
2.74013298e-02
2.73552643e-02
2.73083757e-02
2.72610232e-02
2.72131714e-02
2.71623227e-02
2.71114324e-02
2.70633643e-02
2.70166375e-02
2.69709084e-02
2.69265235e-02
2.68831716e-02
2.68396155e-02
2.67950958e-02
2.67502095e-02
2.67054949e-02
2.66615916e-02
2.66185083e-02
2.65760601e-02
2.65336048e-02
2.64912512e-02
2.64491225e-02
2.64068754e-02
2.63648744e-02
2.63233631e-02
2.62821410e-02
2.62411399e-02
2.62000556e-02
2.61585799e-02
2.61171355e-02
2.60758709e-02
2.60349619e-02
2.59939781e-02
2.59522828e-02
2.59104896e-02
2.58692864e-02
2.58280404e-02
2.57871765e-02
2.57468830e-02
2.57067555e-02
2.56663301e-02
2.56258096e-02
2.55849817e-02
2.55441653e-02
2.55035528e-02
2.54638636e-02
2.54250259e-02
2.53865265e-02
2.53480961e-02
2.53091235e-02
2.52700168e-02
2.52306666e-02
2.51912262e-02
2.51521102e-02
2.51124479e-02
2.50729669e-02
2.50339392e-02
2.49948071e-02
2.49564394e-02
2.49188757e-02
2.48812021e-02
2.48433020e-02
2.48056770e-02
2.47687033e-02
2.47317943e-02
2.46945990e-02
2.46571711e-02
2.46196225e-02
2.45808314e-02
2.45419024e-02
2.45036431e-02
2.44664188e-02
2.44299737e-02
2.43931303e-02
2.43561060e-02
2.43191665e-02
2.42827581e-02
2.42473171e-02
2.42123810e-02
2.41775490e-02
2.41425825e-02
2.41073647e-02
2.40717825e-02
2.40358947e-02
2.39998876e-02
2.39640800e-02
2.39286562e-02
2.38938220e-02
2.38597439e-02
2.38259848e-02
2.37919496e-02
2.37575266e-02
2.37229061e-02
2.36885706e-02
2.36546014e-02
2.36206152e-02
2.35863652e-02
2.35525129e-02
2.35186414e-02
2.34843052e-02
2.34501529e-02
2.34164636e-02
2.33820962e-02
2.33466237e-02
2.33104386e-02
2.32749453e-02
2.32407677e-02
2.32076633e-02
2.31752815e-02
2.31433721e-02
2.31093572e-02
2.30743205e-02
2.30391382e-02
2.30045125e-02
2.29711567e-02
2.29384669e-02
2.29061351e-02
2.28738717e-02
2.28413949e-02
2.28087837e-02
2.27763439e-02
2.27443229e-02
2.27125996e-02
2.26812131e-02
2.26502706e-02
2.26196990e-02
2.25891355e-02
2.25585683e-02
2.25280655e-02
2.24974909e-02
2.24667240e-02
2.24342226e-02
2.24014342e-02
2.23695725e-02
2.23389761e-02
2.23085592e-02
2.22779487e-02
2.22468597e-02
2.22134116e-02
2.21783757e-02
2.21436799e-02
2.21112962e-02
2.20812864e-02
2.20505413e-02
2.20184528e-02
2.19859111e-02
2.19536382e-02
2.19212003e-02
2.18895684e-02
2.18590441e-02
2.18288227e-02
2.17982676e-02
2.17677495e-02
2.17376163e-02
2.17081124e-02
2.16782359e-02
2.16473002e-02
2.16165445e-02
2.15863932e-02
2.15566890e-02
2.15258128e-02
2.14942974e-02
2.14632163e-02
2.14333653e-02
2.14043777e-02
2.13749689e-02
2.13457485e-02
2.13168125e-02
2.12874205e-02
2.12578038e-02
2.12285312e-02
2.11991026e-02
2.11694300e-02
2.11403002e-02
2.11115003e-02
2.10829277e-02
2.10538543e-02
2.10246315e-02
2.09957749e-02
2.09675293e-02
2.09398016e-02
2.09118983e-02
2.08832765e-02
2.08543257e-02
2.08258295e-02
2.07978915e-02
2.07704195e-02
2.07429963e-02
2.07155068e-02
2.06881270e-02
2.06602737e-02
2.06324109e-02
2.06050575e-02
2.05781195e-02
2.05512604e-02
2.05241288e-02
2.04966721e-02
2.04684048e-02
2.04399282e-02
2.04114155e-02
2.03835534e-02
2.03565259e-02
2.03297410e-02
2.03030118e-02
2.02763702e-02
2.02497522e-02
2.02216478e-02
2.01919836e-02
2.01629086e-02
2.01354377e-02
2.01092354e-02
2.00833280e-02
2.00567845e-02
2.00293624e-02
2.00019856e-02
1.99747647e-02
1.99472462e-02
1.99201247e-02
1.98933966e-02
1.98669183e-02
1.98406128e-02
1.98147922e-02
1.97893077e-02
1.97638426e-02
1.97381681e-02
1.97122705e-02
1.96863371e-02
1.96607371e-02
1.96350764e-02
1.96095430e-02
1.95839925e-02
1.95582331e-02
1.95323848e-02
1.95065251e-02
1.94809036e-02
1.94554605e-02
1.94300114e-02
1.94043079e-02
1.93784415e-02
1.93522236e-02
1.93263735e-02
1.93013262e-02
1.92767404e-02
1.92523168e-02
1.92279170e-02
1.92031683e-02
1.91773097e-02
1.91512308e-02
1.91254629e-02
1.91001618e-02
1.90747774e-02
1.90487701e-02
1.90229777e-02
1.89976808e-02
1.89721965e-02
1.89468355e-02
1.89216952e-02
1.88966289e-02
1.88712132e-02
1.88460735e-02
1.88215187e-02
1.87974715e-02
1.87734713e-02
1.87493077e-02
1.87248264e-02
1.87006368e-02
1.86770149e-02
1.86536874e-02
1.86298650e-02
1.86056577e-02
1.85813027e-02
1.85570033e-02
1.85324184e-02
1.85078812e-02
1.84838285e-02
1.84599947e-02
1.84351707e-02
1.84099432e-02
1.83851115e-02
1.83611969e-02
1.83371154e-02
1.83130180e-02
1.82890352e-02
1.82651728e-02
1.82414380e-02
1.82176912e-02
1.81943442e-02
1.81712819e-02
1.81482332e-02
1.81243071e-02
1.80994983e-02
1.80748593e-02
1.80512492e-02
1.80286019e-02
1.80061925e-02
1.79834334e-02
1.79602491e-02
1.79369470e-02
1.79135540e-02
1.78898843e-02
1.78660833e-02
1.78420120e-02
1.78182905e-02
1.77946693e-02
1.77709227e-02
1.77469011e-02
1.77226921e-02
1.76987063e-02
1.76749678e-02
1.76516088e-02
1.76285809e-02
1.76060625e-02
1.75835192e-02
1.75605281e-02
1.75373582e-02
1.75144723e-02
1.74918288e-02
1.74691098e-02
1.74463146e-02
1.74235611e-02
1.74008767e-02
1.73780668e-02
1.73539799e-02
1.73294877e-02
1.73060419e-02
1.72841306e-02
1.72628501e-02
1.72413099e-02
1.72195671e-02
1.71978186e-02
1.71761086e-02
1.71542337e-02
1.71325091e-02
1.71109359e-02
1.70897355e-02
1.70688156e-02
1.70477086e-02
1.70265533e-02
1.70051328e-02
1.69830503e-02
1.69608003e-02
1.69388286e-02
1.69174622e-02
1.68959649e-02
1.68736232e-02
1.68511962e-02
1.68296336e-02
1.68090415e-02
1.67889756e-02
1.67688938e-02
1.67487099e-02
1.67284846e-02
1.67082457e-02
1.66881677e-02
1.66683973e-02
1.66488110e-02
1.66291988e-02
1.66094879e-02
1.65897024e-02
1.65698218e-02
1.65492959e-02
1.65280222e-02
1.65069620e-02
1.64867416e-02
1.64672808e-02
1.64482347e-02
1.64291031e-02
1.64097265e-02
1.63895492e-02
1.63688728e-02
1.63482680e-02
1.63282970e-02
1.63089048e-02
1.62898579e-02
1.62706805e-02
1.62512691e-02
1.62319784e-02
1.62128424e-02
1.61936748e-02
1.61745468e-02
1.61554979e-02
1.61366006e-02
1.61177726e-02
1.60990789e-02
1.60799369e-02
1.60602065e-02
1.60403916e-02
1.60209677e-02
1.60020423e-02
1.59832587e-02
1.59644253e-02
1.59457569e-02
1.59270631e-02
1.59084929e-02
1.58899427e-02
1.58712308e-02
1.58525771e-02
1.58340367e-02
1.58157191e-02
1.57974599e-02
1.57793324e-02
1.57613871e-02
1.57432735e-02
1.57247034e-02
1.57057905e-02
1.56863163e-02
1.56668051e-02
1.56480122e-02
1.56301881e-02
1.56130029e-02
1.55955783e-02
1.55771569e-02
1.55583585e-02
1.55394446e-02
1.55205091e-02
1.55013906e-02
1.54819734e-02
1.54631410e-02
1.54450993e-02
1.54272306e-02
1.54090288e-02
1.53909074e-02
1.53730154e-02
1.53554137e-02
1.53381645e-02
1.53211906e-02
1.53041384e-02
1.52869325e-02
1.52697000e-02
1.52525736e-02
1.52356552e-02
1.52185705e-02
1.52012675e-02
1.51835712e-02
1.51659251e-02
1.51484433e-02
1.51311886e-02
1.51137057e-02
1.50963208e-02
1.50793661e-02
1.50627877e-02
1.50462479e-02
1.50295787e-02
1.50126600e-02
1.49951677e-02
1.49778289e-02
1.49612750e-02
1.49454727e-02
1.49297349e-02
1.49131346e-02
1.48960011e-02
1.48789583e-02
1.48624973e-02
1.48464104e-02
1.48298851e-02
1.48124955e-02
1.47943505e-02
1.47763897e-02
1.47590967e-02
1.47426326e-02
1.47264970e-02
1.47104145e-02
1.46943722e-02
1.46783870e-02
1.46623418e-02
1.46462565e-02
1.46300092e-02
1.46131581e-02
1.45961367e-02
1.45793438e-02
1.45623873e-02
1.45456014e-02
1.45290080e-02
1.45124074e-02
1.44956478e-02
1.44783680e-02
1.44612957e-02
1.44448260e-02
1.44289778e-02
1.44130010e-02
1.43967796e-02
1.43805897e-02
1.43648673e-02
1.43495905e-02
1.43347395e-02
1.43201176e-02
1.43051149e-02
1.42898235e-02
1.42743925e-02
1.42591750e-02
1.42441391e-02
1.42288183e-02
1.42131893e-02
1.41975555e-02
1.41821284e-02
1.41666717e-02
1.41511490e-02
1.41354188e-02
1.41175661e-02
1.40993428e-02
1.40818720e-02
1.40659196e-02
1.40513247e-02
1.40371562e-02
1.40226947e-02
1.40077855e-02
1.39917053e-02
1.39750905e-02
1.39584588e-02
1.39426593e-02
1.39278653e-02
1.39136801e-02
1.38995189e-02
1.38849099e-02
1.38694569e-02
1.38535833e-02
1.38375763e-02
1.38222196e-02
1.38074691e-02
1.37929905e-02
1.37773637e-02
1.37615067e-02
1.37463712e-02
1.37316986e-02
1.37174494e-02
1.37036643e-02
1.36903275e-02
1.36769970e-02
1.36632971e-02
1.36494717e-02
1.36351433e-02
1.36207052e-02
1.36067399e-02
1.35929600e-02
1.35794050e-02
1.35656842e-02
1.35515156e-02
1.35372420e-02
1.35233023e-02
1.35094064e-02
1.34953802e-02
1.34813836e-02
1.34668830e-02
1.34516972e-02
1.34370424e-02
1.34232203e-02
1.34099893e-02
1.33968472e-02
1.33835214e-02
1.33703711e-02
1.33575032e-02
1.33445564e-02
1.33315732e-02
1.33184907e-02
1.33053419e-02
1.32923863e-02
1.32797513e-02
1.32673738e-02
1.32546474e-02
1.32415581e-02
1.32286893e-02
1.32158418e-02
1.32029973e-02
1.31892746e-02
1.31747942e-02
1.31602531e-02
1.31466092e-02
1.31340972e-02
1.31218910e-02
1.31087922e-02
1.30947223e-02
1.30803786e-02
1.30667243e-02
1.30537047e-02
1.30411054e-02
1.30282263e-02
1.30135887e-02
1.29988282e-02
1.29855735e-02
1.29737826e-02
1.29624260e-02
1.29508087e-02
1.29386164e-02
1.29260837e-02
1.29135415e-02
1.29012966e-02
1.28892353e-02
1.28771436e-02
1.28647353e-02
1.28517117e-02
1.28381934e-02
1.28251804e-02
1.28129917e-02
1.28011008e-02
1.27890384e-02
1.27767652e-02
1.27646503e-02
1.27518215e-02
1.27383808e-02
1.27251888e-02
1.27124802e-02
1.27001484e-02
1.26879526e-02
1.26753426e-02
1.26627360e-02
1.26508155e-02
1.26395985e-02
1.26284714e-02
1.26171605e-02
1.26056418e-02
1.25938529e-02
1.25821348e-02
1.25707283e-02
1.25595513e-02
1.25484905e-02
1.25375118e-02
1.25265024e-02
1.25152650e-02
1.25041046e-02
1.24929473e-02
1.24818833e-02
1.24708255e-02
1.24599170e-02
1.24492349e-02
1.24387674e-02
1.24281477e-02
1.24173901e-02
1.24065225e-02
1.23956653e-02
1.23844775e-02
1.23731952e-02
1.23621054e-02
1.23512782e-02
1.23406029e-02
1.23297165e-02
1.23183702e-02
1.23069537e-02
1.22959719e-02
1.22854234e-02
1.22750422e-02
1.22646418e-02
1.22541299e-02
1.22432436e-02
1.22321869e-02
1.22211725e-02
1.22105233e-02
1.22001641e-02
1.21898646e-02
1.21793320e-02
1.21686619e-02
1.21580045e-02
1.21469397e-02
1.21350830e-02
1.21234826e-02
1.21127492e-02
1.21027543e-02
1.20928836e-02
1.20828226e-02
1.20725263e-02
1.20621906e-02
1.20520035e-02
1.20421122e-02
1.20323310e-02
1.20224328e-02
1.20125618e-02
1.20028116e-02
1.19927782e-02
1.19825356e-02
1.19721920e-02
1.19619561e-02
1.19517671e-02
1.19414972e-02
1.19307377e-02
1.19198643e-02
1.19093108e-02
1.18991476e-02
1.18893380e-02
1.18797777e-02
1.18704009e-02
1.18608411e-02
1.18508699e-02
1.18408960e-02
1.18312916e-02
1.18220189e-02
1.18128292e-02
1.18034320e-02
1.17937633e-02
1.17840329e-02
1.17745671e-02
1.17654033e-02
1.17563413e-02
1.17473361e-02
1.17381862e-02
1.17289778e-02
1.17197679e-02
1.17105399e-02
1.17009190e-02
1.16907415e-02
1.16806318e-02
1.16709627e-02
1.16615230e-02
1.16521409e-02
1.16428691e-02
1.16337768e-02
1.16247876e-02
1.16158527e-02
1.16069368e-02
1.15978970e-02
1.15888640e-02
1.15798124e-02
1.15709182e-02
1.15620237e-02
1.15531041e-02
1.15440828e-02
1.15351720e-02
1.15264889e-02
1.15178258e-02
1.15091781e-02
1.15006372e-02
1.14918244e-02
1.14824172e-02
1.14730026e-02
1.14637615e-02
1.14546885e-02
1.14456350e-02
1.14364807e-02
1.14273589e-02
1.14182487e-02
1.14093647e-02
1.14007146e-02
1.13922053e-02
1.13836281e-02
1.13746823e-02
1.13656380e-02
1.13568189e-02
1.13482285e-02
1.13397742e-02
1.13314676e-02
1.13232507e-02
1.13150313e-02
1.13066463e-02
1.12981425e-02
1.12896874e-02
1.12812535e-02
1.12728697e-02
1.12640550e-02
1.12552114e-02
1.12462388e-02
1.12373927e-02
1.12287820e-02
1.12203116e-02
1.12120102e-02
1.12037000e-02
1.11950602e-02
1.11861221e-02
1.11771179e-02
1.11684661e-02
1.11601398e-02
1.11521205e-02
1.11440761e-02
1.11358278e-02
1.11274107e-02
1.11190609e-02
1.11108163e-02
1.11025347e-02
1.10941091e-02
1.10854977e-02
1.10769707e-02
1.10683818e-02
1.10598062e-02
1.10511464e-02
1.10425357e-02
1.10341186e-02
1.10260569e-02
1.10182831e-02
1.10103570e-02
1.10021694e-02
1.09940818e-02
1.09860113e-02
1.09779896e-02
1.09700722e-02
1.09623034e-02
1.09538897e-02
1.09453198e-02
1.09369262e-02
1.09285940e-02
1.09204185e-02
1.09124161e-02
1.09046642e-02
1.08969852e-02
1.08890897e-02
1.08809697e-02
1.08728049e-02
1.08644410e-02
1.08560612e-02
1.08478587e-02
1.08398340e-02
1.08319419e-02
1.08240279e-02
1.08161423e-02
1.08082595e-02
1.08003029e-02
1.07921677e-02
1.07841334e-02
1.07763414e-02
1.07687147e-02
1.07609676e-02
1.07528368e-02
1.07437979e-02
1.07346184e-02
1.07260158e-02
1.07180996e-02
1.07104112e-02
1.07028513e-02
1.06952730e-02
1.06875755e-02
1.06797813e-02
1.06718354e-02
1.06639563e-02
1.06562165e-02
1.06484865e-02
1.06407573e-02
1.06331913e-02
1.06257536e-02
1.06182939e-02
1.06103988e-02
1.06021292e-02
1.05937847e-02
1.05855902e-02
1.05777798e-02
1.05703769e-02
1.05632728e-02
1.05562435e-02
1.05488973e-02
1.05412521e-02
1.05329892e-02
1.05245993e-02
1.05167765e-02
1.05095162e-02
1.05025393e-02
1.04955181e-02
1.04884953e-02
1.04815530e-02
1.04746834e-02
1.04676368e-02
1.04604513e-02
1.04531831e-02
1.04458291e-02
1.04385091e-02
1.04311921e-02
1.04240252e-02
1.04168848e-02
1.04090778e-02
1.04012532e-02
1.03939014e-02
1.03870146e-02
1.03802632e-02
1.03734428e-02
1.03658142e-02
1.03578243e-02
1.03498417e-02
1.03420301e-02
1.03344508e-02
1.03272029e-02
1.03199904e-02
1.03127019e-02
1.03052657e-02
1.02977766e-02
1.02904595e-02
1.02834197e-02
1.02765546e-02
1.02696098e-02
1.02627217e-02
1.02560191e-02
1.02494118e-02
1.02427807e-02
1.02359594e-02
1.02288698e-02
1.02215297e-02
1.02141591e-02
1.02069648e-02
1.01998412e-02
1.01925618e-02
1.01852940e-02
1.01782638e-02
1.01715284e-02
1.01649141e-02
1.01580704e-02
1.01507710e-02
1.01434933e-02
1.01365607e-02
1.01298220e-02
1.01230944e-02
1.01163076e-02
1.01092463e-02
1.01022180e-02
1.00953556e-02
1.00884936e-02
1.00815909e-02
1.00746241e-02
1.00677283e-02
1.00609834e-02
1.00541928e-02
1.00474478e-02
1.00407415e-02
1.00339284e-02
1.00271654e-02
1.00204677e-02
1.00139186e-02
1.00073744e-02
1.00005034e-02
9.99323074e-03
