3.38127804e+00
1.29107809e+00
6.29037666e-01
3.34180781e-01
1.85969122e-01
1.07061432e-01
6.29545956e-02
3.76309550e-02
2.28420786e-02
1.41195137e-02
8.96093338e-03
5.92791335e-03
4.17112456e-03
3.17100824e-03
2.49081637e-03
2.01905548e-03
1.77258924e-03
1.60344347e-03
1.47390593e-03
1.36779487e-03
1.27700846e-03
1.18247707e-03
1.16667872e-03
1.11440768e-03
1.04266892e-03
9.68073034e-04
8.97605445e-04
8.33492738e-04
7.75987776e-04
7.24605637e-04
6.78639658e-04
6.37368728e-04
6.00134645e-04
5.66365149e-04
5.35574608e-04
4.79771689e-04
4.17377745e-04
3.89633420e-04
3.69326570e-04
3.51588005e-04
3.35347298e-04
3.20270710e-04
3.06189899e-04
2.92987642e-04
2.80571653e-04
2.68866227e-04
2.57808044e-04
2.47343361e-04
2.37425935e-04
2.28015478e-04
2.19076474e-04
2.10577303e-04
2.02489558e-04
1.94787532e-04
1.87447810e-04
1.80448955e-04
1.73771250e-04
1.67396495e-04
1.61307833e-04
1.55489613e-04
1.49927268e-04
1.44607212e-04
1.39516754e-04
1.34644023e-04
1.29977894e-04
1.25507935e-04
1.21224351e-04
1.17117934e-04
1.13180024e-04
1.09402467e-04
1.05777579e-04
1.02298115e-04
9.89572391e-05
9.57484957e-05
9.26657856e-05
8.97033420e-05
8.68557096e-05
8.41177242e-05
8.14844948e-05
7.89513863e-05
7.65140038e-05
7.41681777e-05
7.19099506e-05
6.97355639e-05
6.76414467e-05
6.56242041e-05
6.36806077e-05
6.18075853e-05
6.00022126e-05
5.82617044e-05
5.65834072e-05
5.49647916e-05
5.34034457e-05
5.18970686e-05
5.04434647e-05
4.90405376e-05
4.76862854e-05
4.63787954e-05
4.51162397e-05
4.38968708e-05
4.27190174e-05
4.15810808e-05
4.04815311e-05
3.94189037e-05
3.83917964e-05
3.73988663e-05
3.64388266e-05
3.55104446e-05
3.46125384e-05
3.37439749e-05
3.29036675e-05
3.20905741e-05
3.13036947e-05
3.05420697e-05
2.98047780e-05
2.90909354e-05
2.83996929e-05
2.77302350e-05
2.70817785e-05
2.64535707e-05
2.58448886e-05
2.52550370e-05
2.46833479e-05
2.41291789e-05
2.35919125e-05
2.30709545e-05
2.25657337e-05
2.20757005e-05
2.16003259e-05
2.11391012e-05
2.06915365e-05
2.02571606e-05
1.98355195e-05
1.94261765e-05
1.90287107e-05
1.86427171e-05
1.82678055e-05
1.79036000e-05
1.75497386e-05
1.72058724e-05
1.68716653e-05
1.65467933e-05
1.62309444e-05
1.59238177e-05
1.56251230e-05
1.53345808e-05
1.50519216e-05
1.47768854e-05
1.45092216e-05
1.42486884e-05
1.39950528e-05
1.37480899e-05
1.35075827e-05
1.32733221e-05
1.30451062e-05
1.28227402e-05
1.26060361e-05
1.23948127e-05
1.21888949e-05
1.19881138e-05
1.17923064e-05
1.16013153e-05
1.14149886e-05
1.12331797e-05
1.10557470e-05
1.08825539e-05
1.07134683e-05
1.05483628e-05
1.03871145e-05
1.02296044e-05
1.00757179e-05
9.92534399e-06
9.77837575e-06
9.63470973e-06
9.49424607e-06
9.35688829e-06
9.22254316e-06
9.09112065e-06
8.96253375e-06
8.83669841e-06
8.71353340e-06
8.59296023e-06
8.47490306e-06
8.35928860e-06
8.24604600e-06
8.13510680e-06
8.02640483e-06
7.91987613e-06
7.81545887e-06
8.35944739e-06
1.37282392e-05
1.50667441e-05
1.46993390e-05
1.38338013e-05
1.28974636e-05
1.20302549e-05
1.12664827e-05
1.06033992e-05
1.00272412e-05
9.52278879e-06
9.07651932e-06
8.67733459e-06
8.31643308e-06
7.98693586e-06
7.68349089e-06
7.40192888e-06
7.13898607e-06
6.89208879e-06
6.65918928e-06
6.43864151e-06
6.22910783e-06
6.02948881e-06
5.83887035e-06
5.65648378e-06
5.48167561e-06
5.31388439e-06
5.15262298e-06
4.99746487e-06
4.84803342e-06
4.70399348e-06
4.56504470e-06
4.43091622e-06
4.30136230e-06
4.17615887e-06
4.05510057e-06
3.93799841e-06
3.82467776e-06
3.71497663e-06
3.60874431e-06
3.50584007e-06
3.40613219e-06
3.30949702e-06
3.21581823e-06
3.12498608e-06
3.03689687e-06
2.95145240e-06
2.86855951e-06
2.78812968e-06
2.71007865e-06
2.63432612e-06
2.56079542e-06
2.48941332e-06
2.42010973e-06
2.35281753e-06
2.28747235e-06
2.22401244e-06
2.16237848e-06
2.10251345e-06
2.04436249e-06
1.98787280e-06
1.93299351e-06
1.87967561e-06
1.82787181e-06
1.77753650e-06
1.72862564e-06
1.68109670e-06
1.63490861e-06
1.59002165e-06
1.54639742e-06
1.50399880e-06
1.46278986e-06
1.42273582e-06
1.38380305e-06
1.34595894e-06
1.30917195e-06
1.27341149e-06
1.23864797e-06
1.20485266e-06
1.17199776e-06
1.14005630e-06
1.10900212e-06
1.07880989e-06
1.04945501e-06
1.02091364e-06
9.93162637e-07
