-912.32126
-913.67541
-913.96672
-914.0455
-914.06989
-914.07821
-914.08133
-914.08264
-914.08328
-914.08365
-914.08391
-914.0841
-914.08425
-914.08437
-914.08448
-914.08457
-914.08465
-914.08472
-914.08479
-914.08484
-914.08489
-914.08495
-914.085
-914.08505
-914.0851
-914.08513
-914.08517
-914.0852
-914.08523
-914.08526
-914.08528
-914.08531
-914.08533
-914.08534
-914.08536
-914.08538
-914.08539
-914.08541
-914.08542
-914.08543
-914.08545
-914.08546
-914.08547
-914.08548
-914.08549
-914.0855
-914.08551
-914.08551
-914.08552
-914.08553
-914.08554
-914.08554
-914.08555
-914.08555
-914.08556
-914.08557
-914.08557
-914.08558
-914.08558
-914.08559
-914.08559
-914.08559
-914.0856
-914.0856
-914.08561
-914.08561
-914.08561
-914.08562
-914.08562
-914.08562
-914.08563
-914.08563
-914.08563
-914.08564
-914.08564
-914.08564
-914.08564
-914.08565
-914.08565
-914.08565
-914.08565
-914.08565
-914.08566
-914.08566
-914.08566
-914.08566
-914.08566
-914.08567
-914.08567
-914.08567
-914.08567
-914.08567
-914.08567
-914.08568
-914.08568
-914.08568
-914.08568
-914.08568
-914.08568
-914.08568
-914.08568
-914.08569
-914.08569
-914.08569
-914.08569
-914.08569
-914.08569
-914.08569
-914.08569
-914.08569
-914.08569
-914.0857
-914.0857
-914.0857
-914.0857
-914.0857
-914.0857
-914.0857
-914.0857
-914.0857
-914.0857
-914.0857
-914.0857
-914.0857
-914.0857
-914.0857
-914.08571
-914.08571
-914.08571
-914.08571
-914.08571
-914.08571
-914.08571
-914.08571
-914.08571
-914.08571
-914.08571
-914.08571
-914.08571
-914.08571
-914.08571
-914.08571
-914.08571
-914.08571
-914.08571
-914.08571
-914.08571
-914.08571
-914.08571
-914.08572
-914.08572
-914.08572
-914.08572
-914.08572
-914.08572
-914.08572
-914.08572
-914.08572
-914.08572
-914.08572
-914.08572
-914.08572
-914.08572
-914.08572
-914.08572
-914.08572
-914.08572
-914.08572
-914.08572
-914.08572
-914.08572
-914.08572
-914.08572
-914.08572
-914.08572
-914.08572
-914.08572
-914.08572
-914.08572
-914.08572
-914.08572
-914.08572
-914.08572
-914.08572
-914.08572
-914.08572
-914.08572
-914.08572
-914.08572
-914.08572
-914.08572
-914.08572
-914.08572
-914.08572
-914.08572
-914.08573
-914.08573
-914.08573
-914.08573
-914.08573
-914.08573
-914.08573
-914.08573
-914.08573
-914.08573
-914.08573
-914.08573
-914.08573
-914.08573
-914.08573
-914.08573
-914.08573
-914.08573
-914.08573
-914.08573
-914.08573
-914.08573
-914.08573
-914.08573
-914.08573
-914.08573
-914.08573
-914.08573
-914.08573
-914.08573
-914.08573
-914.08573
-914.08573
-914.08573
-914.08573
-914.08573
-914.08573
-914.08573
-914.08573
-914.08573
-914.08573
-914.08573
-914.08573
-914.08573
-914.08573
-914.08573
-914.08573
-914.08573
-914.08573
-914.08573
-914.08573
-914.08573
-914.08573
-914.08573
-914.08573
-914.08573
-914.08573
-914.08573
-914.08573
-914.08573
-914.08573
-914.08573
-914.08573
-914.08573
-914.08573
-914.08573
-914.08573
-914.08573
-914.08573
-914.08573
-914.08573
-914.08573
-914.08573
-914.08573
-914.08573
-914.08573
-914.08573
-914.08573
-914.08573
-914.08573
