1.25330819e+00
7.53067038e-01
3.61917639e-01
3.51245163e-01
4.67301489e-01
5.05966563e-01
4.67599278e-01
3.86074684e-01
3.01230730e-01
2.46009315e-01
2.25458745e-01
2.17265913e-01
2.04059847e-01
1.84972753e-01
1.66686323e-01
1.53763081e-01
1.44590881e-01
1.35218183e-01
1.24237105e-01
1.13314514e-01
1.04866213e-01
9.93637600e-02
9.50730173e-02
8.99939407e-02
8.34560429e-02
7.61990356e-02
6.95156215e-02
6.42761113e-02
6.05153001e-02
5.77101456e-02
5.54153988e-02
5.35045947e-02
5.19939637e-02
5.08574668e-02
4.99960094e-02
4.93128739e-02
4.87477469e-02
4.82487340e-02
4.77158217e-02
4.70320098e-02
4.61089341e-02
4.49231529e-02
4.35293523e-02
4.20049504e-02
4.04100086e-02
3.87921470e-02
3.71835398e-02
3.56296720e-02
3.41791707e-02
3.28805402e-02
3.17785669e-02
3.08886908e-02
3.01997901e-02
2.96886930e-02
2.93191972e-02
2.90580236e-02
2.88689442e-02
2.87063278e-02
2.85346628e-02
2.83252145e-02
2.80559217e-02
2.77096043e-02
2.72849772e-02
2.67891401e-02
2.62355601e-02
2.56380462e-02
2.50093375e-02
2.43681667e-02
2.37383330e-02
2.31435489e-02
2.25983812e-02
2.21127531e-02
2.16904073e-02
2.13332049e-02
2.10388063e-02
2.07993927e-02
2.06040494e-02
2.04397554e-02
2.02902419e-02
2.01411109e-02
1.99823250e-02
1.98064417e-02
1.96092597e-02
1.93878801e-02
1.91425851e-02
1.88746831e-02
1.85892227e-02
1.82937506e-02
1.79971044e-02
1.77056717e-02
1.74217692e-02
1.71516148e-02
1.69010944e-02
1.66742141e-02
1.64713480e-02
1.62887942e-02
1.61248457e-02
1.59787792e-02
1.58460534e-02
1.57209603e-02
1.55984046e-02
1.54745878e-02
1.53468926e-02
1.52150155e-02
1.50783519e-02
1.49361354e-02
1.47884193e-02
1.46365825e-02
1.44777545e-02
1.43153045e-02
1.41558435e-02
1.40044530e-02
1.38598964e-02
1.37221286e-02
1.35927303e-02
1.34718731e-02
1.33588113e-02
1.32536806e-02
1.31550727e-02
1.30615498e-02
1.29716741e-02
1.28835941e-02
1.27960257e-02
1.27074908e-02
1.26163022e-02
1.25218216e-02
1.24226398e-02
1.23170241e-02
1.22085607e-02
1.21043234e-02
1.20062635e-02
1.19127390e-02
1.18221876e-02
1.17342284e-02
1.16487974e-02
1.15663424e-02
1.14868535e-02
1.14104320e-02
1.13372215e-02
1.12668215e-02
1.11987516e-02
1.11320636e-02
1.10663715e-02
1.10016299e-02
1.09376549e-02
1.08739834e-02
1.08104020e-02
1.07467759e-02
1.06831268e-02
1.06196902e-02
1.05567559e-02
1.04944038e-02
1.04322685e-02
1.03709427e-02
1.03107625e-02
1.02519862e-02
1.01945736e-02
1.01384431e-02
1.00833880e-02
1.00295314e-02
9.97693257e-03
