5.44191297e-01
3.52825325e-01
2.19287262e-01
2.07737057e-01
2.28889111e-01
2.28263922e-01
2.08035325e-01
1.80778026e-01
1.59906889e-01
1.50250684e-01
1.46384632e-01
1.41913302e-01
1.35145370e-01
1.27788491e-01
1.21930283e-01
1.18099904e-01
1.15349090e-01
1.12663147e-01
1.09752659e-01
1.06866908e-01
1.04353733e-01
1.02263896e-01
1.00447486e-01
9.87305691e-02
9.70610745e-02
9.54886748e-02
9.40549930e-02
9.27496146e-02
9.15397283e-02
9.04003571e-02
8.93184226e-02
8.82955207e-02
8.73231965e-02
8.64019419e-02
8.55164563e-02
8.46650892e-02
8.38584333e-02
8.30982255e-02
8.23778052e-02
8.16824707e-02
8.10156701e-02
8.03645720e-02
7.97139500e-02
7.90706785e-02
7.84484440e-02
7.78585149e-02
7.73013442e-02
7.67479364e-02
7.61966023e-02
7.56571606e-02
7.51438624e-02
7.46556370e-02
7.41926200e-02
7.37450948e-02
7.33052069e-02
7.28537874e-02
7.24087830e-02
7.19890679e-02
7.15888038e-02
7.11954750e-02
7.08048745e-02
7.04138780e-02
7.00245034e-02
6.96423965e-02
6.92746632e-02
6.89183676e-02
6.85695931e-02
6.82323878e-02
6.79065206e-02
6.75884501e-02
6.72740774e-02
6.69585941e-02
6.66345386e-02
6.63114035e-02
6.59993971e-02
6.56958021e-02
6.53988491e-02
6.51110359e-02
6.48303268e-02
6.45559968e-02
6.42823729e-02
6.40014573e-02
6.37198993e-02
6.34411479e-02
6.31730111e-02
6.29184260e-02
6.26737805e-02
6.24341582e-02
6.21950676e-02
6.19492510e-02
6.17045222e-02
6.14635262e-02
6.12297618e-02
6.09995773e-02
6.07738971e-02
6.05547990e-02
6.03294811e-02
6.01037833e-02
5.98865672e-02
5.96778086e-02
5.94639680e-02
5.92456456e-02
5.90351104e-02
5.88348035e-02
5.86394775e-02
5.84464305e-02
5.82542793e-02
5.80632946e-02
5.78729961e-02
5.76847501e-02
5.75009876e-02
5.73214441e-02
5.71438885e-02
5.69674490e-02
5.67921627e-02
5.66160559e-02
5.64390723e-02
5.62617863e-02
5.60861256e-02
5.59138357e-02
5.57456449e-02
5.55777976e-02
5.54094926e-02
5.52433307e-02
5.50788126e-02
5.49159987e-02
5.47516683e-02
5.45828088e-02
5.44130886e-02
5.42482732e-02
5.40900108e-02
5.39334544e-02
5.37774768e-02
5.36233032e-02
5.34726169e-02
5.33250942e-02
5.31798155e-02
5.30341295e-02
5.28864044e-02
5.27383945e-02
5.25901342e-02
5.24420572e-02
5.22930207e-02
5.21444936e-02
5.19990065e-02
5.18574708e-02
5.17177120e-02
5.15758596e-02
5.14331969e-02
5.12924511e-02
5.11525585e-02
5.10111595e-02
5.08720313e-02
5.07351490e-02
5.06010161e-02
5.04666095e-02
5.03329488e-02
5.01983728e-02
5.00594196e-02
4.99208022e-02
4.97864609e-02
4.96559024e-02
4.95253891e-02
4.93958195e-02
4.92673452e-02
4.91390293e-02
4.90116012e-02
4.88860455e-02
4.87612029e-02
4.86363345e-02
4.85119037e-02
4.83883651e-02
4.82648993e-02
4.81425251e-02
4.80197269e-02
4.78978490e-02
4.77755635e-02
4.76518500e-02
4.75287059e-02
4.74083882e-02
4.72905137e-02
4.71733466e-02
4.70555674e-02
4.69343552e-02
4.68118066e-02
4.66869817e-02
4.65639440e-02
4.64468383e-02
4.63346576e-02
4.62224666e-02
4.61067149e-02
4.59899211e-02
4.58724395e-02
4.57552522e-02
4.56389646e-02
4.55242099e-02
4.54101685e-02
4.52945250e-02
4.51782870e-02
4.50631415e-02
4.49489282e-02
4.48351571e-02
4.47222452e-02
4.46093930e-02
4.44973077e-02
4.43863373e-02
4.42766681e-02
4.41677314e-02
4.40536649e-02
4.39329659e-02
4.38099850e-02
4.36919195e-02
4.35800196e-02
4.34728942e-02
4.33661268e-02
4.32565566e-02
4.31426735e-02
4.30272119e-02
4.29121752e-02
4.28006275e-02
4.26932131e-02
4.25880279e-02
4.24837789e-02
4.23765248e-02
4.22676692e-02
4.21577316e-02
4.20477359e-02
4.19388186e-02
4.18287173e-02
4.17150345e-02
4.16035462e-02
4.14975020e-02
4.13953516e-02
4.12934618e-02
4.11895180e-02
4.10839098e-02
4.09768916e-02
4.08692372e-02
4.07621406e-02
4.06536471e-02
4.05385733e-02
4.04230359e-02
4.03136006e-02
4.02101116e-02
4.01081496e-02
4.00012569e-02
3.98896393e-02
3.97775465e-02
3.96686241e-02
3.95630538e-02
3.94602747e-02
3.93579865e-02
3.92545669e-02
3.91502013e-02
3.90431410e-02
3.89375804e-02
3.88359690e-02
3.87377561e-02
3.86390479e-02
3.85379852e-02
3.84357785e-02
3.83347759e-02
3.82364989e-02
3.81410478e-02
3.80471906e-02
3.79522971e-02
3.78556864e-02
3.77579159e-02
3.76605481e-02
3.75597367e-02
3.74591708e-02
3.73597926e-02
3.72598755e-02
3.71593110e-02
3.70579333e-02
3.69551006e-02
3.68484091e-02
3.67397308e-02
3.66342780e-02
3.65342072e-02
3.64342336e-02
3.63296943e-02
3.62220572e-02
3.61169839e-02
3.60174584e-02
3.59183868e-02
3.58179429e-02
3.57174605e-02
3.56203088e-02
3.55261932e-02
3.54303181e-02
3.53334702e-02
3.52376430e-02
3.51431787e-02
3.50502595e-02
3.49562580e-02
3.48622057e-02
3.47705156e-02
3.46814950e-02
3.45917438e-02
3.45011756e-02
3.44110397e-02
3.43225253e-02
3.42336422e-02
3.41422062e-02
3.40479794e-02
3.39519785e-02
3.38584792e-02
3.37700356e-02
3.36859720e-02
3.36041927e-02
3.35214380e-02
3.34372196e-02
3.33518260e-02
3.32664976e-02
3.31817479e-02
3.30967219e-02
3.30116233e-02
3.29248169e-02
3.28354861e-02
3.27441316e-02
3.26527621e-02
3.25651286e-02
3.24814595e-02
3.24007830e-02
3.23223613e-02
3.22460493e-02
3.21696246e-02
3.20919394e-02
3.20121649e-02
3.19316664e-02
3.18508746e-02
3.17690159e-02
3.16823748e-02
3.15970048e-02
3.15164696e-02
3.14389704e-02
3.13635587e-02
3.12887958e-02
3.12131773e-02
3.11381250e-02
3.10611389e-02
3.09817018e-02
3.09026005e-02
3.08225665e-02
3.07391123e-02
3.06554584e-02
3.05751110e-02
3.05007973e-02
3.04277870e-02
3.03528285e-02
3.02757353e-02
3.01993205e-02
3.01235513e-02
3.00503491e-02
2.99769382e-02
2.99027885e-02
2.98311057e-02
2.97613432e-02
2.96942327e-02
2.96288267e-02
2.95625075e-02
2.94902128e-02
2.94166771e-02
2.93473815e-02
2.92818654e-02
2.92165636e-02
2.91498024e-02
2.90801649e-02
2.90082556e-02
2.89361004e-02
2.88667921e-02
2.87983258e-02
2.87314745e-02
2.86661607e-02
2.85990742e-02
2.85311192e-02
2.84646734e-02
2.84013986e-02
2.83401899e-02
2.82787685e-02
2.82170259e-02
2.81556597e-02
2.80944192e-02
2.80315208e-02
2.79694454e-02
2.79094373e-02
2.78512603e-02
2.77932445e-02
2.77355310e-02
2.76767045e-02
2.76158693e-02
2.75569647e-02
2.75008881e-02
2.74476673e-02
2.73956958e-02
2.73396633e-02
2.72794106e-02
2.72199003e-02
2.71636436e-02
2.71102026e-02
2.70571668e-02
2.70046759e-02
2.69528887e-02
2.69006194e-02
2.68478420e-02
2.67959095e-02
2.67447756e-02
2.66942345e-02
2.66432826e-02
2.65923694e-02
2.65422913e-02
2.64933185e-02
2.64436426e-02
2.63935851e-02
2.63439457e-02
2.62953051e-02
2.62477912e-02
2.61994119e-02
2.61508336e-02
2.61022002e-02
2.60538159e-02
2.60042026e-02
2.59544882e-02
2.59067835e-02
2.58610185e-02
2.58152350e-02
2.57689151e-02
2.57225238e-02
2.56760962e-02
2.56271211e-02
2.55783914e-02
2.55308489e-02
2.54827020e-02
2.54342286e-02
2.53873749e-02
2.53408321e-02
2.52935381e-02
2.52463623e-02
2.51999846e-02
2.51551804e-02
2.51112552e-02
2.50672588e-02
2.50228820e-02
2.49779468e-02
2.49333086e-02
2.48888639e-02
2.48447787e-02
2.48014860e-02
2.47591555e-02
2.47163052e-02
2.46719520e-02
2.46278463e-02
2.45842386e-02
2.45398577e-02
2.44943355e-02
2.44486127e-02
2.44022416e-02
2.43571518e-02
2.43140049e-02
2.42710353e-02
2.42280730e-02
2.41842582e-02
2.41399744e-02
2.40957925e-02
2.40531312e-02
2.40125883e-02
2.39728650e-02
2.39333691e-02
2.38928347e-02
2.38480266e-02
2.38011697e-02
2.37572251e-02
2.37167202e-02
2.36776310e-02
2.36391513e-02
2.36000434e-02
2.35608884e-02
2.35223744e-02
2.34813945e-02
2.34380399e-02
2.33954894e-02
2.33529644e-02
2.33111959e-02
2.32695570e-02
2.32288693e-02
2.31888037e-02
2.31466948e-02
2.31044003e-02
2.30634656e-02
2.30247647e-02
2.29874970e-02
2.29498852e-02
2.29123190e-02
2.28746907e-02
2.28357953e-02
2.27964682e-02
2.27564861e-02
2.27167731e-02
2.26770227e-02
2.26362243e-02
2.25965686e-02
2.25590639e-02
2.25236920e-02
2.24896954e-02
2.24558776e-02
2.24211604e-02
2.23851871e-02
2.23477034e-02
2.23099797e-02
2.22732265e-02
2.22371160e-02
2.22018245e-02
2.21665310e-02
2.21298698e-02
2.20931793e-02
2.20566709e-02
2.20200727e-02
2.19835431e-02
2.19472765e-02
2.19116107e-02
2.18765327e-02
2.18425764e-02
2.18095371e-02
2.17765629e-02
2.17431678e-02
2.17060961e-02
2.16636270e-02
2.16216202e-02
2.15833830e-02
2.15494091e-02
2.15182740e-02
2.14874354e-02
2.14549144e-02
2.14214023e-02
2.13859578e-02
2.13497074e-02
2.13141994e-02
2.12797098e-02
2.12462970e-02
2.12132810e-02
2.11802718e-02
2.11464846e-02
2.11083812e-02
2.10686182e-02
2.10275985e-02
2.09871047e-02
2.09489841e-02
2.09139636e-02
2.08818616e-02
2.08505418e-02
2.08188993e-02
2.07867997e-02
2.07524028e-02
2.07153338e-02
2.06795404e-02
2.06472278e-02
2.06172992e-02
2.05873644e-02
2.05552601e-02
2.05225621e-02
2.04907788e-02
2.04597774e-02
2.04290654e-02
2.03979437e-02
2.03670380e-02
2.03364759e-02
2.03061376e-02
2.02757553e-02
2.02444002e-02
2.02131376e-02
2.01817008e-02
2.01502404e-02
2.01190219e-02
2.00879657e-02
2.00554468e-02
2.00230853e-02
1.99914185e-02
1.99604452e-02
1.99293754e-02
1.98968259e-02
1.98638127e-02
1.98318039e-02
1.98008727e-02
1.97709155e-02
1.97414353e-02
1.97121202e-02
1.96830545e-02
1.96540696e-02
1.96247845e-02
1.95948039e-02
1.95628219e-02
1.95307737e-02
1.95000537e-02
1.94694969e-02
1.94391976e-02
1.94095881e-02
1.93806437e-02
1.93527047e-02
1.93255487e-02
1.92981079e-02
1.92695715e-02
1.92374214e-02
1.92043756e-02
1.91725496e-02
1.91419316e-02
1.91114028e-02
1.90812227e-02
1.90527132e-02
1.90244930e-02
1.89948897e-02
1.89643881e-02
1.89334493e-02
1.89032520e-02
1.88741077e-02
1.88467087e-02
1.88194876e-02
1.87910782e-02
1.87616308e-02
1.87313887e-02
1.87020666e-02
1.86744413e-02
1.86472484e-02
1.86205793e-02
1.85937998e-02
1.85671685e-02
1.85399531e-02
1.85108390e-02
1.84812618e-02
1.84528514e-02
1.84248830e-02
1.83972089e-02
1.83706412e-02
1.83453460e-02
1.83204320e-02
1.82948284e-02
1.82681889e-02
1.82416375e-02
1.82145013e-02
1.81871295e-02
1.81603188e-02
1.81335810e-02
1.81051366e-02
1.80765944e-02
1.80489026e-02
1.80228571e-02
1.79962022e-02
1.79696650e-02
1.79428097e-02
1.79161471e-02
1.78899775e-02
1.78628606e-02
1.78358351e-02
1.78095281e-02
1.77840170e-02
1.77596112e-02
1.77345460e-02
1.77082301e-02
1.76813502e-02
1.76551357e-02
1.76297671e-02
1.76048334e-02
1.75801141e-02
1.75541111e-02
1.75271387e-02
1.75010757e-02
1.74764174e-02
1.74521081e-02
1.74275936e-02
1.74021941e-02
1.73759200e-02
1.73490879e-02
1.73215342e-02
1.72950147e-02
1.72702073e-02
1.72460917e-02
1.72220719e-02
1.71986234e-02
1.71759288e-02
1.71526787e-02
1.71280837e-02
1.71032519e-02
1.70779535e-02
1.70523252e-02
1.70273825e-02
1.70023279e-02
1.69779680e-02
1.69531967e-02
1.69280257e-02
1.69005657e-02
1.68736758e-02
1.68463682e-02
1.68185844e-02
1.67914707e-02
1.67661848e-02
1.67427255e-02
1.67204304e-02
1.66983116e-02
1.66742665e-02
1.66484460e-02
1.66214670e-02
1.65952223e-02
1.65705488e-02
1.65474256e-02
1.65234185e-02
1.64976982e-02
1.64724862e-02
1.64484276e-02
1.64231830e-02
1.63970643e-02
1.63705476e-02
1.63459492e-02
1.63236552e-02
1.63024614e-02
1.62811629e-02
1.62583240e-02
1.62345864e-02
1.62100005e-02
1.61840030e-02
1.61571301e-02
1.61324582e-02
1.61106562e-02
1.60897748e-02
1.60678759e-02
1.60444911e-02
1.60189583e-02
1.59925736e-02
1.59679379e-02
1.59454107e-02
1.59239565e-02
1.59031203e-02
1.58819142e-02
1.58599580e-02
1.58369184e-02
1.58143863e-02
1.57927613e-02
1.57709275e-02
1.57488240e-02
1.57253947e-02
1.57016853e-02
1.56790166e-02
1.56579779e-02
1.56378044e-02
1.56172091e-02
1.55950711e-02
1.55731013e-02
1.55520186e-02
1.55312277e-02
1.55098682e-02
1.54877550e-02
1.54654765e-02
1.54430903e-02
1.54218684e-02
1.54005919e-02
1.53792915e-02
1.53585184e-02
1.53383354e-02
1.53181210e-02
1.52978360e-02
1.52771245e-02
1.52552590e-02
1.52332828e-02
1.52123869e-02
1.51924775e-02
1.51733517e-02
1.51545646e-02
1.51357539e-02
1.51168539e-02
1.50967403e-02
1.50750060e-02
1.50536569e-02
1.50333301e-02
1.50137500e-02
1.49936306e-02
1.49728139e-02
1.49521317e-02
1.49316039e-02
1.49116126e-02
1.48921726e-02
1.48733561e-02
1.48551371e-02
1.48371450e-02
1.48188081e-02
1.48002318e-02
1.47810215e-02
1.47617500e-02
1.47421270e-02
1.47221202e-02
1.47020104e-02
1.46824584e-02
1.46638935e-02
1.46456542e-02
1.46264244e-02
1.46071315e-02
1.45885629e-02
1.45705283e-02
1.45520207e-02
1.45327476e-02
1.45133607e-02
1.44944091e-02
1.44750962e-02
1.44544725e-02
1.44331914e-02
1.44130056e-02
1.43939963e-02
1.43757142e-02
1.43574773e-02
1.43389322e-02
1.43196035e-02
1.42999258e-02
1.42798088e-02
1.42595537e-02
1.42398979e-02
1.42214312e-02
1.42037612e-02
1.41861122e-02
1.41676740e-02
1.41485051e-02
1.41258078e-02
1.41025065e-02
1.40807341e-02
1.40612828e-02
1.40430227e-02
1.40252827e-02
1.40070796e-02
1.39886286e-02
1.39699414e-02
1.39506592e-02
1.39307608e-02
1.39111964e-02
1.38926389e-02
1.38751309e-02
1.38570337e-02
1.38376075e-02
1.38178560e-02
1.37982847e-02
1.37800452e-02
1.37625748e-02
1.37453437e-02
1.37283642e-02
1.37104998e-02
1.36922846e-02
1.36738714e-02
1.36553473e-02
1.36351474e-02
1.36151695e-02
1.35967214e-02
1.35790258e-02
1.35616126e-02
1.35440840e-02
1.35261062e-02
1.35078035e-02
1.34901689e-02
1.34736189e-02
1.34578616e-02
1.34422801e-02
1.34251241e-02
1.34069095e-02
1.33891959e-02
1.33713111e-02
1.33520946e-02
1.33333977e-02
1.33161980e-02
1.32995880e-02
1.32833347e-02
1.32668497e-02
1.32492515e-02
1.32308464e-02
1.32129344e-02
1.31939652e-02
1.31746343e-02
1.31561632e-02
1.31397042e-02
1.31249112e-02
1.31106702e-02
1.30954022e-02
1.30775732e-02
1.30574104e-02
1.30373103e-02
1.30190963e-02
1.30028764e-02
1.29863146e-02
1.29684964e-02
1.29505626e-02
1.29329868e-02
1.29148015e-02
1.28971879e-02
1.28807642e-02
1.28651232e-02
1.28485719e-02
1.28316364e-02
1.28143583e-02
1.27978435e-02
1.27820065e-02
1.27663197e-02
1.27493901e-02
1.27306342e-02
1.27123635e-02
1.26952367e-02
1.26790034e-02
1.26635659e-02
1.26482642e-02
1.26330408e-02
1.26168856e-02
1.25999080e-02
1.25832689e-02
1.25675911e-02
1.25522336e-02
1.25366815e-02
1.25207944e-02
1.25051393e-02
1.24900842e-02
1.24746791e-02
1.24592540e-02
1.24436327e-02
1.24275169e-02
1.24117346e-02
1.23951266e-02
1.23780297e-02
1.23622296e-02
1.23469034e-02
1.23306000e-02
1.23138612e-02
1.22978869e-02
1.22820893e-02
1.22656061e-02
1.22486936e-02
1.22314050e-02
1.22138680e-02
1.21960734e-02
1.21791539e-02
1.21634488e-02
1.21490355e-02
1.21347939e-02
1.21177689e-02
1.20982614e-02
1.20796594e-02
1.20624915e-02
1.20463054e-02
1.20310791e-02
1.20166363e-02
1.20022313e-02
1.19877833e-02
1.19713986e-02
1.19539075e-02
1.19366809e-02
1.19207621e-02
1.19049781e-02
1.18893879e-02
1.18734175e-02
1.18575673e-02
1.18414152e-02
1.18248338e-02
1.18087968e-02
1.17935086e-02
1.17791022e-02
1.17654310e-02
1.17519732e-02
1.17377746e-02
1.17225816e-02
1.17062259e-02
1.16903540e-02
1.16752851e-02
1.16603209e-02
1.16445851e-02
1.16292027e-02
1.16148031e-02
1.16011014e-02
1.15864369e-02
1.15705447e-02
1.15547639e-02
1.15393271e-02
1.15231689e-02
1.15065815e-02
1.14894859e-02
1.14721182e-02
1.14543550e-02
1.14362427e-02
1.14182186e-02
1.14018532e-02
1.13857453e-02
1.13698740e-02
1.13541549e-02
1.13394193e-02
1.13258214e-02
1.13117351e-02
1.12962055e-02
1.12809750e-02
1.12664808e-02
1.12516306e-02
1.12364992e-02
1.12201798e-02
1.12033373e-02
1.11860158e-02
1.11687151e-02
1.11522230e-02
1.11365109e-02
1.11215827e-02
1.11076017e-02
1.10936333e-02
1.10798963e-02
1.10665516e-02
1.10529312e-02
1.10374505e-02
1.10215311e-02
1.10060564e-02
1.09904940e-02
1.09747305e-02
1.09588974e-02
1.09431115e-02
1.09270922e-02
1.09120023e-02
1.08976418e-02
1.08836349e-02
1.08701247e-02
1.08548723e-02
1.08358519e-02
1.08168257e-02
1.07999407e-02
1.07858651e-02
1.07726977e-02
1.07582037e-02
1.07410226e-02
1.07218582e-02
1.07027127e-02
1.06861964e-02
1.06717461e-02
1.06580916e-02
1.06441196e-02
1.06298581e-02
1.06157885e-02
1.06002609e-02
1.05848517e-02
1.05703996e-02
1.05562226e-02
1.05422947e-02
1.05289258e-02
1.05154135e-02
1.05010700e-02
1.04872163e-02
1.04745543e-02
1.04626449e-02
1.04502830e-02
1.04365820e-02
1.04208876e-02
1.04049563e-02
1.03907699e-02
1.03785023e-02
1.03653908e-02
1.03511349e-02
1.03365932e-02
1.03216788e-02
1.03069625e-02
1.02928988e-02
1.02769486e-02
1.02580254e-02
1.02364966e-02
1.02144993e-02
1.01949407e-02
1.01787222e-02
1.01650595e-02
1.01526493e-02
1.01400659e-02
1.01258176e-02
1.01098852e-02
1.00928233e-02
1.00760332e-02
1.00594497e-02
1.00444313e-02
1.00316459e-02
1.00198356e-02
1.00053534e-02
9.98897212e-03
