1.26602645e+00
7.75682226e-01
4.06577925e-01
4.11415751e-01
5.15401718e-01
5.33863851e-01
4.77401610e-01
3.89157084e-01
3.15731713e-01
2.80216639e-01
2.66549054e-01
2.48770742e-01
2.20226092e-01
1.90387265e-01
1.71063170e-01
1.63311497e-01
1.58020949e-01
1.47941371e-01
1.33123671e-01
1.18412716e-01
1.08584453e-01
1.04114111e-01
1.01698641e-01
9.83197559e-02
9.32539688e-02
8.75470062e-02
8.24990886e-02
7.86143008e-02
7.55278365e-02
7.26988502e-02
6.98965456e-02
6.71958764e-02
6.47452248e-02
6.25819288e-02
6.06555286e-02
5.88928119e-02
5.72717220e-02
5.58024292e-02
5.44691622e-02
5.32244864e-02
5.19945129e-02
5.07383221e-02
4.94662246e-02
4.82135059e-02
4.70116720e-02
4.58801145e-02
4.48099813e-02
4.38017966e-02
4.28471882e-02
4.19442224e-02
4.10882567e-02
4.02758551e-02
3.95014548e-02
3.87563523e-02
3.80437852e-02
3.73617905e-02
3.67072015e-02
3.60833653e-02
3.54901816e-02
3.49240691e-02
3.43805416e-02
3.38403052e-02
3.32795819e-02
3.27263201e-02
3.22018009e-02
3.17055120e-02
3.12155938e-02
3.07322279e-02
3.02529977e-02
2.97761299e-02
2.93015733e-02
2.88296151e-02
2.83598767e-02
2.78953744e-02
2.74427457e-02
2.70093169e-02
2.66013804e-02
2.62227654e-02
2.58705846e-02
2.55383758e-02
2.52207521e-02
2.49139575e-02
2.46128370e-02
2.43161525e-02
2.40249881e-02
2.37384675e-02
2.34563302e-02
2.31788669e-02
2.29063726e-02
2.26387045e-02
2.23776088e-02
2.21229531e-02
2.18742346e-02
2.16318498e-02
2.13963426e-02
2.11672994e-02
2.09437339e-02
2.07251414e-02
2.05118090e-02
2.03038407e-02
2.01011620e-02
1.99043031e-02
1.97125043e-02
1.95242034e-02
1.93387517e-02
1.91561130e-02
1.89759147e-02
1.87978801e-02
1.86217363e-02
1.84491796e-02
1.82809873e-02
1.81168063e-02
1.79558636e-02
1.77976116e-02
1.76429213e-02
1.74917623e-02
1.73433792e-02
1.71981758e-02
1.70565754e-02
1.69175759e-02
1.67806247e-02
1.66463192e-02
1.65145149e-02
1.63847802e-02
1.62573419e-02
1.61314935e-02
1.60070601e-02
1.58844553e-02
1.57638697e-02
1.56450125e-02
1.55280657e-02
1.54125323e-02
1.52987221e-02
1.51875239e-02
1.50783023e-02
1.49701593e-02
1.48639448e-02
1.47598807e-02
1.46578063e-02
1.45575635e-02
1.44587250e-02
1.43610593e-02
1.42644661e-02
1.41687786e-02
1.40745428e-02
1.39820772e-02
1.38913153e-02
1.38019450e-02
1.37138916e-02
1.36269517e-02
1.35405199e-02
1.34543802e-02
1.33680549e-02
1.32808086e-02
1.31926540e-02
1.31026385e-02
1.30097223e-02
1.29131824e-02
1.28140040e-02
1.27162861e-02
1.26238689e-02
1.25383228e-02
1.24586592e-02
1.23832597e-02
1.23108581e-02
1.22406135e-02
1.21720690e-02
1.21048395e-02
1.20385364e-02
1.19730695e-02
1.19082377e-02
1.18438314e-02
1.17797384e-02
1.17164025e-02
1.16536718e-02
1.15918691e-02
1.15312898e-02
1.14719403e-02
1.14133340e-02
1.13553324e-02
1.12982846e-02
1.12417239e-02
1.11855217e-02
1.11298797e-02
1.10749388e-02
1.10210047e-02
1.09677361e-02
1.09151287e-02
1.08634023e-02
1.08124307e-02
1.07621554e-02
1.07124386e-02
1.06631259e-02
1.06144219e-02
1.05662922e-02
1.05185844e-02
1.04714303e-02
1.04249627e-02
1.03789859e-02
1.03335296e-02
1.02884240e-02
1.02437446e-02
1.01990877e-02
1.01548622e-02
1.01116862e-02
1.00696504e-02
1.00282263e-02
9.98688056e-03
