-1.0426265
-0.7747491
-0.76044182
-0.93296519
-1.1908716
-1.4405808
-1.5366231
-1.5276769
-1.5403163
-1.589154
-1.6582713
-1.7244482
-1.7565374
-1.7645447
-1.784666
-1.8187865
-1.8562455
-1.8798295
-1.8821623
-1.8797355
-1.8852883
-1.9003373
-1.9210783
-1.9403153
-1.9445908
-1.9455106
-1.9490397
-1.9552774
-1.9625343
-1.9680113
-1.9703526
-1.9723844
-1.9751674
-1.9789255
-1.9832352
-1.9868713
-1.9885509
-1.990392
-1.9929233
-1.9960456
-1.9993242
-2.0021842
-2.0036966
-2.0043534
-2.0050133
-2.005974
-2.0071385
-2.0083562
-2.0094081
-2.0103083
-2.0111487
-2.0119669
-2.0128169
-2.0136895
-2.0145621
-2.0154149
-2.0162674
-2.0171518
-2.0180646
-2.0189919
-2.019911
-2.0208189
-2.0217114
-2.0225577
-2.0233128
-2.0239576
-2.0244589
-2.0248044
-2.0251113
-2.0254202
-2.0257501
-2.026101
-2.0264651
-2.0268382
-2.0272272
-2.027632
-2.0280486
-2.0284789
-2.0289198
-2.0293668
-2.0298164
-2.0302646
-2.0307059
-2.0311254
-2.0315159
-2.0318691
-2.032186
-2.0324654
-2.0326965
-2.0328929
-2.0330845
-2.0332808
-2.0334826
-2.0336922
-2.03391
-2.0341357
-2.0343687
-2.0346073
-2.0348511
-2.0350999
-2.0353567
-2.0356246
-2.0358965
-2.0361647
-2.0364255
-2.036675
-2.0369065
-2.0371183
-2.0373066
-2.0374613
-2.0375971
-2.0377293
-2.0378641
-2.0380032
-2.0381498
-2.0383007
-2.0384546
-2.0386131
-2.0387763
-2.0389413
-2.0391075
-2.0392761
-2.0394441
-2.0396086
-2.0397704
-2.0399267
-2.0400799
-2.040229
-2.0403717
-2.0405038
-2.0406238
-2.0407333
-2.0408381
-2.0409437
-2.0410501
-2.0411571
-2.0412665
-2.041377
-2.0414893
-2.041603
-2.0417173
-2.0418326
-2.0419465
-2.0420591
-2.0421722
-2.0422858
-2.0423984
-2.0425094
-2.0426183
-2.0427247
-2.0428254
-2.0429197
-2.0430072
-2.0430893
-2.0431696
-2.0432491
-2.0433293
-2.0434096
-2.0434892
-2.0435691
-2.0436503
-2.0437316
-2.0438131
-2.0438968
-2.0439812
-2.0440655
-2.0441498
-2.0442328
-2.0443141
-2.0443936
-2.0444702
-2.0445436
-2.0446143
-2.0446827
-2.0447489
-2.0448147
-2.0448812
-2.0449484
-2.0450149
-2.0450812
-2.0451473
-2.0452104
-2.0452726
-2.0453359
-2.0454005
-2.0454658
-2.0455305
-2.0455953
-2.0456603
-2.0457248
-2.0457877
-2.0458487
-2.0459078
-2.0459659
-2.0460238
-2.0460811
-2.0461373
-2.0461924
-2.046247
-2.0463011
-2.0463549
-2.046408
-2.04646
-2.0465119
-2.0465644
-2.0466173
-2.0466699
-2.0467214
