1.32335533e+00
8.42584299e-01
4.88694600e-01
4.68147697e-01
5.52426844e-01
5.73447116e-01
5.27058514e-01
4.45685687e-01
3.69075795e-01
3.21992421e-01
2.99178157e-01
2.80788487e-01
2.57528811e-01
2.32826321e-01
2.13130831e-01
1.99731631e-01
1.88386002e-01
1.75331243e-01
1.60899169e-01
1.48058901e-01
1.38962578e-01
1.33146587e-01
1.28329718e-01
1.22750740e-01
1.16182809e-01
1.09572560e-01
1.03885292e-01
9.93718895e-02
9.56282408e-02
9.21978709e-02
8.88636335e-02
8.56693814e-02
8.27155484e-02
8.00331844e-02
7.75706112e-02
7.52788927e-02
7.31413312e-02
7.11425363e-02
6.92849353e-02
6.75564884e-02
6.59259173e-02
6.43573798e-02
6.28317140e-02
6.13410779e-02
5.99087984e-02
5.85318482e-02
5.72026501e-02
5.59131895e-02
5.46576860e-02
5.34197627e-02
5.21619804e-02
5.08408948e-02
4.95869303e-02
4.84676068e-02
4.74508137e-02
4.64881940e-02
4.55645047e-02
4.46802001e-02
4.38398541e-02
4.30419997e-02
4.22793799e-02
4.15452128e-02
4.08306099e-02
4.01289788e-02
3.94431299e-02
3.87732508e-02
3.81195033e-02
3.74804000e-02
3.68576055e-02
3.62535652e-02
3.56648215e-02
3.50895612e-02
3.45256118e-02
3.39758011e-02
3.34401905e-02
3.29225868e-02
3.24241245e-02
3.19425878e-02
3.14769872e-02
3.10253828e-02
3.05877060e-02
3.01638422e-02
2.97512168e-02
2.93445179e-02
2.89435197e-02
2.85514219e-02
2.81719177e-02
2.78059627e-02
2.74507875e-02
2.71034690e-02
2.67637854e-02
2.64319755e-02
2.61074869e-02
2.57901081e-02
2.54802244e-02
2.51761639e-02
2.48778810e-02
2.45876455e-02
2.43066748e-02
2.40333042e-02
2.37662311e-02
2.35042171e-02
2.32475842e-02
2.29976759e-02
2.27537300e-02
2.25156772e-02
2.22826386e-02
2.20539089e-02
2.18303772e-02
2.16122801e-02
2.13992366e-02
2.11903252e-02
2.09859560e-02
2.07867343e-02
2.05924608e-02
2.04013568e-02
2.02119711e-02
2.00247555e-02
1.98404194e-02
1.96592201e-02
1.94826434e-02
1.93115097e-02
1.91454409e-02
1.89837468e-02
1.88244279e-02
1.86663967e-02
1.85102720e-02
1.83567578e-02
1.82066998e-02
1.80600741e-02
1.79156478e-02
1.77728267e-02
1.76317658e-02
1.74925811e-02
1.73542496e-02
1.72189793e-02
1.70867503e-02
1.69554882e-02
1.68264388e-02
1.66999306e-02
1.65758297e-02
1.64536497e-02
1.63330905e-02
1.62139406e-02
1.60976769e-02
1.59839287e-02
1.58722346e-02
1.57623548e-02
1.56535571e-02
1.55458376e-02
1.54397571e-02
1.53349506e-02
1.52326928e-02
1.51333669e-02
1.50352682e-02
1.49372633e-02
1.48394587e-02
1.47431112e-02
1.46492635e-02
1.45579689e-02
1.44682421e-02
1.43791421e-02
1.42910420e-02
1.42038466e-02
1.41187226e-02
1.40361850e-02
1.39550836e-02
1.38749210e-02
1.37954949e-02
1.37159588e-02
1.36369951e-02
1.35596526e-02
1.34840467e-02
1.34092295e-02
1.33347297e-02
1.32613782e-02
1.31900252e-02
1.31202915e-02
1.30511811e-02
1.29824599e-02
1.29148159e-02
1.28483066e-02
1.27826215e-02
1.27173956e-02
1.26528999e-02
1.25890357e-02
1.25259506e-02
1.24633544e-02
1.24017736e-02
1.23411196e-02
1.22813348e-02
1.22219263e-02
1.21617424e-02
1.21019709e-02
1.20438313e-02
1.19867733e-02
1.19308992e-02
1.18762978e-02
1.18220969e-02
1.17678792e-02
1.17139192e-02
1.16608902e-02
1.16085083e-02
1.15568251e-02
1.15054500e-02
1.14547517e-02
1.14045936e-02
1.13546107e-02
1.13045071e-02
1.12553084e-02
1.12076233e-02
1.11609229e-02
1.11136567e-02
1.10653650e-02
1.10174673e-02
1.09699396e-02
1.09235622e-02
1.08788135e-02
1.08357773e-02
1.07938690e-02
1.07522447e-02
1.07101625e-02
1.06679667e-02
1.06265578e-02
1.05862330e-02
1.05457384e-02
1.05049547e-02
1.04649566e-02
1.04261037e-02
1.03880780e-02
1.03496546e-02
1.03109284e-02
1.02725416e-02
1.02347236e-02
1.01976012e-02
1.01609802e-02
1.01247680e-02
1.00889420e-02
1.00529919e-02
1.00167467e-02
9.98041993e-03
