-0.74088001
-0.5130068
-0.52180955
-0.70657563
-0.97507282
-1.2417166
-1.3924606
-1.4062724
-1.41786
-1.4594323
-1.5236281
-1.5967276
-1.6534486
-1.6872155
-1.7176098
-1.7526519
-1.7848775
-1.8078536
-1.8195618
-1.8280048
-1.841338
-1.8609878
-1.8830617
-1.9002199
-1.9059486
-1.909454
-1.9149628
-1.9229888
-1.9321217
-1.9398162
-1.9445213
-1.9479082
-1.9516646
-1.9562388
-1.9611168
-1.9654172
-1.9688788
-1.9723033
-1.9759737
-1.9797575
-1.9834246
-1.9864837
-1.9886519
-1.9906299
-1.9926901
-1.9947516
-1.9967313
-1.9985542
-2.0001261
-2.0015392
-2.0028468
-2.0041045
-2.0053459
-2.0065675
-2.0077754
-2.0089726
-2.010161
-2.0113685
-2.0125989
-2.0138275
-2.015037
-2.0162222
-2.0173547
-2.0184005
-2.0193542
-2.0202228
-2.0210194
-2.0217393
-2.0224057
-2.0230409
-2.0236446
-2.024223
-2.0247765
-2.0253123
-2.0258274
-2.0263409
-2.0268702
-2.0274098
-2.0279629
-2.0285225
-2.0290879
-2.0296568
-2.03022
-2.0307646
-2.031293
-2.0318003
-2.032287
-2.0327565
-2.0332053
-2.0336219
-2.0340094
-2.0343703
-2.0347057
-2.0350268
-2.0353396
-2.0356369
-2.0359288
-2.0362229
-2.0365205
-2.0368182
-2.0371176
-2.0374198
-2.0377235
-2.0380268
-2.0383249
-2.0386187
-2.0389057
-2.0391864
-2.03946
-2.0397252
-2.0399846
-2.0402337
-2.0404716
-2.0407032
-2.0409279
-2.0411436
-2.0413494
-2.041547
-2.0417338
-2.0419127
-2.0420926
-2.0422774
-2.0424693
-2.0426677
-2.0428635
-2.0430557
-2.0432468
-2.043435
-2.0436179
-2.0437969
-2.0439718
-2.0441428
-2.0443078
-2.0444672
-2.0446175
-2.0447682
-2.0449189
-2.0450615
-2.0452049
-2.0453465
-2.0454844
-2.0456173
-2.0457484
-2.0458802
-2.0460162
-2.0461523
-2.0462885
-2.0464223
-2.0465502
-2.046674
-2.0467954
-2.0469143
-2.0470361
-2.047159
-2.0472787
-2.0473938
-2.0475064
-2.0476194
-2.0477322
-2.0478438
-2.0479537
-2.0480618
-2.0481695
-2.0482753
-2.0483822
-2.0484897
-2.0485954
-2.0486994
-2.0488008
-2.0488973
-2.0489938
-2.04909
-2.0491862
-2.049281
-2.0493739
-2.0494662
-2.0495591
-2.0496509
-2.0497396
-2.0498272
-2.0499139
-2.0499982
-2.0500804
-2.0501616
-2.0502434
-2.0503243
-2.0504063
-2.0504877
-2.0505688
-2.0506478
-2.0507242
-2.0507993
-2.0508691
-2.0509372
-2.0510062
-2.0510756
-2.0511484
-2.0512236
-2.0512973
-2.0513683
-2.0514383
-2.0515083
-2.0515754
-2.05164
-2.0517026
-2.0517662
-2.0518305
-2.0518943
-2.0519552
-2.0520161
-2.0520784
-2.0521406
-2.0521983
-2.0522545
-2.0523126
-2.0523699
-2.0524275
-2.0524867
-2.0525487
-2.0526134
-2.0526795
-2.0527452
-2.0528091
-2.052871
-2.0529293
-2.052984
-2.0530395
-2.0530963
-2.0531532
-2.0532095
-2.0532632
-2.0533155
-2.0533668
-2.0534179
-2.0534702
-2.0535227
-2.0535755
-2.0536286
-2.0536804
-2.0537307
-2.0537788
