1.3171711
1.5450443
1.5362415
1.3514755
1.0829783
0.81633445
0.66559047
0.65177865
0.6401911
0.59861875
0.53442296
0.46132347
0.40460249
0.37083564
0.34044126
0.30539923
0.27317358
0.25019747
0.23848932
0.2300463
0.21671308
0.19706326
0.17498942
0.15783117
0.15210249
0.14859708
0.14308833
0.13506231
0.12592943
0.11823486
0.11352979
0.11014287
0.10638647
0.10181234
0.0969343
0.092633882
0.089172268
0.085747742
0.082077358
0.078293544
0.074626522
0.071567406
0.069399161
0.067421141
0.065361029
0.063299535
0.061319765
0.059496873
0.057924988
0.056511897
0.055204284
0.053946581
0.052705197
0.051483617
0.050275642
0.049078495
0.047890042
0.046682545
0.045452235
0.044223592
0.043014126
0.041828857
0.040696398
0.039650567
0.038696901
0.037828252
0.037031658
0.036311793
0.035645403
0.035010219
0.034406493
0.033828073
0.033274613
0.032738753
0.032223645
0.031710221
0.031180896
0.030641274
0.030088184
0.029528554
0.028963181
0.028394254
0.027831048
0.027286476
0.02675807
0.026250797
0.025764047
0.025294626
0.024845781
0.024429197
0.024041727
0.023680775
0.023345353
0.023024256
0.022711495
0.022414219
0.022122333
0.021828215
0.021530612
0.021232889
0.020933494
0.020631307
0.020327594
0.020024267
0.01972623
0.019432432
0.019145422
0.018864653
0.018591076
0.018325902
0.018066441
0.01781739
0.017579468
0.017347878
0.017123238
0.016907506
0.016701724
0.016504047
0.016317256
0.016138399
0.015958503
0.015773728
0.015581808
0.015383385
0.015187547
0.014995427
0.014804242
0.014616123
0.014433164
0.014254218
0.014079284
0.013908329
0.013743325
0.013583874
0.013433577
0.013282848
0.013132211
0.012989596
0.012846159
0.012704552
0.012566722
0.012433839
0.012302673
0.012170851
0.012034913
0.011898763
0.011762575
0.011628753
0.011500924
0.011377048
0.011255644
0.011136757
0.011015024
0.010892091
0.010772411
0.010657274
0.010544654
0.010431712
0.010318923
0.010207252
0.010097388
0.0099893153
0.0098816066
0.0097757833
0.0096688774
0.0095614107
0.0094557195
0.0093516898
0.0092502957
0.009153785
0.0090572725
0.0089611326
0.0088648781
0.0087700461
0.008677171
0.008584936
0.0084920152
0.0084001985
0.0083114617
0.008223891
0.0081372152
0.0080529205
0.0079707096
0.0078894675
0.0078076753
0.0077267558
0.0076448281
0.0075634096
0.0074822461
0.0074033359
0.0073268514
0.0072518311
0.0071819931
0.007113918
0.0070449316
0.0069754491
0.0069027038
0.0068274462
0.0067537606
0.006682753
0.0066127709
0.0065428252
0.006475732
0.0064110726
0.0063485344
0.006284913
0.0062205479
0.0061567938
0.0060958569
0.006034969
0.0059727092
0.0059105037
0.0058527871
0.0057965608
0.0057384448
0.0056812047
0.0056235978
0.0055644249
0.0055024119
0.0054376884
0.0053716091
0.0053058417
0.0052419601
0.0051800614
0.005121774
0.0050670584
0.0050116366
0.0049547941
0.0048978788
0.0048415629
0.0047878516
0.0047355739
0.0046842453
0.0046331468
0.0045808967
0.0045284235
0.0044756124
0.0044224938
0.0043707319
0.0043204008
0.0042722521
