6	20	29
29	20	60
75	60	140
167	140	316
316	10	367
167	316	367
75	140	167
29	60	75
20	2	50
60	50	130
140	130	306
306	10	316
140	306	316
60	130	140
20	50	60
257	5	262
37	257	262
28	257	263
257	37	263
73	37	120
163	120	296
296	13	359
163	296	359
73	120	163
73	28	263
37	73	263
72	28	94
161	94	279
279	38	355
161	279	355
72	94	161
160	72	204
204	92	353
160	204	353
352	160	442
202	352	442
10	352	440
352	202	440
353	92	441
202	353	441
160	353	442
353	202	442
161	355	445
355	203	445
38	203	355
356	161	445
203	356	445
92	356	444
356	203	444
72	161	204
204	161	356
92	204	356
206	163	359
359	13	447
206	359	447
93	360	448
360	206	448
163	206	360
73	163	208
208	163	360
93	208	360
164	73	208
208	93	362
164	208	362
38	361	450
361	207	450
164	207	361
207	164	362
362	93	451
207	362	451
28	73	94
94	73	164
38	279	361
279	164	361
94	164	279
13	309	371
309	169	371
133	169	309
133	76	169
53	76	133
53	29	76
6	29	53
38	297	369
297	168	369
121	168	297
121	75	168
29	75	121
367	10	440
202	367	440
167	367	443
367	202	443
368	167	443
202	368	443
92	368	441
368	202	441
75	167	205
205	167	368
92	205	368
168	75	205
205	92	370
168	205	370
203	38	369
369	168	446
203	369	446
370	92	444
203	370	444
168	370	446
370	203	446
371	169	449
206	371	449
13	371	447
371	206	447
372	93	448
206	372	448
169	372	449
372	206	449
169	76	278
278	93	372
169	278	372
93	278	374
278	170	374
76	170	278
373	38	450
207	373	450
170	373	452
373	207	452
374	170	452
207	374	452
93	374	451
374	207	451
76	29	121
170	121	297
297	38	373
170	297	373
76	121	170
329	9	383
175	329	383
149	329	386
329	175	386
330	149	386
175	330	386
79	330	384
330	175	384
67	149	177
177	149	330
79	177	330
150	67	177
177	79	333
150	177	333
176	32	332
332	150	389
176	332	389
333	79	387
176	333	387
150	333	389
333	176	389
26	67	81
81	67	150
32	274	332
274	150	332
81	150	274
68	26	81
153	81	274
274	32	338
153	274	338
68	81	153
152	68	180
180	80	337
152	180	337
11	336	390
336	178	390
152	178	336
178	152	337
337	80	391
178	337	391
179	153	338
338	32	393
179	338	393
80	339	394
339	179	394
153	179	339
68	153	180
180	153	339
80	180	339
256	26	259
31	256	259
5	256	258
256	31	258
68	31	259
26	68	259
11	293	336
293	152	336
117	152	293
117	68	152
31	68	117
321	145	385
175	321	385
9	321	383
321	175	383
322	79	384
175	322	384
145	322	385
322	175	385
145	65	272
272	79	322
145	272	322
79	272	324
272	146	324
65	146	272
146	323	388
323	176	388
32	176	323
324	146	388
176	324	388
79	324	387
324	176	387
65	25	118
146	118	294
294	32	323
146	294	323
65	118	146
32	294	327
294	148	327
118	148	294
118	66	148
25	66	118
80	273	326
273	147	326
66	147	273
325	11	390
178	325	390
147	325	392
325	178	392
326	147	392
178	326	392
80	326	391
326	178	391
327	148	395
179	327	395
32	327	393
327	179	393
328	80	394
179	328	394
148	328	395
328	179	395
148	66	273
273	80	328
148	273	328
25	4	51
66	51	131
147	131	307
307	11	325
147	307	325
66	131	147
25	51	66
9	305	313
305	137	313
129	137	305
129	57	137
49	57	129
49	17	57
0	17	49
17	4	25
9	313	321
313	145	321
137	145	313
137	65	145
57	65	137
57	25	65
17	25	57
419	192	456
209	419	456
12	419	453
419	209	453
420	95	454
209	420	454
192	420	456
420	209	456
192	87	280
280	95	420
192	280	420
95	280	422
280	193	422
87	193	280
193	421	459
421	210	459
39	210	421
422	193	459
210	422	459
95	422	457
422	210	457
87	35	122
193	122	298
298	39	421
193	298	421
87	122	193
39	298	425
298	195	425
122	195	298
122	88	195
35	88	122
96	281	424
281	194	424
88	194	281
423	13	460
212	423	460
194	423	462
423	212	462
424	194	462
212	424	462
96	424	461
424	212	461
425	195	465
213	425	465
39	425	463
425	213	463
426	96	464
213	426	464
195	426	465
426	213	465
195	88	281
281	96	426
195	281	426
35	6	53
88	53	133
194	133	309
309	13	423
194	309	423
88	133	194
35	53	88
408	12	453
209	408	453
187	408	455
408	209	455
410	187	455
209	410	455
95	410	454
410	209	454
85	187	211
211	187	410
95	211	410
189	85	211
211	95	414
189	211	414
210	39	413
413	189	458
210	413	458
414	95	457
210	414	457
189	414	458
414	210	458
34	85	97
97	85	189
39	282	413
282	189	413
97	189	282
86	34	97
191	97	282
282	39	417
191	282	417
86	97	191
190	86	214
214	96	416
190	214	416
13	415	460
415	212	460
190	212	415
212	190	416
416	96	461
212	416	461
213	191	417
417	39	463
213	417	463
96	418	464
418	213	464
191	213	418
86	191	214
214	191	418
96	214	418
260	34	264
37	260	264
5	260	262
260	37	262
86	37	264
34	86	264
13	296	415
296	190	415
120	190	296
120	86	190
37	86	120
11	307	396
307	181	396
131	181	307
131	82	181
51	82	131
51	33	82
4	33	51
36	295	402
295	184	402
119	184	295
119	83	184
33	83	119
90	276	401
276	183	401
83	183	276
400	12	433
199	400	433
183	400	435
400	199	435
401	183	435
199	401	435
90	401	434
401	199	434
200	36	402
402	184	438
200	402	438
403	90	437
200	403	437
184	403	438
403	200	438
184	83	276
276	90	403
184	276	403
396	181	429
196	396	429
11	396	427
396	196	427
397	89	428
196	397	428
181	397	429
397	196	429
181	82	275
275	89	397
181	275	397
89	275	399
275	182	399
82	182	275
398	36	430
197	398	430
182	398	432
398	197	432
399	182	432
197	399	432
89	399	431
399	197	431
82	33	119
182	119	295
295	36	398
182	295	398
82	119	182
260	5	258
31	260	258
34	260	261
260	31	261
84	31	117
185	117	293
293	11	404
185	293	404
84	117	185
84	34	261
31	84	261
85	34	91
188	91	277
277	36	411
188	277	411
85	91	188
187	85	201
201	90	409
187	201	409
408	187	436
199	408	436
12	408	433
408	199	433
409	90	434
199	409	434
187	409	436
409	199	436
188	411	439
411	200	439
36	200	411
412	188	439
200	412	439
90	412	437
412	200	437
85	188	201
201	188	412
90	201	412
196	185	404
404	11	427
196	404	427
89	405	428
405	196	428
185	196	405
84	185	198
198	185	405
89	198	405
186	84	198
198	89	407
186	198	407
36	406	430
406	197	430
186	197	406
197	186	407
407	89	431
197	407	431
34	84	91
91	84	186
36	277	406
277	186	406
91	186	277
12	308	315
308	139	315
132	139	308
132	59	139
52	59	132
52	19	59
1	19	52
19	6	35
12	315	419
315	192	419
139	192	315
139	87	192
59	87	139
59	35	87
19	35	59
4	18	33
33	18	58
83	58	138
183	138	314
314	12	400
183	314	400
83	138	183
33	58	83
18	1	52
58	52	132
138	132	308
308	12	314
138	308	314
58	132	138
18	52	58
7	21	27
27	21	61
70	61	141
156	141	317
317	9	344
156	317	344
70	141	156
27	61	70
21	0	49
61	49	129
141	129	305
305	9	317
141	305	317
61	129	141
21	49	61
256	5	265
40	256	265
26	256	266
256	40	266
69	40	123
154	123	299
299	14	340
154	299	340
69	123	154
69	26	266
40	69	266
67	26	100
151	100	284
284	41	334
151	284	334
67	100	151
149	67	217
217	98	331
149	217	331
329	149	468
215	329	468
9	329	466
329	215	466
331	98	467
215	331	467
149	331	468
331	215	468
151	334	471
334	216	471
41	216	334
335	151	471
216	335	471
98	335	470
335	216	470
67	151	217
217	151	335
98	217	335
219	154	340
340	14	473
219	340	473
99	341	474
341	219	474
154	219	341
69	154	221
221	154	341
99	221	341
155	69	221
221	99	343
155	221	343
41	342	476
342	220	476
155	220	342
220	155	343
343	99	477
220	343	477
26	69	100
100	69	155
41	284	342
284	155	342
100	155	284
14	310	348
310	158	348
134	158	310
134	71	158
54	71	134
54	27	71
7	27	54
41	300	346
300	157	346
124	157	300
124	70	157
27	70	124
344	9	466
215	344	466
156	344	469
344	215	469
345	156	469
215	345	469
98	345	467
345	215	467
70	156	218
218	156	345
98	218	345
157	70	218
218	98	347
157	218	347
216	41	346
346	157	472
216	346	472
347	98	470
216	347	470
157	347	472
347	216	472
348	158	475
219	348	475
14	348	473
348	219	473
349	99	474
219	349	474
158	349	475
349	219	475
158	71	283
283	99	349
158	283	349
99	283	351
283	159	351
71	159	283
350	41	476
220	350	476
159	350	478
350	220	478
351	159	478
220	351	478
99	351	477
351	220	477
71	27	124
159	124	300
300	41	350
159	300	350
71	124	159
352	10	479
222	352	479
160	352	481
352	222	481
354	160	481
222	354	481
101	354	480
354	222	480
72	160	224
224	160	354
101	224	354
162	72	224
224	101	358
162	224	358
223	43	357
357	162	484
223	357	484
358	101	483
223	358	483
162	358	484
358	223	484
28	72	103
103	72	162
43	287	357
287	162	357
103	162	287
74	28	103
166	103	287
287	43	365
166	287	365
74	103	166
165	74	227
227	102	364
165	227	364
15	363	486
363	225	486
165	225	363
225	165	364
364	102	487
225	364	487
226	166	365
365	43	489
226	365	489
102	366	490
366	226	490
166	226	366
74	166	227
227	166	366
102	227	366
257	28	268
42	257	268
5	257	267
257	42	267
74	42	268
28	74	268
15	301	363
301	165	363
125	165	301
125	74	165
42	74	125
375	171	482
222	375	482
10	375	479
375	222	479
376	101	480
222	376	480
171	376	482
376	222	482
171	77	285
285	101	376
171	285	376
101	285	378
285	172	378
77	172	285
172	377	485
377	223	485
43	223	377
378	172	485
223	378	485
101	378	483
378	223	483
77	30	126
172	126	302
302	43	377
172	302	377
77	126	172
43	302	381
302	174	381
126	174	302
126	78	174
30	78	126
102	286	380
286	173	380
78	173	286
379	15	486
225	379	486
173	379	488
379	225	488
380	173	488
225	380	488
102	380	487
380	225	487
381	174	491
226	381	491
43	381	489
381	226	489
382	102	490
226	382	490
174	382	491
382	226	491
174	78	286
286	102	382
174	286	382
30	8	55
78	55	135
173	135	311
311	15	379
173	311	379
78	135	173
30	55	78
10	306	319
306	143	319
130	143	306
130	63	143
50	63	130
50	23	63
2	23	50
23	8	30
10	319	375
319	171	375
143	171	319
143	77	171
63	77	143
63	30	77
23	30	63
237	108	249
249	112	512
237	249	512
511	237	532
246	511	532
16	511	529
511	246	529
512	112	530
246	512	530
237	512	532
512	246	532
238	513	535
513	247	535
47	247	513
514	238	535
247	514	535
112	514	533
514	247	533
108	238	249
249	238	514
112	249	514
108	45	127
238	127	303
303	47	513
238	303	513
108	127	238
47	303	509
303	236	509
127	236	303
127	107	236
45	107	127
111	288	508
288	235	508
107	235	288
507	14	523
243	507	523
235	507	525
507	243	525
508	235	525
243	508	525
111	508	524
508	243	524
509	236	528
244	509	528
47	509	526
509	244	526
510	111	527
244	510	527
236	510	528
510	244	528
236	107	288
288	111	510
236	288	510
45	7	54
107	54	134
235	134	310
310	14	507
235	310	507
107	134	235
45	54	107
500	16	529
246	500	529
232	500	531
500	246	531
501	232	531
246	501	531
112	501	530
501	246	530
106	232	248
248	232	501
112	248	501
233	106	248
248	112	504
233	248	504
247	47	503
503	233	534
247	503	534
504	112	533
247	504	533
233	504	534
504	247	534
44	106	113
113	106	233
47	289	503
289	233	503
113	233	289
104	44	113
229	113	289
289	47	494
229	289	494
104	113	229
228	104	245
245	111	493
228	245	493
14	492	523
492	243	523
228	243	492
243	228	493
493	111	524
243	493	524
244	229	494
494	47	526
244	494	526
111	495	527
495	244	527
229	244	495
104	229	245
245	229	495
111	245	495
269	44	270
40	269	270
5	269	265
269	40	265
104	40	270
44	104	270
14	299	492
299	228	492
123	228	299
123	104	228
40	104	123
15	311	515
311	239	515
135	239	311
135	109	239
55	109	135
55	46	109
8	46	55
48	304	521
304	242	521
128	242	304
128	110	242
46	110	128
115	291	520
291	241	520
110	241	291
519	16	542
253	519	542
241	519	545
519	253	545
520	241	545
253	520	545
115	520	543
520	253	543
521	242	549
254	521	549
48	521	546
521	254	546
522	115	547
254	522	547
242	522	549
522	254	549
242	110	291
291	115	522
242	291	522
515	239	538
250	515	538
15	515	536
515	250	536
516	114	537
250	516	537
239	516	538
516	250	538
239	109	290
290	114	516
239	290	516
114	290	518
290	240	518
109	240	290
517	48	539
251	517	539
240	517	541
517	251	541
518	240	541
251	518	541
114	518	540
518	251	540
109	46	128
240	128	304
304	48	517
240	304	517
109	128	240
269	5	267
42	269	267
44	269	271
269	42	271
105	42	125
230	125	301
301	15	496
230	301	496
105	125	230
105	44	271
42	105	271
106	44	116
234	116	292
292	48	505
234	292	505
106	116	234
232	106	255
255	115	502
232	255	502
500	232	544
253	500	544
16	500	542
500	253	542
502	115	543
253	502	543
232	502	544
502	253	544
505	48	546
254	505	546
234	505	548
505	254	548
506	234	548
254	506	548
115	506	547
506	254	547
106	234	255
255	234	506
115	255	506
250	230	496
496	15	536
250	496	536
114	497	537
497	250	537
230	250	497
105	230	252
252	230	497
114	252	497
231	105	252
252	114	499
231	252	499
48	498	539
498	251	539
231	251	498
251	231	499
499	114	540
251	499	540
44	105	116
116	105	231
48	292	498
292	231	498
116	231	292
16	312	318
312	142	318
136	142	312
136	62	142
56	62	136
56	22	62
3	22	56
22	7	45
16	318	511
318	237	511
142	237	318
142	108	237
62	108	142
62	45	108
22	45	62
8	24	46
46	24	64
110	64	144
241	144	320
320	16	519
241	320	519
110	144	241
46	64	110
24	3	56
64	56	136
144	136	312
312	16	320
144	312	320
64	136	144
24	56	64
