3.91841791e-01
2.21807467e-01
1.24180021e-01
1.40790681e-01
1.63243495e-01
1.58568116e-01
1.30809998e-01
9.28006007e-02
6.40439722e-02
5.91730543e-02
6.44168250e-02
6.35031622e-02
5.42256920e-02
4.10972935e-02
3.12072109e-02
2.89716899e-02
3.02250741e-02
2.96169882e-02
2.61628929e-02
2.15242407e-02
1.81104898e-02
1.69841066e-02
1.69047030e-02
1.63653248e-02
1.50264494e-02
1.34063859e-02
1.21840549e-02
1.15685965e-02
1.12358575e-02
1.08207216e-02
1.02383394e-02
9.62194498e-03
9.12191336e-03
8.77212903e-03
8.49771737e-03
8.21466016e-03
7.90150494e-03
7.58729425e-03
7.30656824e-03
7.06584766e-03
6.85207718e-03
6.64904161e-03
6.45327446e-03
6.26918447e-03
6.09976218e-03
5.94458704e-03
5.79814611e-03
5.65666325e-03
5.51945730e-03
5.38777932e-03
5.26282252e-03
5.14581303e-03
5.03431624e-03
4.92786103e-03
4.82696029e-03
4.73147523e-03
4.63985479e-03
4.55145101e-03
4.46538832e-03
4.38174014e-03
4.30086033e-03
4.22210576e-03
4.14620402e-03
4.07361410e-03
4.00451460e-03
3.93804466e-03
3.87499436e-03
3.81464291e-03
3.75610755e-03
3.69952304e-03
3.64443134e-03
3.59030258e-03
3.53756045e-03
3.48608879e-03
3.43606507e-03
3.38683768e-03
3.33833269e-03
3.29102015e-03
3.24512760e-03
3.20089123e-03
3.15841704e-03
3.11764282e-03
3.07836260e-03
3.04072954e-03
3.00460021e-03
2.96929972e-03
2.93363769e-03
2.89839336e-03
2.86399812e-03
2.83000861e-03
2.79651073e-03
2.76357993e-03
2.73132371e-03
2.69976809e-03
2.66918506e-03
2.63975802e-03
2.61105484e-03
2.58289920e-03
2.55508728e-03
2.52746679e-03
2.50030728e-03
2.47399431e-03
2.44862863e-03
2.42419725e-03
2.40040299e-03
2.37686112e-03
2.35334131e-03
2.33006604e-03
2.30741151e-03
2.28552465e-03
2.26422475e-03
2.24294866e-03
2.22189762e-03
2.20125462e-03
2.18095425e-03
2.16092958e-03
2.14114048e-03
2.12152700e-03
2.10197949e-03
2.08262328e-03
2.06364829e-03
2.04532226e-03
2.02763594e-03
2.01031959e-03
1.99337673e-03
1.97679459e-03
1.96061188e-03
1.94464057e-03
1.92854053e-03
1.91224443e-03
1.89596495e-03
1.87992398e-03
1.86401055e-03
1.84835296e-03
1.83298657e-03
1.81792089e-03
1.80310706e-03
1.78856866e-03
1.77433319e-03
1.76043306e-03
1.74674088e-03
1.73315811e-03
1.71963110e-03
1.70625163e-03
1.69294061e-03
1.67975970e-03
1.66671001e-03
1.65380565e-03
1.64110101e-03
1.62836396e-03
1.61565463e-03
1.60320584e-03
1.59086881e-03
1.57885973e-03
1.56727745e-03
1.55602831e-03
1.54495527e-03
1.53387830e-03
1.52294379e-03
1.51210115e-03
1.50125259e-03
1.49059713e-03
1.48029868e-03
1.47019413e-03
1.46005716e-03
1.44978829e-03
1.43944430e-03
1.42920112e-03
1.41915380e-03
1.40934289e-03
1.39975884e-03
1.39036404e-03
1.38100672e-03
1.37157455e-03
1.36228362e-03
1.35324689e-03
1.34440307e-03
1.33563814e-03
1.32689762e-03
1.31813585e-03
1.30936928e-03
1.30064060e-03
1.29191124e-03
1.28326128e-03
1.27476337e-03
1.26638189e-03
1.25815732e-03
1.25010530e-03
1.24213239e-03
1.23407810e-03
1.22604431e-03
1.21813876e-03
1.21033214e-03
1.20267463e-03
1.19520005e-03
1.18781345e-03
1.18045686e-03
1.17316872e-03
1.16594752e-03
1.15882437e-03
1.15175386e-03
1.14473140e-03
1.13753166e-03
1.13023072e-03
1.12304745e-03
1.11612015e-03
1.10940655e-03
1.10283390e-03
1.09634223e-03
1.08994540e-03
1.08351357e-03
1.07706621e-03
1.07071586e-03
1.06440748e-03
1.05809075e-03
1.05182177e-03
1.04566775e-03
1.03962617e-03
1.03363727e-03
1.02770113e-03
1.02184025e-03
1.01597006e-03
1.01015928e-03
1.00449181e-03
9.98942860e-04
9.93412149e-04
9.87892168e-04
9.82407589e-04
9.76950183e-04
9.71512499e-04
9.66072100e-04
9.60650758e-04
9.55357177e-04
9.50175664e-04
9.45043855e-04
9.39932677e-04
9.34811845e-04
9.29682648e-04
9.24533423e-04
9.19416745e-04
9.14267050e-04
9.09085716e-04
9.03915873e-04
8.98781034e-04
8.93710936e-04
8.88676801e-04
8.83658104e-04
8.78719132e-04
8.73851572e-04
8.68951537e-04
8.64092740e-04
8.59347279e-04
8.54744838e-04
8.50264081e-04
8.45841766e-04
8.41418353e-04
8.36956238e-04
8.32469950e-04
8.28003403e-04
8.23555766e-04
8.19129345e-04
8.14706032e-04
8.10314573e-04
8.05965683e-04
8.01667065e-04
7.97393960e-04
7.93113950e-04
7.88814838e-04
7.84519556e-04
7.80261723e-04
7.76091448e-04
7.71997946e-04
7.67952179e-04
7.63952596e-04
7.59994591e-04
7.56067020e-04
7.52164273e-04
7.48339845e-04
7.44606403e-04
7.40851575e-04
7.37056934e-04
7.33245794e-04
7.29463233e-04
7.25747020e-04
7.22054670e-04
7.18356733e-04
7.14612486e-04
7.10758878e-04
7.06976221e-04
7.03308636e-04
6.99729002e-04
6.96189776e-04
6.92636050e-04
6.89044995e-04
6.85416409e-04
6.81782335e-04
6.78147078e-04
6.74586690e-04
6.71086634e-04
6.67669719e-04
6.64360693e-04
6.61120603e-04
6.57929784e-04
6.54791093e-04
6.51570955e-04
6.48311364e-04
6.45069223e-04
6.41875252e-04
6.38697578e-04
6.35480632e-04
6.32237138e-04
6.28872516e-04
6.25476770e-04
6.22198111e-04
6.19074817e-04
6.16067186e-04
6.13133601e-04
6.10232467e-04
6.07343534e-04
6.04438855e-04
6.01482595e-04
5.98524038e-04
5.95597323e-04
5.92720877e-04
5.89896840e-04
5.86953134e-04
5.83915811e-04
5.80963991e-04
5.78167772e-04
5.75458281e-04
5.72711403e-04
5.69963902e-04
5.67272453e-04
5.64579162e-04
5.61791804e-04
5.58942255e-04
5.56152696e-04
5.53452775e-04
5.50794579e-04
5.48137413e-04
5.45440496e-04
5.42741295e-04
5.40043297e-04
5.37407600e-04
5.34860293e-04
5.32378032e-04
5.29929775e-04
5.27494622e-04
5.25050818e-04
5.22613457e-04
5.20188932e-04
5.17782480e-04
5.15401204e-04
5.13028676e-04
5.10682896e-04
5.08367596e-04
5.06048461e-04
5.03715820e-04
5.01388892e-04
4.99040470e-04
4.96725099e-04
4.94492832e-04
4.92309068e-04
4.90145760e-04
4.87992351e-04
4.85822953e-04
4.83644851e-04
4.81458431e-04
4.79243408e-04
4.77037583e-04
4.74860045e-04
4.72728896e-04
4.70616538e-04
4.68496910e-04
4.66344158e-04
4.64182634e-04
4.62054693e-04
4.59965236e-04
4.57895831e-04
4.55847526e-04
4.53846588e-04
4.51893881e-04
4.49964424e-04
4.48002957e-04
4.46004870e-04
4.43990317e-04
4.41956042e-04
4.39954635e-04
4.37998741e-04
4.36066481e-04
4.34144203e-04
4.32223032e-04
4.30319509e-04
4.28445076e-04
4.26601096e-04
4.24781783e-04
4.22965640e-04
4.21125529e-04
4.19278218e-04
4.17426976e-04
4.15548228e-04
4.13677539e-04
4.11828119e-04
4.09992858e-04
4.08177156e-04
4.06378657e-04
4.04587195e-04
4.02742609e-04
4.00903340e-04
3.99120754e-04
3.97346517e-04
3.95610084e-04
3.93917317e-04
3.92258352e-04
3.90603183e-04
3.88931103e-04
3.87242441e-04
3.85554501e-04
3.83893450e-04
3.82263632e-04
3.80652758e-04
3.79027870e-04
3.77397450e-04
3.75774453e-04
3.74153129e-04
3.72525958e-04
3.70918492e-04
3.69320027e-04
3.67731388e-04
3.66156472e-04
3.64610331e-04
3.63088509e-04
3.61599146e-04
3.60102080e-04
3.58565536e-04
3.57012269e-04
3.55483764e-04
3.53982422e-04
3.52491421e-04
3.51025875e-04
3.49589314e-04
3.48178926e-04
3.46778542e-04
3.45387528e-04
3.43984332e-04
3.42584784e-04
3.41201330e-04
3.39820310e-04
3.38419537e-04
3.37016440e-04
3.35637993e-04
3.34275569e-04
3.32935148e-04
3.31612099e-04
3.30284262e-04
3.28924684e-04
3.27563700e-04
3.26200268e-04
3.24830391e-04
3.23481578e-04
3.22164153e-04
3.20870464e-04
3.19598282e-04
3.18342726e-04
3.17107328e-04
3.15888808e-04
3.14676315e-04
3.13459010e-04
3.12232264e-04
3.11005446e-04
3.09756371e-04
3.08498094e-04
3.07248765e-04
3.06023883e-04
3.04805798e-04
3.03615707e-04
3.02432992e-04
3.01252820e-04
3.00083501e-04
2.98946052e-04
2.97822020e-04
2.96654055e-04
2.95448549e-04
2.94223682e-04
2.93001699e-04
2.91792564e-04
2.90600895e-04
2.89446079e-04
2.88325619e-04
2.87236968e-04
2.86154747e-04
2.85070986e-04
2.83978199e-04
2.82858274e-04
2.81718116e-04
2.80574248e-04
2.79437395e-04
2.78314903e-04
2.77197701e-04
2.75954479e-04
2.74694273e-04
2.73512541e-04
2.72409378e-04
2.71347359e-04
2.70288428e-04
2.69220429e-04
2.68143807e-04
2.67075501e-04
2.66024434e-04
2.64986375e-04
2.63849328e-04
2.62698600e-04
2.61612635e-04
2.60600283e-04
2.59624169e-04
2.58637793e-04
2.57626691e-04
2.56610614e-04
2.55602202e-04
2.54614188e-04
2.53643801e-04
2.52684574e-04
2.51727518e-04
2.50786976e-04
2.49855251e-04
2.48922088e-04
2.47995174e-04
2.47086233e-04
2.46190612e-04
2.45301370e-04
2.44376040e-04
2.43424452e-04
2.42454470e-04
2.41471397e-04
2.40506990e-04
2.39578691e-04
2.38684555e-04
2.37808733e-04
2.36943100e-04
2.36086100e-04
2.35237024e-04
2.34393284e-04
2.33537461e-04
2.32675877e-04
2.31811569e-04
2.30958458e-04
2.30104350e-04
2.29247673e-04
2.28388839e-04
2.27519144e-04
2.26639099e-04
2.25769080e-04
2.24930704e-04
2.24120420e-04
2.23326918e-04
2.22515469e-04
2.21662791e-04
2.20818162e-04
2.20011883e-04
2.19220331e-04
2.18419454e-04
2.17608837e-04
2.16799992e-04
2.16009964e-04
2.15237491e-04
2.14488742e-04
2.13759106e-04
2.13036823e-04
2.12313175e-04
2.11583228e-04
2.10830330e-04
2.10054702e-04
2.09266930e-04
2.08491704e-04
2.07741121e-04
2.07008169e-04
2.06274870e-04
2.05530364e-04
2.04764640e-04
2.03986821e-04
2.03223762e-04
2.02480870e-04
2.01737320e-04
2.00984101e-04
2.00239416e-04
1.99512752e-04
1.98795295e-04
1.98089559e-04
1.97396544e-04
1.96715512e-04
1.96046229e-04
1.95361619e-04
1.94664834e-04
1.93975225e-04
1.93301756e-04
1.92638815e-04
1.91987223e-04
1.91342495e-04
1.90703450e-04
1.90071346e-04
1.89441047e-04
1.88804607e-04
1.88162601e-04
1.87514150e-04
1.86863687e-04
1.86203628e-04
1.85540987e-04
1.84893613e-04
1.84276618e-04
1.83695971e-04
1.83117669e-04
1.82523016e-04
1.81907516e-04
1.81272081e-04
1.80622460e-04
1.79967106e-04
1.79305071e-04
1.78640988e-04
1.77995081e-04
1.77368998e-04
1.76762235e-04
1.76181106e-04
1.75606689e-04
1.75017113e-04
1.74410063e-04
1.73797009e-04
1.73185214e-04
1.72581464e-04
1.71981952e-04
1.71379269e-04
1.70781812e-04
1.70196623e-04
1.69621117e-04
1.69051148e-04
1.68487929e-04
1.67924200e-04
1.67369145e-04
1.66828867e-04
1.66291397e-04
1.65738532e-04
1.65166308e-04
1.64584536e-04
1.64007136e-04
1.63448509e-04
1.62914401e-04
1.62401772e-04
1.61895511e-04
1.61381751e-04
1.60854332e-04
1.60304117e-04
1.59738434e-04
1.59174703e-04
1.58616024e-04
1.58055838e-04
1.57500988e-04
1.56954272e-04
1.56412712e-04
1.55867537e-04
1.55318558e-04
1.54774725e-04
1.54238467e-04
1.53706588e-04
1.53167902e-04
1.52629145e-04
1.52106962e-04
1.51601778e-04
1.51108161e-04
1.50615623e-04
1.50128804e-04
1.49649807e-04
1.49177171e-04
1.48709767e-04
1.48241036e-04
1.47768136e-04
1.47293094e-04
1.46801201e-04
1.46292712e-04
1.45775161e-04
1.45260649e-04
1.44754475e-04
1.44259838e-04
1.43769253e-04
1.43282741e-04
1.42807762e-04
1.42339895e-04
1.41874769e-04
1.41418089e-04
1.40971645e-04
1.40525196e-04
1.40074338e-04
1.39617098e-04
1.39156918e-04
1.38693987e-04
1.38220444e-04
1.37744106e-04
1.37267943e-04
1.36798215e-04
1.36332017e-04
1.35866921e-04
1.35412092e-04
1.34973553e-04
1.34550151e-04
1.34126885e-04
1.33687969e-04
1.33235815e-04
1.32786364e-04
1.32352486e-04
1.31937503e-04
1.31537675e-04
1.31147357e-04
1.30768060e-04
1.30400440e-04
1.30029664e-04
1.29643540e-04
1.29227041e-04
1.28793634e-04
1.28356449e-04
1.27918676e-04
1.27481467e-04
1.27047143e-04
1.26624915e-04
1.26214798e-04
1.25813145e-04
1.25417364e-04
1.25026045e-04
1.24621961e-04
1.24200831e-04
1.23761471e-04
1.23325079e-04
1.22904147e-04
1.22511359e-04
1.22143791e-04
1.21783100e-04
1.21417555e-04
1.21041671e-04
1.20654220e-04
1.20255216e-04
1.19847906e-04
1.19430747e-04
1.19019036e-04
1.18629653e-04
1.18262911e-04
1.17908008e-04
1.17548429e-04
1.17179917e-04
1.16801820e-04
1.16422509e-04
1.16044572e-04
1.15667291e-04
1.15292025e-04
1.14920138e-04
1.14549680e-04
1.14175680e-04
1.13804535e-04
1.13435345e-04
1.13066004e-04
1.12701643e-04
1.12351935e-04
1.12027818e-04
1.11710079e-04
1.11393188e-04
1.11075414e-04
1.10744964e-04
1.10403616e-04
1.10052338e-04
1.09691348e-04
1.09325576e-04
1.08955535e-04
1.08587516e-04
1.08225723e-04
1.07874066e-04
1.07537245e-04
1.07215585e-04
1.06901057e-04
1.06588442e-04
1.06277983e-04
1.05969961e-04
1.05658972e-04
1.05333508e-04
1.05005683e-04
1.04682399e-04
1.04364726e-04
1.04041835e-04
1.03727916e-04
1.03426349e-04
1.03127842e-04
1.02815650e-04
1.02483848e-04
1.02142780e-04
1.01801820e-04
1.01468214e-04
1.01129612e-04
1.00795821e-04
1.00475390e-04
1.00170275e-04
9.98708194e-05
