-20580.203
-20580.168
-20580.172
-20580.2
-20580.235
-20580.261
-20580.264
-20580.262
-20580.263
-20580.27
-20580.279
-20580.286
-20580.288
-20580.288
-20580.289
-20580.292
-20580.295
-20580.298
-20580.3
-20580.3
-20580.301
-20580.302
-20580.304
-20580.305
-20580.306
-20580.307
-20580.308
-20580.309
-20580.31
-20580.31
-20580.311
-20580.312
-20580.312
-20580.313
-20580.314
-20580.314
-20580.315
-20580.315
-20580.315
-20580.316
-20580.316
-20580.317
-20580.317
-20580.317
-20580.318
-20580.318
-20580.319
-20580.319
-20580.319
-20580.319
-20580.32
-20580.32
-20580.32
-20580.321
-20580.321
-20580.321
-20580.321
-20580.322
-20580.322
-20580.322
-20580.322
-20580.322
-20580.323
-20580.323
-20580.323
-20580.323
-20580.323
-20580.324
-20580.324
-20580.324
-20580.324
-20580.324
-20580.324
-20580.324
-20580.325
-20580.325
-20580.325
-20580.325
-20580.325
-20580.325
-20580.325
-20580.326
-20580.326
-20580.326
-20580.326
-20580.326
-20580.326
-20580.326
-20580.326
-20580.327
-20580.327
-20580.327
-20580.327
-20580.327
-20580.327
-20580.327
-20580.327
-20580.327
-20580.328
-20580.328
-20580.328
-20580.328
-20580.328
-20580.328
-20580.328
-20580.328
-20580.328
-20580.328
-20580.329
-20580.329
-20580.329
-20580.329
-20580.329
-20580.329
-20580.329
-20580.329
-20580.329
-20580.329
-20580.329
-20580.329
-20580.33
-20580.33
-20580.33
-20580.33
-20580.33
-20580.33
-20580.33
-20580.33
-20580.33
-20580.33
-20580.33
-20580.33
-20580.33
-20580.33
-20580.331
-20580.331
-20580.331
-20580.331
-20580.331
-20580.331
-20580.331
-20580.331
-20580.331
-20580.331
-20580.331
-20580.331
-20580.331
-20580.331
-20580.331
-20580.331
-20580.332
-20580.332
-20580.332
-20580.332
-20580.332
-20580.332
-20580.332
-20580.332
-20580.332
-20580.332
-20580.332
-20580.332
-20580.332
-20580.332
-20580.332
-20580.332
-20580.332
-20580.332
-20580.332
-20580.333
-20580.333
-20580.333
-20580.333
-20580.333
-20580.333
-20580.333
-20580.333
-20580.333
-20580.333
-20580.333
-20580.333
-20580.333
-20580.333
-20580.333
-20580.333
-20580.333
-20580.333
-20580.333
-20580.333
-20580.333
-20580.333
-20580.334
-20580.334
-20580.334
-20580.334
-20580.334
-20580.334
-20580.334
-20580.334
-20580.334
-20580.334
-20580.334
-20580.334
-20580.334
-20580.334
-20580.334
-20580.334
-20580.334
-20580.334
-20580.334
-20580.334
-20580.334
-20580.334
-20580.334
-20580.334
-20580.334
-20580.334
-20580.335
-20580.335
-20580.335
-20580.335
-20580.335
-20580.335
-20580.335
-20580.335
-20580.335
-20580.335
-20580.335
-20580.335
-20580.335
-20580.335
-20580.335
-20580.335
-20580.335
-20580.335
-20580.335
-20580.335
-20580.335
-20580.335
-20580.335
-20580.335
-20580.335
-20580.335
-20580.335
-20580.335
-20580.335
-20580.335
-20580.335
-20580.335
-20580.335
-20580.336
-20580.336
-20580.336
-20580.336
-20580.336
-20580.336
-20580.336
-20580.336
-20580.336
-20580.336
-20580.336
-20580.336
-20580.336
-20580.336
-20580.336
-20580.336
-20580.336
-20580.336
-20580.336
-20580.336
-20580.336
-20580.336
-20580.336
-20580.336
-20580.336
-20580.336
-20580.336
-20580.336
-20580.336
-20580.336
-20580.336
-20580.336
-20580.336
-20580.336
-20580.336
-20580.336
-20580.336
-20580.336
-20580.336
-20580.336
-20580.336
-20580.336
-20580.336
-20580.337
-20580.337
-20580.337
-20580.337
-20580.337
-20580.337
-20580.337
-20580.337
-20580.337
-20580.337
-20580.337
-20580.337
-20580.337
-20580.337
-20580.337
-20580.337
-20580.337
-20580.337
-20580.337
-20580.337
-20580.337
-20580.337
-20580.337
-20580.337
-20580.337
-20580.337
-20580.337
-20580.337
-20580.337
-20580.337
-20580.337
-20580.337
-20580.337
-20580.337
-20580.337
-20580.337
-20580.337
-20580.337
-20580.337
-20580.337
-20580.337
-20580.337
-20580.337
-20580.337
-20580.337
-20580.337
-20580.337
-20580.337
-20580.337
-20580.337
-20580.337
-20580.337
-20580.337
-20580.337
-20580.337
-20580.337
-20580.337
-20580.337
-20580.337
-20580.337
-20580.338
-20580.338
-20580.338
-20580.338
-20580.338
-20580.338
-20580.338
-20580.338
-20580.338
-20580.338
-20580.338
-20580.338
-20580.338
-20580.338
-20580.338
-20580.338
-20580.338
-20580.338
-20580.338
-20580.338
-20580.338
-20580.338
-20580.338
-20580.338
-20580.338
-20580.338
-20580.338
-20580.338
-20580.338
-20580.338
-20580.338
-20580.338
-20580.338
-20580.338
-20580.338
-20580.338
-20580.338
-20580.338
-20580.338
-20580.338
-20580.338
-20580.338
-20580.338
-20580.338
-20580.338
-20580.338
-20580.338
-20580.338
-20580.338
-20580.338
-20580.338
-20580.338
-20580.338
-20580.338
-20580.338
-20580.338
-20580.338
-20580.338
-20580.338
-20580.338
-20580.338
-20580.338
-20580.338
-20580.338
-20580.338
-20580.338
-20580.338
-20580.338
-20580.338
-20580.338
-20580.338
-20580.338
-20580.338
-20580.338
-20580.338
-20580.338
-20580.338
-20580.338
-20580.338
-20580.338
-20580.338
-20580.338
-20580.338
-20580.338
-20580.338
-20580.338
-20580.338
-20580.338
-20580.338
-20580.338
-20580.338
-20580.338
-20580.338
-20580.338
-20580.338
-20580.338
-20580.339
-20580.339
-20580.339
-20580.339
-20580.339
-20580.339
-20580.339
-20580.339
-20580.339
-20580.339
-20580.339
-20580.339
-20580.339
-20580.339
-20580.339
-20580.339
-20580.339
-20580.339
-20580.339
-20580.339
-20580.339
-20580.339
-20580.339
-20580.339
-20580.339
-20580.339
-20580.339
-20580.339
-20580.339
-20580.339
-20580.339
-20580.339
-20580.339
-20580.339
-20580.339
-20580.339
-20580.339
-20580.339
-20580.339
-20580.339
-20580.339
-20580.339
-20580.339
-20580.339
-20580.339
-20580.339
-20580.339
-20580.339
-20580.339
-20580.339
-20580.339
-20580.339
-20580.339
-20580.339
-20580.339
-20580.339
-20580.339
-20580.339
-20580.339
-20580.339
-20580.339
-20580.339
-20580.339
-20580.339
-20580.339
-20580.339
-20580.339
-20580.339
-20580.339
-20580.339
-20580.339
-20580.339
-20580.339
-20580.339
-20580.339
-20580.339
-20580.339
-20580.339
-20580.339
-20580.339
-20580.339
-20580.339
-20580.339
-20580.339
-20580.339
-20580.339
-20580.339
-20580.339
-20580.339
-20580.339
-20580.339
-20580.339
-20580.339
-20580.339
-20580.339
-20580.339
-20580.339
-20580.339
-20580.339
-20580.339
-20580.339
-20580.339
-20580.339
-20580.339
-20580.339
-20580.339
-20580.339
-20580.339
-20580.339
-20580.339
-20580.339
-20580.339
-20580.339
-20580.339
-20580.339
-20580.339
-20580.339
-20580.339
-20580.339
-20580.339
-20580.339
-20580.339
-20580.339
-20580.339
-20580.339
-20580.339
-20580.339
-20580.339
-20580.339
-20580.339
-20580.339
-20580.339
-20580.339
-20580.339
-20580.339
-20580.339
-20580.339
-20580.339
-20580.339
-20580.339
-20580.339
-20580.339
-20580.339
-20580.339
-20580.339
-20580.339
-20580.339
-20580.339
-20580.339
-20580.339
-20580.339
-20580.339
-20580.339
-20580.339
-20580.339
-20580.339
-20580.339
-20580.339
-20580.339
-20580.339
-20580.339
-20580.339
-20580.339
-20580.339
-20580.339
-20580.339
-20580.339
-20580.339
-20580.339
-20580.339
-20580.339
-20580.339
-20580.339
-20580.339
-20580.339
-20580.339
-20580.339
-20580.339
-20580.339
-20580.339
-20580.339
-20580.339
-20580.339
-20580.339
-20580.339
-20580.339
-20580.339
-20580.339
-20580.339
-20580.339
-20580.339
-20580.339
-20580.339
-20580.339
-20580.339
-20580.339
-20580.339
-20580.339
-20580.339
-20580.339
-20580.339
-20580.339
-20580.339
-20580.339
-20580.34
-20580.34
-20580.34
-20580.34
-20580.34
-20580.34
-20580.34
-20580.34
-20580.34
-20580.34
-20580.34
-20580.34
-20580.34
-20580.34
-20580.34
-20580.34
-20580.34
-20580.34
-20580.34
-20580.34
-20580.34
-20580.34
-20580.34
-20580.34
-20580.34
-20580.34
-20580.34
-20580.34
-20580.34
-20580.34
-20580.34
-20580.34
-20580.34
-20580.34
-20580.34
-20580.34
-20580.34
-20580.34
-20580.34
-20580.34
-20580.34
-20580.34
-20580.34
-20580.34
-20580.34
-20580.34
-20580.34
-20580.34
-20580.34
-20580.34
-20580.34
-20580.34
-20580.34
-20580.34
-20580.34
-20580.34
-20580.34
-20580.34
-20580.34
-20580.34
-20580.34
-20580.34
-20580.34
-20580.34
-20580.34
-20580.34
-20580.34
-20580.34
-20580.34
-20580.34
-20580.34
-20580.34
-20580.34
-20580.34
-20580.34
-20580.34
-20580.34
-20580.34
-20580.34
-20580.34
-20580.34
-20580.34
-20580.34
-20580.34
-20580.34
-20580.34
-20580.34
-20580.34
-20580.34
-20580.34
-20580.34
-20580.34
-20580.34
-20580.34
-20580.34
-20580.34
-20580.34
-20580.34
-20580.34
-20580.34
-20580.34
-20580.34
-20580.34
-20580.34
-20580.34
-20580.34
-20580.34
-20580.34
-20580.34
-20580.34
-20580.34
-20580.34
-20580.34
-20580.34
-20580.34
-20580.34
-20580.34
-20580.34
-20580.34
-20580.34
-20580.34
-20580.34
-20580.34
-20580.34
-20580.34
-20580.34
-20580.34
-20580.34
-20580.34
-20580.34
-20580.34
-20580.34
-20580.34
-20580.34
-20580.34
-20580.34
-20580.34
-20580.34
-20580.34
-20580.34
-20580.34
-20580.34
-20580.34
