5.67369247e-01
3.68756153e-01
2.31775093e-01
2.20634668e-01
2.41425572e-01
2.39709853e-01
2.17628404e-01
1.88411348e-01
1.66577558e-01
1.57113420e-01
1.53630441e-01
1.49170037e-01
1.42125356e-01
1.34407699e-01
1.28341556e-01
1.24521007e-01
1.21934652e-01
1.19423999e-01
1.16599073e-01
1.13731845e-01
1.11221701e-01
1.09199436e-01
1.07490033e-01
1.05882961e-01
1.04308415e-01
1.02794869e-01
1.01393033e-01
1.00129465e-01
9.89793185e-02
9.78944962e-02
9.68517008e-02
9.58701494e-02
9.49498770e-02
9.40901235e-02
9.32771386e-02
9.25054461e-02
9.17749552e-02
9.10848073e-02
9.04260812e-02
8.97867477e-02
8.91664758e-02
8.85601188e-02
8.79678954e-02
8.73852066e-02
8.68243430e-02
8.62818271e-02
8.57577909e-02
8.52555513e-02
8.47680624e-02
8.42895001e-02
8.38172922e-02
8.33606318e-02
8.29167005e-02
8.24888902e-02
8.20791125e-02
8.16820482e-02
8.12892933e-02
8.09031005e-02
8.05306505e-02
8.01661057e-02
7.98085897e-02
7.94584138e-02
7.91137737e-02
7.87673806e-02
7.84230403e-02
7.80846939e-02
7.77540582e-02
7.74306197e-02
7.71142317e-02
7.68016123e-02
7.64915561e-02
7.61869887e-02
7.58816307e-02
7.55745205e-02
7.52690864e-02
7.49683194e-02
7.46735569e-02
7.43825894e-02
7.40935941e-02
7.38087894e-02
7.35240908e-02
7.32421897e-02
7.29650103e-02
7.26901199e-02
7.24101324e-02
7.21331605e-02
7.18644474e-02
7.15988811e-02
7.13335005e-02
7.10703173e-02
7.08113523e-02
7.05535825e-02
7.03013484e-02
7.00495439e-02
6.97937995e-02
6.95388515e-02
6.92908441e-02
6.90484292e-02
6.88025623e-02
6.85570823e-02
6.83151061e-02
6.80768154e-02
6.78422006e-02
6.76096305e-02
6.73758292e-02
6.71431071e-02
6.69137616e-02
6.66853854e-02
6.64550096e-02
6.62244248e-02
6.59954158e-02
6.57683039e-02
6.55434840e-02
6.53202832e-02
6.50986997e-02
6.48768693e-02
6.46447547e-02
6.44107821e-02
6.41817324e-02
6.39602121e-02
6.37352698e-02
6.35052691e-02
6.32733630e-02
6.30396710e-02
6.28076967e-02
6.25806400e-02
6.23617287e-02
6.21468134e-02
6.19303035e-02
6.17172756e-02
6.15072588e-02
6.12973550e-02
6.10905177e-02
6.08840625e-02
6.06781590e-02
6.04613889e-02
6.02424011e-02
6.00275433e-02
5.98189674e-02
5.96124516e-02
5.94019459e-02
5.91940918e-02
5.89947634e-02
5.88023343e-02
5.86069936e-02
5.84067856e-02
5.82065768e-02
5.80067593e-02
5.78105526e-02
5.76189270e-02
5.74326718e-02
5.72499777e-02
5.70668587e-02
5.68799700e-02
5.66854852e-02
5.64908706e-02
5.63006850e-02
5.61155798e-02
5.59343687e-02
5.57493661e-02
5.55632484e-02
5.53801483e-02
5.52016533e-02
5.50207983e-02
5.48356885e-02
5.46493763e-02
5.44655414e-02
5.42830253e-02
5.40990376e-02
5.39121951e-02
5.37245568e-02
5.35390087e-02
5.33545255e-02
5.31760063e-02
5.30021987e-02
5.28238594e-02
5.26460367e-02
5.24754377e-02
5.23129626e-02
5.21512277e-02
5.19846252e-02
5.18140324e-02
5.16416698e-02
5.14711744e-02
5.13070064e-02
5.11497956e-02
5.09900289e-02
5.08272074e-02
5.06676528e-02
5.05097672e-02
5.03520672e-02
5.01925479e-02
5.00289229e-02
4.98634213e-02
4.96974943e-02
4.95378185e-02
4.93828141e-02
4.92284847e-02
4.90716014e-02
4.89188416e-02
4.87726686e-02
4.86299229e-02
4.84899505e-02
4.83509279e-02
4.82115516e-02
4.80618104e-02
4.79034487e-02
4.77497111e-02
4.76076077e-02
4.74754357e-02
4.73434367e-02
4.72072250e-02
4.70653159e-02
4.69246184e-02
4.67831478e-02
4.66421540e-02
4.65007992e-02
4.63621239e-02
4.62268500e-02
4.60983957e-02
4.59689489e-02
4.58373507e-02
4.57058935e-02
4.55739875e-02
4.54395255e-02
4.53061352e-02
4.51772845e-02
4.50536885e-02
4.49299302e-02
4.48051609e-02
4.46762903e-02
4.45440249e-02
4.44142462e-02
4.42871274e-02
4.41652301e-02
4.40475622e-02
4.39310948e-02
4.38138412e-02
4.36945438e-02
4.35710708e-02
4.34467480e-02
4.33240996e-02
4.32052308e-02
4.30890571e-02
4.29764554e-02
4.28659411e-02
4.27548167e-02
4.26424278e-02
4.25267982e-02
4.24080112e-02
4.22875118e-02
4.21636248e-02
4.20433668e-02
4.19296881e-02
4.18179569e-02
4.17070804e-02
4.15929932e-02
4.14764608e-02
4.13564643e-02
4.12369581e-02
4.11232106e-02
4.10170316e-02
4.09144535e-02
4.08100908e-02
4.07030272e-02
4.05978136e-02
4.04955337e-02
4.03919109e-02
4.02814068e-02
4.01654655e-02
4.00532149e-02
3.99491985e-02
3.98526444e-02
3.97596698e-02
3.96669890e-02
3.95743424e-02
3.94806372e-02
3.93800383e-02
3.92781220e-02
3.91803747e-02
3.90883547e-02
3.89995339e-02
3.89117947e-02
3.88219958e-02
3.87290197e-02
3.86352116e-02
3.85394777e-02
3.84435385e-02
3.83500590e-02
3.82606413e-02
3.81746018e-02
3.80897992e-02
3.80034612e-02
3.79152156e-02
3.78276120e-02
3.77413200e-02
3.76552532e-02
3.75685902e-02
3.74819750e-02
3.73946176e-02
3.73064291e-02
3.72170697e-02
3.71268230e-02
3.70377254e-02
3.69515952e-02
3.68672938e-02
3.67820073e-02
3.66978053e-02
3.66145247e-02
3.65315273e-02
3.64492789e-02
3.63685729e-02
3.62878641e-02
3.62072489e-02
3.61256991e-02
3.60436511e-02
3.59630222e-02
3.58834393e-02
3.58045857e-02
3.57259557e-02
3.56472912e-02
3.55683672e-02
3.54907074e-02
3.54139484e-02
3.53382217e-02
3.52607653e-02
3.51832726e-02
3.51072334e-02
3.50308352e-02
3.49548939e-02
3.48796379e-02
3.48061014e-02
3.47327654e-02
3.46573731e-02
3.45776964e-02
3.44956008e-02
3.44164778e-02
3.43431958e-02
3.42741681e-02
3.42064376e-02
3.41355682e-02
3.40631984e-02
3.39918711e-02
3.39221463e-02
3.38546299e-02
3.37886433e-02
3.37216421e-02
3.36526725e-02
3.35828566e-02
3.35122359e-02
3.34422232e-02
3.33736411e-02
3.33074872e-02
3.32433641e-02
3.31802788e-02
3.31168540e-02
3.30479070e-02
3.29778807e-02
3.29092495e-02
3.28424356e-02
3.27777836e-02
3.27114000e-02
3.26442662e-02
3.25759036e-02
3.25081583e-02
3.24418350e-02
3.23758868e-02
3.23094243e-02
3.22434148e-02
3.21774573e-02
3.21129927e-02
3.20512066e-02
3.19914451e-02
3.19304693e-02
3.18673050e-02
3.18042816e-02
3.17405915e-02
3.16754947e-02
3.16115546e-02
3.15495344e-02
3.14891137e-02
3.14295648e-02
3.13705496e-02
3.13109541e-02
3.12518338e-02
3.11936807e-02
3.11365136e-02
3.10799483e-02
3.10233742e-02
3.09666540e-02
3.09094139e-02
3.08521635e-02
3.07948424e-02
3.07365288e-02
3.06762746e-02
3.06162512e-02
3.05580406e-02
3.05019068e-02
3.04469404e-02
3.03921553e-02
3.03369974e-02
3.02807236e-02
3.02227892e-02
3.01640406e-02
3.01041646e-02
3.00445009e-02
2.99868432e-02
2.99319644e-02
2.98792565e-02
2.98275443e-02
2.97749368e-02
2.97208867e-02
2.96651583e-02
2.96083994e-02
2.95521168e-02
2.94970986e-02
2.94424250e-02
2.93884053e-02
2.93349172e-02
2.92821409e-02
2.92295707e-02
2.91770657e-02
2.91228275e-02
2.90670359e-02
2.90118613e-02
2.89584735e-02
2.89071797e-02
2.88574392e-02
2.88078435e-02
2.87574227e-02
2.87059835e-02
2.86534368e-02
2.86005429e-02
2.85488609e-02
2.84980778e-02
2.84476849e-02
2.83968557e-02
2.83440462e-02
2.82904784e-02
2.82378581e-02
2.81876204e-02
2.81393187e-02
2.80915603e-02
2.80438812e-02
2.79960138e-02
2.79472929e-02
2.78978180e-02
2.78484880e-02
2.77998686e-02
2.77508611e-02
2.77012019e-02
2.76520465e-02
2.76044257e-02
2.75568974e-02
2.75073052e-02
2.74570636e-02
2.74074937e-02
2.73594372e-02
2.73117257e-02
2.72643771e-02
2.72175129e-02
2.71707640e-02
2.71242949e-02
2.70779406e-02
2.70308123e-02
2.69833543e-02
2.69368053e-02
2.68916923e-02
2.68469258e-02
2.68021999e-02
2.67567199e-02
2.67106146e-02
2.66642143e-02
2.66174874e-02
2.65698355e-02
2.65213888e-02
2.64732390e-02
2.64266862e-02
2.63812400e-02
2.63353058e-02
2.62891420e-02
2.62436728e-02
2.61979207e-02
2.61527985e-02
2.61078653e-02
2.60628809e-02
2.60185164e-02
2.59749212e-02
2.59321413e-02
2.58892440e-02
2.58446520e-02
2.57994344e-02
2.57549705e-02
2.57116325e-02
2.56689407e-02
2.56260914e-02
2.55833175e-02
2.55408064e-02
2.54984982e-02
2.54558804e-02
2.54120240e-02
2.53683786e-02
2.53258997e-02
2.52841447e-02
2.52423869e-02
2.52002115e-02
2.51582630e-02
2.51157391e-02
2.50731532e-02
2.50314556e-02
2.49906763e-02
2.49502877e-02
2.49091596e-02
2.48674625e-02
2.48253241e-02
2.47833866e-02
2.47419003e-02
2.47005517e-02
2.46593480e-02
2.46172600e-02
2.45746772e-02
2.45331398e-02
2.44922783e-02
2.44511309e-02
2.44073027e-02
2.43612812e-02
2.43163913e-02
2.42738963e-02
2.42334760e-02
2.41936345e-02
2.41532236e-02
2.41122154e-02
2.40715370e-02
2.40313651e-02
2.39890938e-02
2.39466385e-02
2.39054485e-02
2.38653722e-02
2.38249134e-02
2.37846209e-02
2.37450851e-02
2.37054363e-02
2.36660497e-02
2.36270542e-02
2.35883323e-02
2.35501409e-02
2.35118949e-02
2.34731295e-02
2.34348112e-02
2.33971218e-02
2.33599251e-02
2.33233996e-02
2.32870130e-02
2.32502780e-02
2.32124557e-02
2.31738378e-02
2.31358701e-02
2.30985199e-02
2.30610257e-02
2.30232696e-02
2.29853626e-02
2.29479685e-02
2.29113650e-02
2.28751006e-02
2.28388666e-02
2.28013576e-02
2.27603210e-02
2.27195100e-02
2.26810534e-02
2.26449711e-02
2.26093452e-02
2.25736497e-02
2.25378666e-02
2.25021763e-02
2.24659992e-02
2.24298893e-02
2.23937139e-02
2.23567944e-02
2.23184157e-02
2.22794072e-02
2.22416921e-02
2.22054986e-02
2.21701173e-02
2.21353181e-02
2.21005684e-02
2.20657846e-02
2.20306143e-02
2.19952948e-02
2.19592498e-02
2.19214311e-02
2.18831681e-02
2.18461387e-02
2.18105745e-02
2.17763152e-02
2.17427814e-02
2.17091722e-02
2.16744936e-02
2.16391773e-02
2.16048816e-02
2.15716522e-02
2.15394879e-02
2.15076175e-02
2.14757594e-02
2.14438706e-02
2.14116194e-02
2.13789691e-02
2.13465517e-02
2.13146923e-02
2.12826560e-02
2.12498048e-02
2.12170318e-02
2.11844962e-02
2.11514035e-02
2.11180407e-02
2.10844688e-02
2.10504382e-02
2.10170135e-02
2.09840306e-02
2.09511033e-02
2.09184980e-02
2.08865774e-02
2.08546553e-02
2.08227930e-02
2.07909920e-02
2.07590496e-02
2.07268052e-02
2.06944715e-02
2.06629901e-02
2.06319467e-02
2.06005825e-02
2.05686737e-02
2.05366182e-02
2.05054709e-02
2.04751392e-02
2.04452523e-02
2.04152748e-02
2.03851567e-02
2.03553711e-02
2.03259319e-02
2.02958875e-02
2.02650210e-02
2.02340687e-02
2.02031307e-02
2.01726861e-02
2.01430858e-02
2.01136574e-02
2.00834589e-02
2.00527413e-02
2.00226048e-02
1.99932348e-02
1.99635769e-02
1.99340655e-02
1.99053358e-02
1.98775109e-02
1.98495851e-02
1.98206193e-02
1.97907286e-02
1.97595595e-02
1.97277202e-02
1.96962156e-02
1.96660961e-02
1.96373028e-02
1.96091921e-02
1.95816854e-02
1.95539666e-02
1.95256537e-02
1.94972689e-02
1.94693167e-02
1.94416665e-02
1.94136057e-02
1.93852426e-02
1.93563626e-02
1.93271691e-02
1.92987813e-02
1.92718578e-02
1.92450115e-02
1.92178325e-02
1.91896252e-02
1.91606464e-02
1.91320113e-02
1.91046861e-02
1.90776527e-02
1.90499755e-02
1.90228710e-02
1.89958561e-02
1.89693480e-02
1.89433155e-02
1.89176773e-02
1.88921909e-02
1.88663811e-02
1.88403944e-02
1.88137525e-02
1.87861873e-02
1.87584150e-02
1.87317780e-02
1.87068512e-02
1.86829483e-02
1.86588823e-02
1.86344009e-02
1.86095322e-02
1.85832994e-02
1.85554778e-02
1.85278749e-02
1.85013290e-02
1.84750676e-02
1.84482214e-02
1.84216417e-02
1.83963675e-02
1.83720677e-02
1.83475515e-02
1.83227452e-02
1.82983427e-02
1.82738439e-02
1.82491183e-02
1.82244460e-02
1.82002638e-02
1.81760418e-02
1.81512207e-02
1.81255973e-02
1.80990454e-02
1.80716362e-02
1.80450025e-02
1.80202226e-02
1.79972487e-02
1.79746815e-02
1.79520340e-02
1.79289214e-02
1.79051184e-02
1.78807288e-02
1.78559277e-02
1.78314842e-02
1.78081588e-02
1.77853333e-02
1.77622762e-02
1.77386319e-02
1.77145703e-02
1.76908283e-02
1.76672045e-02
1.76433520e-02
1.76189819e-02
1.75949344e-02
1.75712758e-02
1.75473670e-02
1.75237976e-02
1.75009359e-02
1.74775104e-02
1.74540034e-02
1.74310428e-02
1.74084815e-02
1.73860872e-02
1.73634147e-02
1.73400734e-02
1.73164499e-02
1.72930831e-02
1.72700783e-02
1.72477520e-02
1.72259161e-02
1.72035601e-02
1.71809494e-02
1.71585929e-02
1.71366350e-02
1.71150240e-02
1.70933869e-02
1.70718444e-02
1.70505511e-02
1.70292423e-02
1.70078611e-02
1.69858650e-02
1.69625631e-02
1.69393750e-02
1.69169566e-02
1.68949923e-02
1.68717056e-02
1.68472591e-02
1.68230805e-02
1.68002941e-02
1.67791214e-02
1.67587216e-02
1.67382063e-02
1.67167732e-02
1.66945772e-02
1.66723381e-02
1.66498227e-02
1.66269142e-02
1.66042310e-02
1.65812623e-02
1.65582194e-02
1.65354323e-02
1.65132314e-02
1.64912814e-02
1.64683697e-02
1.64455291e-02
1.64238523e-02
1.64033895e-02
1.63835536e-02
1.63640406e-02
1.63445771e-02
1.63249778e-02
1.63054171e-02
1.62859873e-02
1.62666137e-02
1.62469626e-02
1.62272792e-02
1.62071604e-02
1.61867578e-02
1.61660771e-02
1.61453003e-02
1.61239926e-02
1.61026434e-02
1.60810548e-02
1.60602658e-02
1.60404788e-02
1.60211353e-02
1.60017751e-02
1.59822176e-02
1.59626310e-02
1.59430233e-02
1.59229327e-02
1.59019484e-02
1.58806237e-02
1.58592958e-02
1.58380499e-02
1.58178392e-02
1.57987114e-02
1.57799811e-02
1.57613560e-02
1.57427029e-02
1.57235127e-02
1.57032084e-02
1.56827512e-02
1.56628412e-02
1.56436762e-02
1.56238473e-02
1.56038797e-02
1.55843374e-02
1.55654065e-02
1.55469586e-02
1.55279965e-02
1.55060843e-02
1.54839016e-02
1.54633535e-02
1.54444243e-02
1.54261317e-02
1.54071239e-02
1.53878326e-02
1.53689604e-02
1.53505319e-02
1.53323918e-02
1.53138701e-02
1.52949271e-02
1.52760668e-02
1.52577359e-02
1.52398239e-02
1.52225309e-02
1.52051764e-02
1.51875264e-02
1.51696951e-02
1.51514766e-02
1.51328047e-02
1.51140936e-02
1.50952536e-02
1.50762423e-02
1.50559505e-02
1.50338469e-02
1.50120567e-02
1.49923270e-02
1.49737866e-02
1.49558055e-02
1.49367362e-02
1.49170137e-02
1.48971081e-02
1.48767135e-02
1.48568687e-02
1.48380890e-02
1.48196113e-02
1.48013038e-02
1.47827349e-02
1.47641163e-02
1.47455191e-02
1.47270160e-02
1.47088535e-02
1.46901870e-02
1.46713401e-02
1.46531806e-02
1.46359788e-02
1.46187885e-02
1.46014447e-02
1.45837750e-02
1.45663031e-02
1.45490271e-02
1.45312457e-02
1.45133200e-02
1.44957710e-02
1.44784169e-02
1.44611897e-02
1.44442809e-02
1.44271176e-02
1.44078982e-02
1.43881236e-02
1.43695756e-02
1.43525630e-02
1.43363079e-02
1.43202113e-02
1.43033467e-02
1.42859730e-02
1.42682081e-02
1.42497693e-02
1.42317038e-02
1.42147724e-02
1.41988844e-02
1.41832397e-02
1.41667805e-02
1.41485348e-02
1.41296950e-02
1.41109250e-02
1.40923228e-02
1.40746793e-02
1.40583084e-02
1.40426480e-02
1.40270489e-02
1.40113110e-02
1.39952828e-02
1.39786830e-02
1.39608559e-02
1.39424265e-02
1.39239903e-02
1.39060913e-02
1.38890333e-02
1.38720974e-02
1.38552965e-02
1.38378636e-02
1.38200747e-02
1.38028085e-02
1.37863982e-02
1.37706478e-02
1.37552696e-02
1.37394005e-02
1.37204350e-02
1.36995793e-02
1.36794004e-02
1.36616704e-02
1.36463852e-02
1.36319914e-02
1.36170797e-02
1.36013813e-02
1.35849021e-02
1.35677613e-02
1.35489117e-02
1.35299285e-02
1.35120811e-02
1.34958411e-02
1.34805751e-02
1.34655924e-02
1.34503692e-02
1.34350089e-02
1.34194769e-02
1.34032825e-02
1.33871271e-02
1.33715889e-02
1.33564611e-02
1.33415300e-02
1.33255297e-02
1.33089393e-02
1.32910424e-02
1.32735257e-02
1.32577685e-02
1.32436967e-02
1.32301997e-02
1.32153874e-02
1.31995036e-02
1.31823264e-02
1.31652721e-02
1.31495523e-02
1.31350771e-02
1.31212033e-02
1.31073774e-02
1.30932524e-02
1.30784899e-02
1.30633827e-02
1.30483843e-02
1.30333098e-02
1.30174828e-02
1.30016136e-02
1.29865490e-02
1.29723146e-02
1.29581575e-02
1.29435229e-02
1.29279414e-02
1.29112777e-02
1.28947208e-02
1.28790695e-02
1.28643537e-02
1.28501946e-02
1.28364152e-02
1.28218801e-02
1.28062034e-02
1.27902147e-02
1.27748708e-02
1.27603321e-02
1.27464816e-02
1.27317667e-02
1.27159148e-02
1.27005313e-02
1.26861110e-02
1.26717999e-02
1.26568400e-02
1.26418708e-02
1.26274516e-02
1.26120217e-02
1.25955458e-02
1.25795244e-02
1.25649885e-02
1.25517700e-02
1.25384613e-02
1.25236547e-02
1.25068407e-02
1.24893729e-02
1.24727511e-02
1.24575550e-02
1.24432924e-02
1.24286752e-02
1.24138537e-02
1.23994696e-02
1.23855530e-02
1.23719857e-02
1.23580912e-02
1.23440269e-02
1.23296007e-02
1.23136465e-02
1.22978424e-02
1.22831182e-02
1.22694910e-02
1.22561168e-02
1.22424128e-02
1.22280008e-02
1.22117113e-02
1.21941325e-02
1.21772256e-02
1.21621556e-02
1.21487929e-02
1.21361534e-02
1.21228473e-02
1.21085384e-02
1.20927071e-02
1.20758846e-02
1.20598330e-02
1.20452398e-02
1.20316437e-02
1.20180584e-02
1.20038629e-02
1.19890481e-02
1.19736307e-02
1.19587967e-02
1.19442786e-02
1.19300898e-02
1.19163695e-02
1.19032081e-02
1.18892465e-02
1.18740028e-02
1.18591778e-02
1.18450488e-02
1.18313794e-02
1.18180231e-02
1.18035336e-02
1.17879332e-02
1.17726947e-02
1.17586464e-02
1.17458083e-02
1.17332673e-02
1.17191883e-02
1.17048763e-02
1.16911069e-02
1.16773427e-02
1.16632969e-02
1.16496060e-02
1.16361662e-02
1.16225578e-02
1.16090891e-02
1.15939891e-02
1.15780565e-02
1.15630578e-02
1.15495507e-02
1.15370133e-02
1.15248410e-02
1.15126981e-02
1.15002077e-02
1.14873036e-02
1.14740731e-02
1.14607770e-02
1.14475284e-02
1.14341175e-02
1.14212073e-02
1.14088110e-02
1.13969651e-02
1.13851653e-02
1.13734511e-02
1.13614553e-02
1.13488751e-02
1.13361668e-02
1.13233202e-02
1.13104328e-02
1.12977207e-02
1.12856090e-02
1.12741467e-02
1.12625227e-02
1.12501904e-02
1.12373671e-02
1.12247832e-02
1.12128295e-02
1.12013743e-02
1.11898672e-02
1.11784409e-02
1.11667994e-02
1.11546187e-02
1.11425666e-02
1.11310547e-02
1.11201931e-02
1.11095985e-02
1.10986900e-02
1.10872931e-02
1.10757993e-02
1.10635640e-02
1.10492732e-02
1.10347768e-02
1.10215975e-02
1.10096685e-02
1.09982948e-02
1.09867449e-02
1.09746128e-02
1.09625491e-02
1.09507105e-02
1.09387413e-02
1.09260411e-02
1.09131042e-02
1.09008132e-02
1.08888174e-02
1.08773082e-02
1.08663210e-02
1.08555599e-02
1.08447437e-02
1.08331893e-02
1.08212884e-02
1.08095550e-02
1.07982954e-02
1.07870679e-02
1.07758157e-02
1.07644794e-02
1.07531634e-02
1.07420549e-02
1.07311878e-02
1.07203758e-02
1.07092282e-02
1.06980854e-02
1.06862515e-02
1.06738923e-02
1.06615496e-02
1.06496915e-02
1.06380406e-02
1.06270471e-02
1.06164634e-02
1.06056860e-02
1.05948414e-02
1.05841975e-02
1.05738360e-02
1.05635131e-02
1.05529033e-02
1.05418154e-02
1.05306964e-02
1.05198579e-02
1.05092432e-02
1.04989032e-02
1.04887753e-02
1.04785324e-02
1.04682060e-02
1.04576567e-02
1.04464459e-02
1.04346965e-02
1.04230656e-02
1.04118736e-02
1.04008636e-02
1.03901410e-02
1.03797214e-02
1.03695072e-02
1.03594643e-02
1.03495012e-02
1.03394340e-02
1.03290966e-02
1.03185760e-02
1.03081966e-02
1.02977137e-02
1.02871462e-02
1.02767275e-02
1.02666166e-02
1.02568690e-02
1.02472922e-02
1.02377280e-02
1.02280859e-02
1.02183989e-02
1.02088210e-02
1.01992024e-02
1.01891691e-02
1.01788987e-02
1.01685420e-02
1.01583005e-02
1.01482544e-02
1.01382081e-02
1.01278918e-02
1.01175589e-02
1.01076551e-02
1.00983789e-02
1.00894405e-02
1.00800450e-02
1.00702098e-02
1.00602735e-02
1.00505781e-02
1.00407557e-02
1.00304995e-02
1.00203746e-02
1.00106759e-02
1.00013710e-02
9.99177819e-03
