-967.7313
-967.70266
-967.70955
-967.7446
-967.79015
-967.82647
-967.8441
-967.85286
-967.86221
-967.87541
-967.89088
-967.90494
-967.91501
-967.92282
-967.93068
-967.93924
-967.94803
-967.95607
-967.96286
-967.96892
-967.97496
-967.98124
-967.9876
-967.99376
-967.99958
-968.00515
-968.01058
-968.01592
-968.02115
-968.0262
-968.03106
-968.03579
-968.04044
-968.04504
-968.04958
-968.05404
-968.05842
-968.06272
-968.06695
-968.07112
-968.07523
-968.07926
-968.08323
-968.08714
-968.091
-968.0948
-968.09855
-968.10225
-968.10591
-968.10953
-968.11312
-968.11666
-968.12017
-968.12364
-968.12707
-968.13047
-968.13382
-968.13714
-968.14043
-968.14369
-968.14692
-968.15011
-968.15328
-968.15641
-968.15951
-968.16259
-968.16564
-968.16866
-968.17166
-968.17464
-968.17759
-968.18053
-968.18344
-968.18632
-968.18917
-968.192
-968.19481
-968.19759
-968.20036
-968.2031
-968.20582
-968.20852
-968.2112
-968.21387
-968.21651
-968.21912
-968.22172
-968.2243
-968.22685
-968.22939
-968.23191
-968.23441
-968.23689
-968.23936
-968.2418
-968.24423
-968.24664
-968.24904
-968.25141
-968.25377
-968.25612
-968.25844
-968.26075
-968.26305
-968.26533
-968.2676
-968.26985
-968.27208
-968.2743
-968.2765
-968.27868
-968.28085
-968.283
-968.28514
-968.28726
-968.28937
-968.29146
-968.29354
-968.29561
-968.29766
-968.29969
-968.30171
-968.30371
-968.3057
-968.30767
-968.30964
-968.31159
-968.31353
-968.31545
-968.31736
-968.31925
-968.32113
-968.323
-968.32486
-968.3267
-968.32853
-968.33035
-968.33215
-968.33394
-968.33572
-968.33749
-968.33924
-968.34099
-968.34272
-968.34444
-968.34615
-968.34785
-968.34953
-968.3512
-968.35286
-968.35451
-968.35615
-968.35778
-968.3594
-968.36101
-968.36261
-968.3642
-968.36577
-968.36734
-968.3689
-968.37044
-968.37197
-968.3735
-968.37501
-968.37651
-968.378
-968.37948
-968.38095
-968.38242
-968.38387
-968.38532
-968.38675
-968.38818
-968.38959
-968.391
-968.39239
-968.39378
-968.39515
-968.39652
-968.39788
-968.39923
-968.40057
-968.40191
-968.40323
-968.40455
-968.40586
-968.40716
-968.40845
-968.40974
-968.41101
-968.41228
-968.41354
-968.41479
-968.41604
-968.41727
-968.4185
-968.41972
-968.42093
-968.42213
-968.42332
-968.42451
-968.4257
-968.42687
-968.42804
-968.4292
-968.43036
-968.4315
-968.43264
-968.43378
-968.4349
-968.43603
-968.43714
-968.43825
-968.43935
-968.44045
-968.44153
-968.44262
-968.44369
-968.44476
-968.44582
-968.44688
-968.44793
-968.44897
-968.45001
-968.45104
-968.45207
-968.45309
-968.45411
-968.45512
-968.45612
-968.45712
-968.45812
-968.4591
-968.46008
-968.46106
-968.46203
-968.46299
-968.46396
-968.46491
-968.46586
-968.46681
-968.46775
-968.46868
-968.46961
-968.47053
-968.47145
-968.47236
-968.47327
-968.47418
-968.47507
-968.47597
-968.47686
-968.47774
-968.47862
-968.47949
-968.48036
-968.48122
-968.48208
-968.48294
-968.48378
-968.48463
-968.48547
-968.48631
-968.48714
-968.48797
-968.48879
-968.48961
-968.49043
-968.49124
-968.49204
-968.49284
-968.49364
-968.49443
-968.49522
-968.49601
-968.4968
-968.49758
-968.49836
-968.49913
-968.4999
-968.50067
-968.50143
-968.50219
-968.50294
-968.50369
-968.50444
-968.50518
-968.50591
-968.50665
-968.50738
-968.50811
-968.50883
-968.50955
-968.51027
-968.51099
-968.5117
-968.51241
-968.51312
-968.51382
-968.51452
-968.51522
-968.51591
-968.5166
-968.51728
-968.51797
-968.51865
-968.51932
-968.52
-968.52067
-968.52134
-968.522
-968.52266
-968.52332
-968.52398
-968.52463
-968.52528
-968.52593
-968.52657
-968.52721
-968.52785
-968.52849
-968.52912
-968.52975
-968.53038
-968.531
-968.53162
-968.53224
-968.53286
-968.53347
-968.53408
-968.53469
-968.5353
-968.5359
-968.5365
-968.5371
-968.53769
-968.53829
-968.53887
-968.53946
-968.54005
-968.54063
-968.54121
-968.54179
-968.54237
-968.54294
-968.54351
-968.54408
-968.54465
-968.54521
-968.54578
-968.54634
-968.54689
-968.54745
-968.548
-968.54856
-968.54911
-968.54965
-968.5502
-968.55074
-968.55128
-968.55182
-968.55235
-968.55288
-968.55341
-968.55394
-968.55447
-968.55499
-968.55551
-968.55603
-968.55655
-968.55707
-968.55758
-968.55809
-968.55861
-968.55911
-968.55962
-968.56012
-968.56063
-968.56112
-968.56162
-968.56212
-968.56261
-968.5631
-968.56359
-968.56408
-968.56457
-968.56506
-968.56554
-968.56602
-968.56651
-968.56698
-968.56746
-968.56793
-968.56841
-968.56888
-968.56934
-968.56981
-968.57028
-968.57074
-968.5712
-968.57166
-968.57212
-968.57258
-968.57303
-968.57348
-968.57394
-968.57438
-968.57483
-968.57528
-968.57573
-968.57617
-968.57662
-968.57706
-968.57749
-968.57793
-968.57836
-968.5788
-968.57923
-968.57966
-968.58009
-968.58051
-968.58094
-968.58137
-968.58179
-968.58221
-968.58263
-968.58305
-968.58346
-968.58388
-968.5843
-968.58471
-968.58512
-968.58553
-968.58594
-968.58634
-968.58675
-968.58715
-968.58755
-968.58795
-968.58835
-968.58875
-968.58914
-968.58954
-968.58993
-968.59033
-968.59072
-968.59111
-968.59149
-968.59188
-968.59227
-968.59265
-968.59303
-968.59341
-968.59379
-968.59417
-968.59455
-968.59492
-968.5953
-968.59567
-968.59604
-968.59641
-968.59678
-968.59715
-968.59752
-968.59788
-968.59825
-968.59861
-968.59897
-968.59934
-968.5997
-968.60006
-968.60041
-968.60077
-968.60112
-968.60147
-968.60182
-968.60217
-968.60252
-968.60287
-968.60322
-968.60356
-968.60391
-968.60425
-968.60459
-968.60493
-968.60527
-968.60561
-968.60595
-968.60628
-968.60662
-968.60695
-968.60729
-968.60762
-968.60795
-968.60828
-968.60861
-968.60893
-968.60926
-968.60959
-968.60991
-968.61023
-968.61056
-968.61088
-968.6112
-968.61152
-968.61183
-968.61215
-968.61247
-968.61278
-968.61309
-968.61341
-968.61372
-968.61403
-968.61434
-968.61465
-968.61495
-968.61526
-968.61556
-968.61587
-968.61617
-968.61647
-968.61677
-968.61707
-968.61737
-968.61767
-968.61797
-968.61826
-968.61856
-968.61885
-968.61914
-968.61943
-968.61972
-968.62001
-968.6203
-968.62059
-968.62087
-968.62116
-968.62145
-968.62173
-968.62201
-968.6223
-968.62258
-968.62286
-968.62314
-968.62341
-968.62369
-968.62397
-968.62424
-968.62452
-968.62479
-968.62506
-968.62534
-968.62561
-968.62588
-968.62615
-968.62642
-968.62668
-968.62695
-968.62722
-968.62748
-968.62775
-968.62801
-968.62827
-968.62853
-968.6288
-968.62906
-968.62931
-968.62957
-968.62983
-968.63008
-968.63034
-968.63059
-968.63085
-968.6311
-968.63135
-968.63161
-968.63186
-968.63211
-968.63235
-968.6326
-968.63285
-968.6331
-968.63334
-968.63359
-968.63383
-968.63408
-968.63432
-968.63456
-968.6348
-968.63504
-968.63528
-968.63552
-968.63576
-968.63599
-968.63623
-968.63647
-968.6367
-968.63693
-968.63717
-968.6374
-968.63763
-968.63786
-968.6381
-968.63833
-968.63856
-968.63879
-968.63901
-968.63924
-968.63947
-968.63969
-968.63992
-968.64014
-968.64036
-968.64059
-968.64081
-968.64103
-968.64125
-968.64147
-968.64169
-968.64191
-968.64213
-968.64234
-968.64256
-968.64278
-968.64299
-968.64321
-968.64342
-968.64364
-968.64385
-968.64406
-968.64427
-968.64448
-968.64469
-968.6449
-968.64511
-968.64532
-968.64553
-968.64574
-968.64595
-968.64615
-968.64636
-968.64656
-968.64676
-968.64697
-968.64717
-968.64737
-968.64758
-968.64778
-968.64798
-968.64818
-968.64838
-968.64858
-968.64877
-968.64897
-968.64917
-968.64936
-968.64956
-968.64976
-968.64995
-968.65014
-968.65034
-968.65053
-968.65072
-968.65091
-968.65111
-968.6513
-968.65149
-968.65168
-968.65187
-968.65205
-968.65224
-968.65243
-968.65262
-968.6528
-968.65299
-968.65317
-968.65336
-968.65354
-968.65372
-968.65391
-968.65409
-968.65427
-968.65445
-968.65464
-968.65482
-968.655
-968.65518
-968.65536
-968.65554
-968.65571
-968.65589
-968.65607
-968.65624
-968.65642
-968.6566
-968.65677
-968.65695
-968.65712
-968.6573
-968.65747
-968.65764
-968.65781
-968.65799
-968.65816
-968.65833
-968.6585
-968.65867
-968.65884
-968.65901
-968.65917
-968.65934
-968.65951
-968.65968
-968.65984
-968.66001
-968.66018
-968.66034
-968.66051
-968.66067
-968.66083
-968.66099
-968.66116
-968.66132
-968.66148
-968.66164
-968.66181
-968.66197
-968.66213
-968.66229
-968.66245
-968.66261
-968.66276
-968.66292
-968.66308
-968.66324
-968.66339
-968.66355
-968.66371
-968.66386
-968.66402
-968.66417
-968.66433
-968.66448
-968.66463
-968.66479
-968.66494
-968.66509
-968.66524
-968.6654
-968.66555
-968.6657
-968.66585
-968.666
-968.66615
-968.6663
-968.66645
-968.66659
-968.66674
-968.66689
-968.66704
-968.66718
-968.66733
-968.66748
-968.66762
-968.66777
-968.66791
-968.66806
-968.6682
-968.66835
-968.66849
-968.66863
-968.66878
-968.66892
-968.66906
-968.6692
-968.66934
-968.66948
-968.66962
-968.66976
-968.6699
-968.67004
-968.67018
-968.67032
-968.67046
-968.67059
-968.67073
-968.67087
-968.671
-968.67114
-968.67128
-968.67141
-968.67155
-968.67168
-968.67182
-968.67195
-968.67209
-968.67222
-968.67235
-968.67249
-968.67262
-968.67275
-968.67289
-968.67302
-968.67315
-968.67328
-968.67341
-968.67354
-968.67367
-968.6738
-968.67393
-968.67406
-968.67419
-968.67432
-968.67444
-968.67457
-968.6747
-968.67483
-968.67495
-968.67508
-968.6752
-968.67533
-968.67545
-968.67558
-968.6757
-968.67583
-968.67595
-968.67608
-968.6762
-968.67633
-968.67645
-968.67657
-968.67669
-968.67682
-968.67694
-968.67706
-968.67718
-968.6773
-968.67742
-968.67754
-968.67766
-968.67778
-968.6779
-968.67802
-968.67814
-968.67826
-968.67837
-968.67849
-968.67861
-968.67873
-968.67884
-968.67896
-968.67908
-968.67919
-968.67931
-968.67942
-968.67954
-968.67966
-968.67977
-968.67989
-968.68
-968.68011
-968.68023
-968.68034
-968.68045
-968.68056
-968.68068
-968.68079
-968.6809
-968.68101
-968.68112
-968.68123
-968.68134
-968.68145
-968.68156
-968.68167
-968.68178
-968.68189
-968.682
-968.68211
-968.68222
-968.68233
-968.68243
-968.68254
-968.68265
-968.68276
-968.68286
-968.68297
-968.68308
-968.68318
-968.68329
-968.68339
-968.6835
-968.6836
-968.68371
-968.68381
-968.68392
-968.68402
-968.68413
-968.68423
-968.68433
-968.68444
-968.68454
-968.68464
-968.68474
-968.68484
-968.68495
-968.68505
-968.68515
-968.68525
-968.68535
-968.68545
-968.68555
-968.68565
-968.68575
-968.68585
-968.68595
-968.68605
-968.68615
-968.68625
-968.68634
-968.68644
-968.68654
-968.68664
-968.68674
-968.68683
-968.68693
-968.68703
-968.68712
-968.68722
-968.68732
-968.68741
-968.68751
-968.6876
-968.6877
-968.68779
-968.68789
-968.68798
-968.68808
-968.68817
-968.68826
-968.68835
-968.68845
-968.68854
-968.68863
-968.68873
-968.68882
-968.68891
-968.689
-968.68909
-968.68918
-968.68928
-968.68937
-968.68946
-968.68955
-968.68964
-968.68973
-968.68982
-968.68991
-968.69
-968.69009
-968.69018
-968.69027
-968.69035
-968.69044
-968.69053
-968.69062
-968.6907
-968.69079
-968.69088
-968.69097
-968.69105
-968.69114
-968.69123
-968.69131
-968.6914
-968.69149
-968.69157
-968.69166
-968.69174
-968.69183
-968.69191
-968.692
-968.69208
-968.69217
-968.69225
-968.69234
-968.69242
-968.6925
-968.69259
-968.69267
-968.69275
-968.69283
-968.69292
-968.693
-968.69308
-968.69316
-968.69325
-968.69333
-968.69341
-968.69349
-968.69357
-968.69365
-968.69373
-968.69381
-968.69389
-968.69397
-968.69405
-968.69413
-968.69421
-968.69429
-968.69437
-968.69445
-968.69453
-968.69461
-968.69468
-968.69476
-968.69484
-968.69492
-968.69499
-968.69507
-968.69515
-968.69523
-968.6953
-968.69538
-968.69546
-968.69553
-968.69561
-968.69568
-968.69576
-968.69583
-968.69591
-968.69599
-968.69606
-968.69614
-968.69621
-968.69629
-968.69636
-968.69643
-968.69651
-968.69658
-968.69665
-968.69673
-968.6968
-968.69688
-968.69695
-968.69702
-968.69709
-968.69717
-968.69724
-968.69731
-968.69738
-968.69745
-968.69753
-968.6976
-968.69767
-968.69774
-968.69781
-968.69788
-968.69795
-968.69802
-968.69809
-968.69816
-968.69823
-968.6983
-968.69837
-968.69844
-968.69851
-968.69858
-968.69865
-968.69872
-968.69878
-968.69885
-968.69892
-968.69899
-968.69906
-968.69912
-968.69919
-968.69926
-968.69933
-968.69939
-968.69946
-968.69953
-968.69959
-968.69966
-968.69972
-968.69979
-968.69986
-968.69992
-968.69999
-968.70005
-968.70012
-968.70018
-968.70025
-968.70032
-968.70038
-968.70045
-968.70051
-968.70058
-968.70064
-968.7007
-968.70077
-968.70083
-968.70089
-968.70096
-968.70102
-968.70108
-968.70115
-968.70121
-968.70127
-968.70134
-968.7014
-968.70146
-968.70152
-968.70159
-968.70165
-968.70171
-968.70177
-968.70183
-968.7019
-968.70196
-968.70202
-968.70208
-968.70214
-968.7022
-968.70226
-968.70232
-968.70238
-968.70244
-968.7025
-968.70256
-968.70262
-968.70268
-968.70274
-968.7028
-968.70286
-968.70292
-968.70298
-968.70304
-968.7031
-968.70316
-968.70322
-968.70327
-968.70333
-968.70339
-968.70345
-968.70351
-968.70357
-968.70362
-968.70368
-968.70374
-968.7038
-968.70386
-968.70391
-968.70397
-968.70403
-968.70408
-968.70414
-968.70419
-968.70425
-968.70431
-968.70436
-968.70442
-968.70448
-968.70453
-968.70459
-968.70464
-968.7047
-968.70476
-968.70481
-968.70487
-968.70492
-968.70498
-968.70503
-968.70509
-968.70514
-968.7052
-968.70525
-968.7053
-968.70536
-968.70541
-968.70547
-968.70552
-968.70557
-968.70563
-968.70568
-968.70574
-968.70579
-968.70584
-968.7059
-968.70595
-968.706
-968.70605
-968.70611
-968.70616
-968.70621
-968.70626
-968.70632
-968.70637
-968.70642
-968.70647
-968.70653
-968.70658
-968.70663
-968.70668
-968.70673
-968.70678
-968.70683
-968.70689
-968.70694
-968.70699
-968.70704
-968.70709
-968.70714
-968.70719
-968.70724
-968.70729
-968.70734
-968.70739
-968.70744
-968.70749
-968.70754
