1	1.7528e+05
1.7528e+05	43947
43947	1.9712e+05
1.9712e+05	11051
11051	1.8347e+05
1.8347e+05	49410
49410	1.9725e+05
1.9725e+05	2795
2795	1.7732e+05
1.7732e+05	45995
45995	1.9719e+05
1.9719e+05	12418
12418	1.8552e+05
1.8552e+05	49474
49474	1.9731e+05
1.9731e+05	715
715	1.7579e+05
1.7579e+05	44459
44459	1.9715e+05
1.9715e+05	11563
11563	1.8398e+05
1.8398e+05	49442
49442	1.9728e+05
1.9728e+05	3138
3138	1.7784e+05
1.7784e+05	46507
46507	1.9722e+05
1.9722e+05	12450
12450	1.8603e+05
1.8603e+05	49506
49506	1.9735e+05
1.9735e+05	187
187	1.754e+05
1.754e+05	44075
44075	1.9714e+05
1.9714e+05	11179
11179	1.836e+05
1.836e+05	49426
49426	1.9727e+05
1.9727e+05	2923
2923	1.7745e+05
1.7745e+05	46123
46123	1.972e+05
1.972e+05	12434
12434	1.8564e+05
1.8564e+05	49490
49490	1.9733e+05
1.9733e+05	802
802	1.7592e+05
1.7592e+05	44587
44587	1.9717e+05
1.9717e+05	11691
11691	1.8411e+05
1.8411e+05	49458
49458	1.973e+05
1.973e+05	3154
3154	1.7796e+05
1.7796e+05	46635
46635	1.9723e+05
1.9723e+05	12466
12466	1.8616e+05
1.8616e+05	49522
49522	1.9736e+05
1.9736e+05	51
51	1.7531e+05
1.7531e+05	43979
43979	1.9713e+05
1.9713e+05	11083
11083	1.835e+05
1.835e+05	49418
49418	1.9726e+05
1.9726e+05	2827
2827	1.7736e+05
1.7736e+05	46027
46027	1.9719e+05
1.9719e+05	12426
12426	1.8555e+05
1.8555e+05	49482
49482	1.9732e+05
1.9732e+05	747
747	1.7582e+05
1.7582e+05	44491
44491	1.9716e+05
1.9716e+05	11595
11595	1.8401e+05
1.8401e+05	49450
49450	1.9729e+05
1.9729e+05	3146
3146	1.7787e+05
1.7787e+05	46539
46539	1.9723e+05
1.9723e+05	12458
12458	1.8606e+05
1.8606e+05	49514
49514	1.9735e+05
1.9735e+05	210
210	1.7544e+05
1.7544e+05	44107
44107	1.9715e+05
1.9715e+05	11211
11211	1.8363e+05
1.8363e+05	49434
49434	1.9727e+05
1.9727e+05	2955
2955	1.7748e+05
1.7748e+05	46155
46155	1.9721e+05
1.9721e+05	12442
12442	1.8568e+05
1.8568e+05	49498
49498	1.9734e+05
1.9734e+05	810
810	1.7595e+05
1.7595e+05	44619
44619	1.9718e+05
1.9718e+05	11723
11723	1.8414e+05
1.8414e+05	49466
49466	1.9731e+05
1.9731e+05	3162
3162	1.78e+05
1.78e+05	46667
46667	1.9724e+05
1.9724e+05	12474
12474	1.8619e+05
1.8619e+05	49530
49530	1.9737e+05
1.9737e+05	15
15	1.7528e+05
1.7528e+05	43955
43955	1.9713e+05
1.9713e+05	11059
11059	1.8348e+05
1.8348e+05	49414
49414	1.9725e+05
1.9725e+05	2803
2803	1.7733e+05
1.7733e+05	46003
46003	1.9719e+05
1.9719e+05	12422
12422	1.8552e+05
1.8552e+05	49478
49478	1.9732e+05
1.9732e+05	723
723	1.758e+05
1.758e+05	44467
44467	1.9716e+05
1.9716e+05	11571
11571	1.8399e+05
1.8399e+05	49446
49446	1.9729e+05
1.9729e+05	3142
3142	1.7784e+05
1.7784e+05	46515
46515	1.9722e+05
1.9722e+05	12454
12454	1.8604e+05
1.8604e+05	49510
49510	1.9735e+05
1.9735e+05	195
195	1.7541e+05
1.7541e+05	44083
44083	1.9714e+05
1.9714e+05	11187
11187	1.836e+05
1.836e+05	49430
49430	1.9727e+05
1.9727e+05	2931
2931	1.7746e+05
1.7746e+05	46131
46131	1.9721e+05
1.9721e+05	12438
12438	1.8565e+05
1.8565e+05	49494
49494	1.9733e+05
1.9733e+05	806
806	1.7592e+05
1.7592e+05	44595
44595	1.9717e+05
1.9717e+05	11699
11699	1.8412e+05
1.8412e+05	49462
49462	1.973e+05
1.973e+05	3158
3158	1.7797e+05
1.7797e+05	46643
46643	1.9724e+05
1.9724e+05	12470
12470	1.8616e+05
1.8616e+05	49526
49526	1.9737e+05
1.9737e+05	58
58	1.7532e+05
1.7532e+05	43987
43987	1.9713e+05
1.9713e+05	11091
11091	1.8351e+05
1.8351e+05	49422
49422	1.9726e+05
1.9726e+05	2835
2835	1.7736e+05
1.7736e+05	46035
46035	1.972e+05
1.972e+05	12430
12430	1.8556e+05
1.8556e+05	49486
49486	1.9733e+05
1.9733e+05	755
755	1.7583e+05
1.7583e+05	44499
44499	1.9717e+05
1.9717e+05	11603
11603	1.8402e+05
1.8402e+05	49454
49454	1.9729e+05
1.9729e+05	3150
3150	1.7788e+05
1.7788e+05	46547
46547	1.9723e+05
1.9723e+05	12462
12462	1.8607e+05
1.8607e+05	49518
49518	1.9736e+05
1.9736e+05	214
214	1.7544e+05
1.7544e+05	44115
44115	1.9715e+05
1.9715e+05	11219
11219	1.8364e+05
1.8364e+05	49438
49438	1.9728e+05
1.9728e+05	2963
2963	1.7749e+05
1.7749e+05	46163
46163	1.9721e+05
1.9721e+05	12446
12446	1.8568e+05
1.8568e+05	49502
49502	1.9734e+05
1.9734e+05	814
814	1.7596e+05
1.7596e+05	44627
44627	1.9718e+05
1.9718e+05	11731
11731	1.8415e+05
1.8415e+05	49470
49470	1.9731e+05
1.9731e+05	3166
3166	1.78e+05
1.78e+05	46675
46675	1.9725e+05
1.9725e+05	12478
12478	1.862e+05
1.862e+05	49534
49534	1.9737e+05
1.9737e+05	5
5	1.7528e+05
1.7528e+05	43949
43949	1.9712e+05
1.9712e+05	11053
11053	1.8347e+05
1.8347e+05	49411
49411	1.9725e+05
1.9725e+05	2797
2797	1.7732e+05
1.7732e+05	45997
45997	1.9719e+05
1.9719e+05	12419
12419	1.8552e+05
1.8552e+05	49475
49475	1.9732e+05
1.9732e+05	717
717	1.7579e+05
1.7579e+05	44461
44461	1.9716e+05
1.9716e+05	11565
11565	1.8398e+05
1.8398e+05	49443
49443	1.9728e+05
1.9728e+05	3139
3139	1.7784e+05
1.7784e+05	46509
46509	1.9722e+05
1.9722e+05	12451
12451	1.8603e+05
1.8603e+05	49507
49507	1.9735e+05
1.9735e+05	189
189	1.754e+05
1.754e+05	44077
44077	1.9714e+05
1.9714e+05	11181
11181	1.836e+05
1.836e+05	49427
49427	1.9727e+05
1.9727e+05	2925
2925	1.7745e+05
1.7745e+05	46125
46125	1.972e+05
1.972e+05	12435
12435	1.8564e+05
1.8564e+05	49491
49491	1.9733e+05
1.9733e+05	803
803	1.7592e+05
1.7592e+05	44589
44589	1.9717e+05
1.9717e+05	11693
11693	1.8411e+05
1.8411e+05	49459
49459	1.973e+05
1.973e+05	3155
3155	1.7796e+05
1.7796e+05	46637
46637	1.9724e+05
1.9724e+05	12467
12467	1.8616e+05
1.8616e+05	49523
49523	1.9736e+05
1.9736e+05	53
53	1.7531e+05
1.7531e+05	43981
43981	1.9713e+05
1.9713e+05	11085
11085	1.835e+05
1.835e+05	49419
49419	1.9726e+05
1.9726e+05	2829
2829	1.7736e+05
1.7736e+05	46029
46029	1.972e+05
1.972e+05	12427
12427	1.8555e+05
1.8555e+05	49483
49483	1.9732e+05
1.9732e+05	749
749	1.7582e+05
1.7582e+05	44493
44493	1.9716e+05
1.9716e+05	11597
11597	1.8401e+05
1.8401e+05	49451
49451	1.9729e+05
1.9729e+05	3147
3147	1.7787e+05
1.7787e+05	46541
46541	1.9723e+05
1.9723e+05	12459
12459	1.8606e+05
1.8606e+05	49515
49515	1.9736e+05
1.9736e+05	211
211	1.7544e+05
1.7544e+05	44109
44109	1.9715e+05
1.9715e+05	11213
11213	1.8363e+05
1.8363e+05	49435
49435	1.9728e+05
1.9728e+05	2957
2957	1.7748e+05
1.7748e+05	46157
46157	1.9721e+05
1.9721e+05	12443
12443	1.8568e+05
1.8568e+05	49499
49499	1.9734e+05
1.9734e+05	811
811	1.7595e+05
1.7595e+05	44621
44621	1.9718e+05
1.9718e+05	11725
11725	1.8414e+05
1.8414e+05	49467
49467	1.9731e+05
1.9731e+05	3163
3163	1.78e+05
1.78e+05	46669
46669	1.9724e+05
1.9724e+05	12475
12475	1.8619e+05
1.8619e+05	49531
49531	1.9737e+05
1.9737e+05	16
16	1.7528e+05
1.7528e+05	43957
43957	1.9713e+05
1.9713e+05	11061
11061	1.8348e+05
1.8348e+05	49415
49415	1.9726e+05
1.9726e+05	2805
2805	1.7733e+05
1.7733e+05	46005
46005	1.9719e+05
1.9719e+05	12423
12423	1.8552e+05
1.8552e+05	49479
49479	1.9732e+05
1.9732e+05	725
725	1.758e+05
1.758e+05	44469
44469	1.9716e+05
1.9716e+05	11573
11573	1.8399e+05
1.8399e+05	49447
49447	1.9729e+05
1.9729e+05	3143
3143	1.7784e+05
1.7784e+05	46517
46517	1.9722e+05
1.9722e+05	12455
12455	1.8604e+05
1.8604e+05	49511
49511	1.9735e+05
1.9735e+05	197
197	1.7541e+05
1.7541e+05	44085
44085	1.9714e+05
1.9714e+05	11189
11189	1.836e+05
1.836e+05	49431
49431	1.9727e+05
1.9727e+05	2933
2933	1.7746e+05
1.7746e+05	46133
46133	1.9721e+05
1.9721e+05	12439
12439	1.8565e+05
1.8565e+05	49495
49495	1.9734e+05
1.9734e+05	807
807	1.7592e+05
1.7592e+05	44597
44597	1.9718e+05
1.9718e+05	11701
11701	1.8412e+05
1.8412e+05	49463
49463	1.973e+05
1.973e+05	3159
3159	1.7797e+05
1.7797e+05	46645
46645	1.9724e+05
1.9724e+05	12471
12471	1.8616e+05
1.8616e+05	49527
49527	1.9737e+05
1.9737e+05	59
59	1.7532e+05
1.7532e+05	43989
43989	1.9714e+05
1.9714e+05	11093
11093	1.8351e+05
1.8351e+05	49423
49423	1.9726e+05
1.9726e+05	2837
2837	1.7736e+05
1.7736e+05	46037
46037	1.972e+05
1.972e+05	12431
12431	1.8556e+05
1.8556e+05	49487
49487	1.9733e+05
1.9733e+05	757
757	1.7583e+05
1.7583e+05	44501
44501	1.9717e+05
1.9717e+05	11605
11605	1.8402e+05
1.8402e+05	49455
49455	1.973e+05
1.973e+05	3151
3151	1.7788e+05
1.7788e+05	46549
46549	1.9723e+05
1.9723e+05	12463
12463	1.8607e+05
1.8607e+05	49519
49519	1.9736e+05
1.9736e+05	215
215	1.7544e+05
1.7544e+05	44117
44117	1.9715e+05
1.9715e+05	11221
11221	1.8364e+05
1.8364e+05	49439
49439	1.9728e+05
1.9728e+05	2965
2965	1.7749e+05
1.7749e+05	46165
46165	1.9722e+05
1.9722e+05	12447
12447	1.8568e+05
1.8568e+05	49503
49503	1.9734e+05
1.9734e+05	815
815	1.7596e+05
1.7596e+05	44629
44629	1.9718e+05
1.9718e+05	11733
11733	1.8415e+05
1.8415e+05	49471
49471	1.9731e+05
1.9731e+05	3167
3167	1.78e+05
1.78e+05	46677
46677	1.9725e+05
1.9725e+05	12479
12479	1.862e+05
1.862e+05	49535
49535	1.9738e+05
1.9738e+05	2
2	2.6317e+05
2.6317e+05	66047
66047	2.1922e+05
2.1922e+05	16639
16639	2.6304e+05
2.6304e+05	54997
54997	2.0284e+05
2.0284e+05	4223
4223	2.631e+05
2.631e+05	65983
65983	2.1512e+05
2.1512e+05	13845
13845	2.6298e+05
2.6298e+05	50901
50901	1.9874e+05
1.9874e+05	1087
1087	2.6314e+05
2.6314e+05	66015
66015	2.182e+05
2.182e+05	16607
16607	2.6301e+05
2.6301e+05	53973
53973	2.0181e+05
2.0181e+05	3509
3509	2.6307e+05
2.6307e+05	65951
65951	2.141e+05
2.141e+05	12821
12821	2.6294e+05
2.6294e+05	49877
49877	1.9772e+05
1.9772e+05	287
287	2.6315e+05
2.6315e+05	66031
66031	2.1896e+05
2.1896e+05	16623
16623	2.6302e+05
2.6302e+05	54741
54741	2.0258e+05
2.0258e+05	4207
4207	2.6309e+05
2.6309e+05	65967
65967	2.1487e+05
2.1487e+05	13589
13589	2.6296e+05
2.6296e+05	50645
50645	1.9848e+05
1.9848e+05	901
901	2.6312e+05
2.6312e+05	65999
65999	2.1794e+05
2.1794e+05	16591
16591	2.6299e+05
2.6299e+05	53717
53717	2.0156e+05
2.0156e+05	3253
3253	2.6306e+05
2.6306e+05	65935
65935	2.1384e+05
2.1384e+05	12565
12565	2.6293e+05
2.6293e+05	49621
49621	1.9746e+05
1.9746e+05	79
79	2.6316e+05
2.6316e+05	66039
66039	2.1916e+05
2.1916e+05	16631
16631	2.6303e+05
2.6303e+05	54933
54933	2.0277e+05
2.0277e+05	4215
4215	2.631e+05
2.631e+05	65975
65975	2.1506e+05
2.1506e+05	13781
13781	2.6297e+05
2.6297e+05	50837
50837	1.9868e+05
1.9868e+05	1079
1079	2.6313e+05
2.6313e+05	66007
66007	2.1813e+05
2.1813e+05	16599
16599	2.63e+05
2.63e+05	53909
53909	2.0175e+05
2.0175e+05	3445
3445	2.6306e+05
2.6306e+05	65943
65943	2.1404e+05
2.1404e+05	12757
12757	2.6294e+05
2.6294e+05	49813
49813	1.9765e+05
1.9765e+05	237
237	2.6314e+05
2.6314e+05	66023
66023	2.189e+05
2.189e+05	16615
16615	2.6302e+05
2.6302e+05	54677
54677	2.0252e+05
2.0252e+05	4199
4199	2.6308e+05
2.6308e+05	65959
65959	2.148e+05
2.148e+05	13525
13525	2.6295e+05
2.6295e+05	50581
50581	1.9842e+05
1.9842e+05	837
837	2.6311e+05
2.6311e+05	65991
65991	2.1788e+05
2.1788e+05	16583
16583	2.6298e+05
2.6298e+05	53653
53653	2.0149e+05
2.0149e+05	3189
3189	2.6305e+05
2.6305e+05	65927
65927	2.1378e+05
2.1378e+05	12501
12501	2.6292e+05
2.6292e+05	49557
49557	1.974e+05
1.974e+05	22
22	2.6316e+05
2.6316e+05	66043
66043	2.192e+05
2.192e+05	16635
16635	2.6304e+05
2.6304e+05	54981
54981	2.0282e+05
2.0282e+05	4219
4219	2.631e+05
2.631e+05	65979
65979	2.1511e+05
2.1511e+05	13829
13829	2.6297e+05
2.6297e+05	50885
50885	1.9872e+05
1.9872e+05	1083
1083	2.6313e+05
2.6313e+05	66011
66011	2.1818e+05
2.1818e+05	16603
16603	2.63e+05
2.63e+05	53957
53957	2.018e+05
2.018e+05	3493
3493	2.6307e+05
2.6307e+05	65947
65947	2.1408e+05
2.1408e+05	12805
12805	2.6294e+05
2.6294e+05	49861
49861	1.977e+05
1.977e+05	283
283	2.6315e+05
2.6315e+05	66027
66027	2.1895e+05
2.1895e+05	16619
16619	2.6302e+05
2.6302e+05	54725
54725	2.0256e+05
2.0256e+05	4203
4203	2.6308e+05
2.6308e+05	65963
65963	2.1485e+05
2.1485e+05	13573
13573	2.6296e+05
2.6296e+05	50629
50629	1.9847e+05
1.9847e+05	885
885	2.6312e+05
2.6312e+05	65995
65995	2.1792e+05
2.1792e+05	16587
16587	2.6299e+05
2.6299e+05	53701
53701	2.0154e+05
2.0154e+05	3237
3237	2.6305e+05
2.6305e+05	65931
65931	2.1383e+05
2.1383e+05	12549
12549	2.6292e+05
2.6292e+05	49605
49605	1.9744e+05
1.9744e+05	65
65	2.6316e+05
2.6316e+05	66035
66035	2.1914e+05
2.1914e+05	16627
16627	2.6303e+05
2.6303e+05	54917
54917	2.0276e+05
2.0276e+05	4211
4211	2.6309e+05
2.6309e+05	65971
65971	2.1504e+05
2.1504e+05	13765
13765	2.6296e+05
2.6296e+05	50821
50821	1.9866e+05
1.9866e+05	1075
1075	2.6312e+05
2.6312e+05	66003
66003	2.1812e+05
2.1812e+05	16595
16595	2.63e+05
2.63e+05	53893
53893	2.0173e+05
2.0173e+05	3429
3429	2.6306e+05
2.6306e+05	65939
65939	2.1402e+05
2.1402e+05	12741
12741	2.6293e+05
2.6293e+05	49797
49797	1.9764e+05
1.9764e+05	221
221	2.6314e+05
2.6314e+05	66019
66019	2.1888e+05
2.1888e+05	16611
16611	2.6301e+05
2.6301e+05	54661
54661	2.025e+05
2.025e+05	4195
4195	2.6308e+05
2.6308e+05	65955
65955	2.1479e+05
2.1479e+05	13509
13509	2.6295e+05
2.6295e+05	50565
50565	1.984e+05
1.984e+05	821
821	2.6311e+05
2.6311e+05	65987
65987	2.1786e+05
2.1786e+05	16579
16579	2.6298e+05
2.6298e+05	53637
53637	2.0148e+05
2.0148e+05	3173
3173	2.6304e+05
2.6304e+05	65923
65923	2.1376e+05
2.1376e+05	12485
12485	2.6292e+05
2.6292e+05	49541
49541	1.9738e+05
1.9738e+05	7
7	2.6317e+05
2.6317e+05	66046
66046	2.1922e+05
2.1922e+05	16638
16638	2.6304e+05
2.6304e+05	54994
54994	2.0283e+05
2.0283e+05	4222
4222	2.631e+05
2.631e+05	65982
65982	2.1512e+05
2.1512e+05	13842
13842	2.6297e+05
2.6297e+05	50898
50898	1.9874e+05
1.9874e+05	1086
1086	2.6313e+05
2.6313e+05	66014
66014	2.1819e+05
2.1819e+05	16606
16606	2.6301e+05
2.6301e+05	53970
53970	2.0181e+05
2.0181e+05	3506
3506	2.6307e+05
2.6307e+05	65950
65950	2.141e+05
2.141e+05	12818
12818	2.6294e+05
2.6294e+05	49874
49874	1.9771e+05
1.9771e+05	286
286	2.6315e+05
2.6315e+05	66030
66030	2.1896e+05
2.1896e+05	16622
16622	2.6302e+05
2.6302e+05	54738
54738	2.0258e+05
2.0258e+05	4206
4206	2.6309e+05
2.6309e+05	65966
65966	2.1487e+05
2.1487e+05	13586
13586	2.6296e+05
2.6296e+05	50642
50642	1.9848e+05
1.9848e+05	898
898	2.6312e+05
2.6312e+05	65998
65998	2.1794e+05
2.1794e+05	16590
16590	2.6299e+05
2.6299e+05	53714
53714	2.0155e+05
2.0155e+05	3250
3250	2.6305e+05
2.6305e+05	65934
65934	2.1384e+05
2.1384e+05	12562
12562	2.6293e+05
2.6293e+05	49618
49618	1.9746e+05
1.9746e+05	78
78	2.6316e+05
2.6316e+05	66038
66038	2.1915e+05
2.1915e+05	16630
16630	2.6303e+05
2.6303e+05	54930
54930	2.0277e+05
2.0277e+05	4214
4214	2.6309e+05
2.6309e+05	65974
65974	2.1506e+05
2.1506e+05	13778
13778	2.6297e+05
2.6297e+05	50834
50834	1.9867e+05
1.9867e+05	1078
1078	2.6313e+05
2.6313e+05	66006
66006	2.1813e+05
2.1813e+05	16598
16598	2.63e+05
2.63e+05	53906
53906	2.0175e+05
2.0175e+05	3442
3442	2.6306e+05
2.6306e+05	65942
65942	2.1403e+05
2.1403e+05	12754
12754	2.6293e+05
2.6293e+05	49810
49810	1.9765e+05
1.9765e+05	234
234	2.6314e+05
2.6314e+05	66022
66022	2.189e+05
2.189e+05	16614
16614	2.6301e+05
2.6301e+05	54674
54674	2.0251e+05
2.0251e+05	4198
4198	2.6308e+05
2.6308e+05	65958
65958	2.148e+05
2.148e+05	13522
13522	2.6295e+05
2.6295e+05	50578
50578	1.9842e+05
1.9842e+05	834
834	2.6311e+05
2.6311e+05	65990
65990	2.1787e+05
2.1787e+05	16582
16582	2.6298e+05
2.6298e+05	53650
53650	2.0149e+05
2.0149e+05	3186
3186	2.6305e+05
2.6305e+05	65926
65926	2.1378e+05
2.1378e+05	12498
12498	2.6292e+05
2.6292e+05	49554
49554	1.9739e+05
1.9739e+05	20
20	2.6316e+05
2.6316e+05	66042
66042	2.192e+05
2.192e+05	16634
16634	2.6303e+05
2.6303e+05	54978
54978	2.0282e+05
2.0282e+05	4218
4218	2.631e+05
2.631e+05	65978
65978	2.1511e+05
2.1511e+05	13826
13826	2.6297e+05
2.6297e+05	50882
50882	1.9872e+05
1.9872e+05	1082
1082	2.6313e+05
2.6313e+05	66010
66010	2.1818e+05
2.1818e+05	16602
16602	2.63e+05
2.63e+05	53954
53954	2.0179e+05
2.0179e+05	3490
3490	2.6307e+05
2.6307e+05	65946
65946	2.1408e+05
2.1408e+05	12802
12802	2.6294e+05
2.6294e+05	49858
49858	1.977e+05
1.977e+05	282
282	2.6315e+05
2.6315e+05	66026
66026	2.1895e+05
2.1895e+05	16618
16618	2.6302e+05
2.6302e+05	54722
54722	2.0256e+05
2.0256e+05	4202
4202	2.6308e+05
2.6308e+05	65962
65962	2.1485e+05
2.1485e+05	13570
13570	2.6295e+05
2.6295e+05	50626
50626	1.9847e+05
1.9847e+05	882
882	2.6311e+05
2.6311e+05	65994
65994	2.1792e+05
2.1792e+05	16586
16586	2.6299e+05
2.6299e+05	53698
53698	2.0154e+05
2.0154e+05	3234
3234	2.6305e+05
2.6305e+05	65930
65930	2.1383e+05
2.1383e+05	12546
12546	2.6292e+05
2.6292e+05	49602
49602	1.9744e+05
1.9744e+05	62
62	2.6315e+05
2.6315e+05	66034
66034	2.1914e+05
2.1914e+05	16626
16626	2.6303e+05
2.6303e+05	54914
54914	2.0275e+05
2.0275e+05	4210
4210	2.6309e+05
2.6309e+05	65970
65970	2.1504e+05
2.1504e+05	13762
13762	2.6296e+05
2.6296e+05	50818
50818	1.9866e+05
1.9866e+05	1074
1074	2.6312e+05
2.6312e+05	66002
66002	2.1811e+05
2.1811e+05	16594
16594	2.6299e+05
2.6299e+05	53890
53890	2.0173e+05
2.0173e+05	3426
3426	2.6306e+05
2.6306e+05	65938
65938	2.1402e+05
2.1402e+05	12738
12738	2.6293e+05
2.6293e+05	49794
49794	1.9763e+05
1.9763e+05	218
218	2.6314e+05
2.6314e+05	66018
66018	2.1888e+05
2.1888e+05	16610
16610	2.6301e+05
2.6301e+05	54658
54658	2.025e+05
2.025e+05	4194
4194	2.6307e+05
2.6307e+05	65954
65954	2.1479e+05
2.1479e+05	13506
13506	2.6295e+05
2.6295e+05	50562
50562	1.984e+05
1.984e+05	818
818	2.6311e+05
2.6311e+05	65986
65986	2.1786e+05
2.1786e+05	16578
16578	2.6298e+05
2.6298e+05	53634
53634	2.0147e+05
2.0147e+05	3170
3170	2.6304e+05
2.6304e+05	65922
65922	2.1376e+05
2.1376e+05	12482
12482	2.6291e+05
2.6291e+05	49538
49538	1.9738e+05
1.9738e+05	3
3	1.7528e+05
1.7528e+05	43951
43951	1.9712e+05
1.9712e+05	11055
11055	1.8347e+05
1.8347e+05	49412
49412	1.9725e+05
1.9725e+05	2799
2799	1.7733e+05
1.7733e+05	45999
45999	1.9719e+05
1.9719e+05	12420
12420	1.8552e+05
1.8552e+05	49476
49476	1.9732e+05
1.9732e+05	719
719	1.7579e+05
1.7579e+05	44463
44463	1.9716e+05
1.9716e+05	11567
11567	1.8398e+05
1.8398e+05	49444
49444	1.9728e+05
1.9728e+05	3140
3140	1.7784e+05
1.7784e+05	46511
46511	1.9722e+05
1.9722e+05	12452
12452	1.8603e+05
1.8603e+05	49508
49508	1.9735e+05
1.9735e+05	191
191	1.7541e+05
1.7541e+05	44079
44079	1.9714e+05
1.9714e+05	11183
11183	1.836e+05
1.836e+05	49428
49428	1.9727e+05
1.9727e+05	2927
2927	1.7746e+05
1.7746e+05	46127
46127	1.972e+05
1.972e+05	12436
12436	1.8565e+05
1.8565e+05	49492
49492	1.9733e+05
1.9733e+05	804
804	1.7592e+05
1.7592e+05	44591
44591	1.9717e+05
1.9717e+05	11695
11695	1.8411e+05
1.8411e+05	49460
49460	1.973e+05
1.973e+05	3156
3156	1.7797e+05
1.7797e+05	46639
46639	1.9724e+05
1.9724e+05	12468
12468	1.8616e+05
1.8616e+05	49524
49524	1.9736e+05
1.9736e+05	55
55	1.7531e+05
1.7531e+05	43983
43983	1.9713e+05
1.9713e+05	11087
11087	1.835e+05
1.835e+05	49420
49420	1.9726e+05
1.9726e+05	2831
2831	1.7736e+05
1.7736e+05	46031
46031	1.972e+05
1.972e+05	12428
12428	1.8555e+05
1.8555e+05	49484
49484	1.9732e+05
1.9732e+05	751
751	1.7582e+05
1.7582e+05	44495
44495	1.9716e+05
1.9716e+05	11599
11599	1.8402e+05
1.8402e+05	49452
49452	1.9729e+05
1.9729e+05	3148
3148	1.7787e+05
1.7787e+05	46543
46543	1.9723e+05
1.9723e+05	12460
12460	1.8606e+05
1.8606e+05	49516
49516	1.9736e+05
1.9736e+05	212
212	1.7544e+05
1.7544e+05	44111
44111	1.9715e+05
1.9715e+05	11215
11215	1.8363e+05
1.8363e+05	49436
49436	1.9728e+05
1.9728e+05	2959
2959	1.7749e+05
1.7749e+05	46159
46159	1.9721e+05
1.9721e+05	12444
12444	1.8568e+05
1.8568e+05	49500
49500	1.9734e+05
1.9734e+05	812
812	1.7595e+05
1.7595e+05	44623
44623	1.9718e+05
1.9718e+05	11727
11727	1.8414e+05
1.8414e+05	49468
49468	1.9731e+05
1.9731e+05	3164
3164	1.78e+05
1.78e+05	46671
46671	1.9724e+05
1.9724e+05	12476
12476	1.8619e+05
1.8619e+05	49532
49532	1.9737e+05
1.9737e+05	18
18	1.7529e+05
1.7529e+05	43959
43959	1.9713e+05
1.9713e+05	11063
11063	1.8348e+05
1.8348e+05	49416
49416	1.9726e+05
1.9726e+05	2807
2807	1.7734e+05
1.7734e+05	46007
46007	1.9719e+05
1.9719e+05	12424
12424	1.8553e+05
1.8553e+05	49480
49480	1.9732e+05
1.9732e+05	727
727	1.758e+05
1.758e+05	44471
44471	1.9716e+05
1.9716e+05	11575
11575	1.8399e+05
1.8399e+05	49448
49448	1.9729e+05
1.9729e+05	3144
3144	1.7785e+05
1.7785e+05	46519
46519	1.9722e+05
1.9722e+05	12456
12456	1.8604e+05
1.8604e+05	49512
49512	1.9735e+05
1.9735e+05	199
199	1.7542e+05
1.7542e+05	44087
44087	1.9714e+05
1.9714e+05	11191
11191	1.8361e+05
1.8361e+05	49432
49432	1.9727e+05
1.9727e+05	2935
2935	1.7746e+05
1.7746e+05	46135
46135	1.9721e+05
1.9721e+05	12440
12440	1.8566e+05
1.8566e+05	49496
49496	1.9734e+05
1.9734e+05	808
808	1.7593e+05
1.7593e+05	44599
44599	1.9718e+05
1.9718e+05	11703
11703	1.8412e+05
1.8412e+05	49464
49464	1.973e+05
1.973e+05	3160
3160	1.7798e+05
1.7798e+05	46647
46647	1.9724e+05
1.9724e+05	12472
12472	1.8617e+05
1.8617e+05	49528
49528	1.9737e+05
1.9737e+05	60
60	1.7532e+05
1.7532e+05	43991
43991	1.9714e+05
1.9714e+05	11095
11095	1.8351e+05
1.8351e+05	49424
49424	1.9726e+05
1.9726e+05	2839
2839	1.7737e+05
1.7737e+05	46039
46039	1.972e+05
1.972e+05	12432
12432	1.8556e+05
1.8556e+05	49488
49488	1.9733e+05
1.9733e+05	759
759	1.7583e+05
1.7583e+05	44503
44503	1.9717e+05
1.9717e+05	11607
11607	1.8402e+05
1.8402e+05	49456
49456	1.973e+05
1.973e+05	3152
3152	1.7788e+05
1.7788e+05	46551
46551	1.9723e+05
1.9723e+05	12464
12464	1.8607e+05
1.8607e+05	49520
49520	1.9736e+05
1.9736e+05	216
216	1.7545e+05
1.7545e+05	44119
44119	1.9715e+05
1.9715e+05	11223
11223	1.8364e+05
1.8364e+05	49440
49440	1.9728e+05
1.9728e+05	2967
2967	1.775e+05
1.775e+05	46167
46167	1.9722e+05
1.9722e+05	12448
12448	1.8569e+05
1.8569e+05	49504
49504	1.9734e+05
1.9734e+05	816
816	1.7596e+05
1.7596e+05	44631
44631	1.9718e+05
1.9718e+05	11735
11735	1.8415e+05
1.8415e+05	49472
49472	1.9731e+05
1.9731e+05	3168
3168	1.7801e+05
1.7801e+05	46679
46679	1.9725e+05
1.9725e+05	12480
12480	1.862e+05
1.862e+05	49536
49536	1.9738e+05
1.9738e+05	9
9	1.7528e+05
1.7528e+05	43953
43953	1.9712e+05
1.9712e+05	11057
11057	1.8347e+05
1.8347e+05	49413
49413	1.9725e+05
1.9725e+05	2801
2801	1.7733e+05
1.7733e+05	46001
46001	1.9719e+05
1.9719e+05	12421
12421	1.8552e+05
1.8552e+05	49477
49477	1.9732e+05
1.9732e+05	721
721	1.7579e+05
1.7579e+05	44465
44465	1.9716e+05
1.9716e+05	11569
11569	1.8398e+05
1.8398e+05	49445
49445	1.9728e+05
1.9728e+05	3141
3141	1.7784e+05
1.7784e+05	46513
46513	1.9722e+05
1.9722e+05	12453
12453	1.8603e+05
1.8603e+05	49509
49509	1.9735e+05
1.9735e+05	193
193	1.7541e+05
1.7541e+05	44081
44081	1.9714e+05
1.9714e+05	11185
11185	1.836e+05
1.836e+05	49429
49429	1.9727e+05
1.9727e+05	2929
2929	1.7746e+05
1.7746e+05	46129
46129	1.972e+05
1.972e+05	12437
12437	1.8565e+05
1.8565e+05	49493
49493	1.9733e+05
1.9733e+05	805
805	1.7592e+05
1.7592e+05	44593
44593	1.9717e+05
1.9717e+05	11697
11697	1.8411e+05
1.8411e+05	49461
49461	1.973e+05
1.973e+05	3157
3157	1.7797e+05
1.7797e+05	46641
46641	1.9724e+05
1.9724e+05	12469
12469	1.8616e+05
1.8616e+05	49525
49525	1.9736e+05
1.9736e+05	57
57	1.7531e+05
1.7531e+05	43985
43985	1.9713e+05
1.9713e+05	11089
11089	1.835e+05
1.835e+05	49421
49421	1.9726e+05
1.9726e+05	2833
2833	1.7736e+05
1.7736e+05	46033
46033	1.972e+05
1.972e+05	12429
12429	1.8555e+05
1.8555e+05	49485
49485	1.9732e+05
1.9732e+05	753
753	1.7582e+05
1.7582e+05	44497
44497	1.9716e+05
1.9716e+05	11601
11601	1.8402e+05
1.8402e+05	49453
49453	1.9729e+05
1.9729e+05	3149
3149	1.7787e+05
1.7787e+05	46545
46545	1.9723e+05
1.9723e+05	12461
12461	1.8606e+05
1.8606e+05	49517
49517	1.9736e+05
1.9736e+05	213
213	1.7544e+05
1.7544e+05	44113
44113	1.9715e+05
1.9715e+05	11217
11217	1.8363e+05
1.8363e+05	49437
49437	1.9728e+05
1.9728e+05	2961
2961	1.7749e+05
1.7749e+05	46161
46161	1.9721e+05
1.9721e+05	12445
12445	1.8568e+05
1.8568e+05	49501
49501	1.9734e+05
1.9734e+05	813
813	1.7595e+05
1.7595e+05	44625
44625	1.9718e+05
1.9718e+05	11729
11729	1.8414e+05
1.8414e+05	49469
49469	1.9731e+05
1.9731e+05	3165
3165	1.78e+05
1.78e+05	46673
46673	1.9724e+05
1.9724e+05	12477
12477	1.8619e+05
1.8619e+05	49533
49533	1.9737e+05
1.9737e+05	19
19	1.7529e+05
1.7529e+05	43961
43961	1.9713e+05
1.9713e+05	11065
11065	1.8348e+05
1.8348e+05	49417
49417	1.9726e+05
1.9726e+05	2809
2809	1.7734e+05
1.7734e+05	46009
46009	1.9719e+05
1.9719e+05	12425
12425	1.8553e+05
1.8553e+05	49481
49481	1.9732e+05
1.9732e+05	729
729	1.758e+05
1.758e+05	44473
44473	1.9716e+05
1.9716e+05	11577
11577	1.8399e+05
1.8399e+05	49449
49449	1.9729e+05
1.9729e+05	3145
3145	1.7785e+05
1.7785e+05	46521
46521	1.9722e+05
1.9722e+05	12457
12457	1.8604e+05
1.8604e+05	49513
49513	1.9735e+05
1.9735e+05	201
201	1.7542e+05
1.7542e+05	44089
44089	1.9714e+05
1.9714e+05	11193
11193	1.8361e+05
1.8361e+05	49433
49433	1.9727e+05
1.9727e+05	2937
2937	1.7746e+05
1.7746e+05	46137
46137	1.9721e+05
1.9721e+05	12441
12441	1.8566e+05
1.8566e+05	49497
49497	1.9734e+05
1.9734e+05	809
809	1.7593e+05
1.7593e+05	44601
44601	1.9718e+05
1.9718e+05	11705
11705	1.8412e+05
1.8412e+05	49465
49465	1.973e+05
1.973e+05	3161
3161	1.7798e+05
1.7798e+05	46649
46649	1.9724e+05
1.9724e+05	12473
12473	1.8617e+05
1.8617e+05	49529
49529	1.9737e+05
1.9737e+05	61
61	1.7532e+05
1.7532e+05	43993
43993	1.9714e+05
1.9714e+05	11097
11097	1.8351e+05
1.8351e+05	49425
49425	1.9726e+05
1.9726e+05	2841
2841	1.7737e+05
1.7737e+05	46041
46041	1.972e+05
1.972e+05	12433
12433	1.8556e+05
1.8556e+05	49489
49489	1.9733e+05
1.9733e+05	761
761	1.7583e+05
1.7583e+05	44505
44505	1.9717e+05
1.9717e+05	11609
11609	1.8402e+05
1.8402e+05	49457
49457	1.973e+05
1.973e+05	3153
3153	1.7788e+05
1.7788e+05	46553
46553	1.9723e+05
1.9723e+05	12465
12465	1.8607e+05
1.8607e+05	49521
49521	1.9736e+05
1.9736e+05	217
217	1.7545e+05
1.7545e+05	44121
44121	1.9715e+05
1.9715e+05	11225
11225	1.8364e+05
1.8364e+05	49441
49441	1.9728e+05
1.9728e+05	2969
2969	1.775e+05
1.775e+05	46169
46169	1.9722e+05
1.9722e+05	12449
12449	1.8569e+05
1.8569e+05	49505
49505	1.9734e+05
1.9734e+05	817
817	1.7596e+05
1.7596e+05	44633
44633	1.9718e+05
1.9718e+05	11737
11737	1.8415e+05
1.8415e+05	49473
49473	1.9731e+05
1.9731e+05	3169
3169	1.7801e+05
1.7801e+05	46681
46681	1.9725e+05
1.9725e+05	12481
12481	1.862e+05
1.862e+05	49537
49537	1.9738e+05
1.9738e+05	4
4	2.6317e+05
2.6317e+05	66049
66049	2.1922e+05
2.1922e+05	16641
16641	2.6304e+05
2.6304e+05	55001
55001	2.0284e+05
2.0284e+05	4225
4225	2.631e+05
2.631e+05	65985
65985	2.1513e+05
2.1513e+05	13849
13849	2.6298e+05
2.6298e+05	50905
50905	1.9874e+05
1.9874e+05	1089
1089	2.6314e+05
2.6314e+05	66017
66017	2.182e+05
2.182e+05	16609
16609	2.6301e+05
2.6301e+05	53977
53977	2.0182e+05
2.0182e+05	3513
3513	2.6307e+05
2.6307e+05	65953
65953	2.141e+05
2.141e+05	12825
12825	2.6294e+05
2.6294e+05	49881
49881	1.9772e+05
1.9772e+05	289
289	2.6315e+05
2.6315e+05	66033
66033	2.1897e+05
2.1897e+05	16625
16625	2.6302e+05
2.6302e+05	54745
54745	2.0258e+05
2.0258e+05	4209
4209	2.6309e+05
2.6309e+05	65969
65969	2.1487e+05
2.1487e+05	13593
13593	2.6296e+05
2.6296e+05	50649
50649	1.9849e+05
1.9849e+05	905
905	2.6312e+05
2.6312e+05	66001
66001	2.1794e+05
2.1794e+05	16593
16593	2.6299e+05
2.6299e+05	53721
53721	2.0156e+05
2.0156e+05	3257
3257	2.6306e+05
2.6306e+05	65937
65937	2.1385e+05
2.1385e+05	12569
12569	2.6293e+05
2.6293e+05	49625
49625	1.9746e+05
1.9746e+05	81
81	2.6316e+05
2.6316e+05	66041
66041	2.1916e+05
2.1916e+05	16633
16633	2.6303e+05
2.6303e+05	54937
54937	2.0278e+05
2.0278e+05	4217
4217	2.631e+05
2.631e+05	65977
65977	2.1506e+05
2.1506e+05	13785
13785	2.6297e+05
2.6297e+05	50841
50841	1.9868e+05
1.9868e+05	1081
1081	2.6313e+05
2.6313e+05	66009
66009	2.1814e+05
2.1814e+05	16601
16601	2.63e+05
2.63e+05	53913
53913	2.0175e+05
2.0175e+05	3449
3449	2.6306e+05
2.6306e+05	65945
65945	2.1404e+05
2.1404e+05	12761
12761	2.6294e+05
2.6294e+05	49817
49817	1.9766e+05
1.9766e+05	241
241	2.6314e+05
2.6314e+05	66025
66025	2.189e+05
2.189e+05	16617
16617	2.6302e+05
2.6302e+05	54681
54681	2.0252e+05
2.0252e+05	4201
4201	2.6308e+05
2.6308e+05	65961
65961	2.1481e+05
2.1481e+05	13529
13529	2.6295e+05
2.6295e+05	50585
50585	1.9842e+05
1.9842e+05	841
841	2.6311e+05
2.6311e+05	65993
65993	2.1788e+05
2.1788e+05	16585
16585	2.6298e+05
2.6298e+05	53657
53657	2.015e+05
2.015e+05	3193
3193	2.6305e+05
2.6305e+05	65929
65929	2.1378e+05
2.1378e+05	12505
12505	2.6292e+05
2.6292e+05	49561
49561	1.974e+05
1.974e+05	25
25	2.6316e+05
2.6316e+05	66045
66045	2.1921e+05
2.1921e+05	16637
16637	2.6304e+05
2.6304e+05	54985
54985	2.0282e+05
2.0282e+05	4221
4221	2.631e+05
2.631e+05	65981
65981	2.1511e+05
2.1511e+05	13833
13833	2.6297e+05
2.6297e+05	50889
50889	1.9873e+05
1.9873e+05	1085
1085	2.6313e+05
2.6313e+05	66013
66013	2.1818e+05
2.1818e+05	16605
16605	2.63e+05
2.63e+05	53961
53961	2.018e+05
2.018e+05	3497
3497	2.6307e+05
2.6307e+05	65949
65949	2.1409e+05
2.1409e+05	12809
12809	2.6294e+05
2.6294e+05	49865
49865	1.977e+05
1.977e+05	285
285	2.6315e+05
2.6315e+05	66029
66029	2.1895e+05
2.1895e+05	16621
16621	2.6302e+05
2.6302e+05	54729
54729	2.0257e+05
2.0257e+05	4205
4205	2.6308e+05
2.6308e+05	65965
65965	2.1486e+05
2.1486e+05	13577
13577	2.6296e+05
2.6296e+05	50633
50633	1.9847e+05
1.9847e+05	889
889	2.6312e+05
2.6312e+05	65997
65997	2.1793e+05
2.1793e+05	16589
16589	2.6299e+05
2.6299e+05	53705
53705	2.0154e+05
2.0154e+05	3241
3241	2.6305e+05
2.6305e+05	65933
65933	2.1383e+05
2.1383e+05	12553
12553	2.6292e+05
2.6292e+05	49609
49609	1.9745e+05
1.9745e+05	69
69	2.6316e+05
2.6316e+05	66037
66037	2.1914e+05
2.1914e+05	16629
16629	2.6303e+05
2.6303e+05	54921
54921	2.0276e+05
2.0276e+05	4213
4213	2.6309e+05
2.6309e+05	65973
65973	2.1505e+05
2.1505e+05	13769
13769	2.6296e+05
2.6296e+05	50825
50825	1.9866e+05
1.9866e+05	1077
1077	2.6312e+05
2.6312e+05	66005
66005	2.1812e+05
2.1812e+05	16597
16597	2.63e+05
2.63e+05	53897
53897	2.0174e+05
2.0174e+05	3433
3433	2.6306e+05
2.6306e+05	65941
65941	2.1402e+05
2.1402e+05	12745
12745	2.6293e+05
2.6293e+05	49801
49801	1.9764e+05
1.9764e+05	225
225	2.6314e+05
2.6314e+05	66021
66021	2.1889e+05
2.1889e+05	16613
16613	2.6301e+05
2.6301e+05	54665
54665	2.025e+05
2.025e+05	4197
4197	2.6308e+05
2.6308e+05	65957
65957	2.1479e+05
2.1479e+05	13513
13513	2.6295e+05
2.6295e+05	50569
50569	1.9841e+05
1.9841e+05	825
825	2.6311e+05
2.6311e+05	65989
65989	2.1786e+05
2.1786e+05	16581
16581	2.6298e+05
2.6298e+05	53641
53641	2.0148e+05
2.0148e+05	3177
3177	2.6304e+05
2.6304e+05	65925
65925	2.1377e+05
2.1377e+05	12489
12489	2.6292e+05
2.6292e+05	49545
49545	1.9738e+05
1.9738e+05	8
8	2.6317e+05
2.6317e+05	66048
66048	2.1922e+05
2.1922e+05	16640
16640	2.6304e+05
2.6304e+05	54998
54998	2.0284e+05
2.0284e+05	4224
4224	2.631e+05
2.631e+05	65984
65984	2.1513e+05
2.1513e+05	13846
13846	2.6298e+05
2.6298e+05	50902
50902	1.9874e+05
1.9874e+05	1088
1088	2.6314e+05
2.6314e+05	66016
66016	2.182e+05
2.182e+05	16608
16608	2.6301e+05
2.6301e+05	53974
53974	2.0181e+05
2.0181e+05	3510
3510	2.6307e+05
2.6307e+05	65952
65952	2.141e+05
2.141e+05	12822
12822	2.6294e+05
2.6294e+05	49878
49878	1.9772e+05
1.9772e+05	288
288	2.6315e+05
2.6315e+05	66032
66032	2.1897e+05
2.1897e+05	16624
16624	2.6302e+05
2.6302e+05	54742
54742	2.0258e+05
2.0258e+05	4208
4208	2.6309e+05
2.6309e+05	65968
65968	2.1487e+05
2.1487e+05	13590
13590	2.6296e+05
2.6296e+05	50646
50646	1.9849e+05
1.9849e+05	902
902	2.6312e+05
2.6312e+05	66000
66000	2.1794e+05
2.1794e+05	16592
16592	2.6299e+05
2.6299e+05	53718
53718	2.0156e+05
2.0156e+05	3254
3254	2.6306e+05
2.6306e+05	65936
65936	2.1385e+05
2.1385e+05	12566
12566	2.6293e+05
2.6293e+05	49622
49622	1.9746e+05
1.9746e+05	80
80	2.6316e+05
2.6316e+05	66040
66040	2.1916e+05
2.1916e+05	16632
16632	2.6303e+05
2.6303e+05	54934
54934	2.0277e+05
2.0277e+05	4216
4216	2.631e+05
2.631e+05	65976
65976	2.1506e+05
2.1506e+05	13782
13782	2.6297e+05
2.6297e+05	50838
50838	1.9868e+05
1.9868e+05	1080
1080	2.6313e+05
2.6313e+05	66008
66008	2.1813e+05
2.1813e+05	16600
16600	2.63e+05
2.63e+05	53910
53910	2.0175e+05
2.0175e+05	3446
3446	2.6306e+05
2.6306e+05	65944
65944	2.1404e+05
2.1404e+05	12758
12758	2.6294e+05
2.6294e+05	49814
49814	1.9765e+05
1.9765e+05	238
238	2.6314e+05
2.6314e+05	66024
66024	2.189e+05
2.189e+05	16616
16616	2.6302e+05
2.6302e+05	54678
54678	2.0252e+05
2.0252e+05	4200
4200	2.6308e+05
2.6308e+05	65960
65960	2.1481e+05
2.1481e+05	13526
13526	2.6295e+05
2.6295e+05	50582
50582	1.9842e+05
1.9842e+05	838
838	2.6311e+05
2.6311e+05	65992
65992	2.1788e+05
2.1788e+05	16584
16584	2.6298e+05
2.6298e+05	53654
53654	2.0149e+05
2.0149e+05	3190
3190	2.6305e+05
2.6305e+05	65928
65928	2.1378e+05
2.1378e+05	12502
12502	2.6292e+05
2.6292e+05	49558
49558	1.974e+05
1.974e+05	23
23	2.6316e+05
2.6316e+05	66044
66044	2.1921e+05
2.1921e+05	16636
16636	2.6304e+05
2.6304e+05	54982
54982	2.0282e+05
2.0282e+05	4220
4220	2.631e+05
2.631e+05	65980
65980	2.1511e+05
2.1511e+05	13830
13830	2.6297e+05
2.6297e+05	50886
50886	1.9873e+05
1.9873e+05	1084
1084	2.6313e+05
2.6313e+05	66012
66012	2.1818e+05
2.1818e+05	16604
16604	2.63e+05
2.63e+05	53958
53958	2.018e+05
2.018e+05	3494
3494	2.6307e+05
2.6307e+05	65948
65948	2.1409e+05
2.1409e+05	12806
12806	2.6294e+05
2.6294e+05	49862
49862	1.977e+05
1.977e+05	284
284	2.6315e+05
2.6315e+05	66028
66028	2.1895e+05
2.1895e+05	16620
16620	2.6302e+05
2.6302e+05	54726
54726	2.0257e+05
2.0257e+05	4204
4204	2.6308e+05
2.6308e+05	65964
65964	2.1485e+05
2.1485e+05	13574
13574	2.6296e+05
2.6296e+05	50630
50630	1.9847e+05
1.9847e+05	886
886	2.6312e+05
2.6312e+05	65996
65996	2.1793e+05
2.1793e+05	16588
16588	2.6299e+05
2.6299e+05	53702
53702	2.0154e+05
2.0154e+05	3238
3238	2.6305e+05
2.6305e+05	65932
65932	2.1383e+05
2.1383e+05	12550
12550	2.6292e+05
2.6292e+05	49606
49606	1.9745e+05
1.9745e+05	66
66	2.6316e+05
2.6316e+05	66036
66036	2.1914e+05
2.1914e+05	16628
16628	2.6303e+05
2.6303e+05	54918
54918	2.0276e+05
2.0276e+05	4212
4212	2.6309e+05
2.6309e+05	65972
65972	2.1505e+05
2.1505e+05	13766
13766	2.6296e+05
2.6296e+05	50822
50822	1.9866e+05
1.9866e+05	1076
1076	2.6312e+05
2.6312e+05	66004
66004	2.1812e+05
2.1812e+05	16596
16596	2.63e+05
2.63e+05	53894
53894	2.0173e+05
2.0173e+05	3430
3430	2.6306e+05
2.6306e+05	65940
65940	2.1402e+05
2.1402e+05	12742
12742	2.6293e+05
2.6293e+05	49798
49798	1.9764e+05
1.9764e+05	222
222	2.6314e+05
2.6314e+05	66020
66020	2.1889e+05
2.1889e+05	16612
16612	2.6301e+05
2.6301e+05	54662
54662	2.025e+05
2.025e+05	4196
4196	2.6308e+05
2.6308e+05	65956
65956	2.1479e+05
2.1479e+05	13510
13510	2.6295e+05
2.6295e+05	50566
50566	1.9841e+05
1.9841e+05	822
822	2.6311e+05
2.6311e+05	65988
65988	2.1786e+05
2.1786e+05	16580
16580	2.6298e+05
2.6298e+05	53638
53638	2.0148e+05
2.0148e+05	3174
3174	2.6304e+05
2.6304e+05	65924
65924	2.1377e+05
2.1377e+05	12486
12486	2.6292e+05
2.6292e+05	49542
49542	1.9738e+05
1.9738e+05	1
