6.28903258e-01
5.17123133e-01
4.55002977e-01
4.24784436e-01
4.05172486e-01
3.85413591e-01
3.64712691e-01
3.44767819e-01
3.26880572e-01
3.11452736e-01
2.97995076e-01
2.85799403e-01
2.74219296e-01
2.63424228e-01
2.53375550e-01
2.43998672e-01
2.35218328e-01
2.26972692e-01
2.19249917e-01
2.11993693e-01
2.05101913e-01
1.98441451e-01
1.92038169e-01
1.85970888e-01
1.80270133e-01
1.74877461e-01
1.69786461e-01
1.64957937e-01
1.60366013e-01
1.55933279e-01
1.51586593e-01
1.47403124e-01
1.43429600e-01
1.39621751e-01
1.35879248e-01
1.32266158e-01
1.28799888e-01
1.25508334e-01
1.22334284e-01
1.19262944e-01
1.16241146e-01
1.13319870e-01
1.10559039e-01
1.07932469e-01
1.05367727e-01
1.02837309e-01
1.00358352e-01
9.79975178e-02
9.57772998e-02
9.36619100e-02
9.16090617e-02
8.96025330e-02
8.76316394e-02
8.57207823e-02
8.38929827e-02
8.21561190e-02
8.04900474e-02
7.88554154e-02
7.72571380e-02
7.57193528e-02
7.42381800e-02
7.27943743e-02
7.13658930e-02
6.99581010e-02
6.85989410e-02
6.72790493e-02
6.59922149e-02
6.47385267e-02
6.35318718e-02
6.23717943e-02
6.12405809e-02
6.01315504e-02
5.90377535e-02
5.79829785e-02
5.69820244e-02
5.60225166e-02
5.50832968e-02
5.41494211e-02
5.32172282e-02
5.23052409e-02
5.14227111e-02
5.05502424e-02
4.97031333e-02
4.88887287e-02
4.81051223e-02
4.73357310e-02
4.65436548e-02
4.57548534e-02
4.50072354e-02
4.43050932e-02
4.36193011e-02
4.29403913e-02
4.22711436e-02
4.16076515e-02
4.09587647e-02
4.03287399e-02
3.96972245e-02
3.90791967e-02
3.84858626e-02
3.79196096e-02
3.73624840e-02
3.68003051e-02
3.62462757e-02
3.57011656e-02
3.51673081e-02
3.46514767e-02
3.41548211e-02
3.36749994e-02
3.32076164e-02
3.27289540e-02
3.22520918e-02
3.17900154e-02
3.13471890e-02
3.09208539e-02
3.05060090e-02
3.00990692e-02
2.96987223e-02
2.92953059e-02
2.88875687e-02
2.84821282e-02
2.80923774e-02
2.77225687e-02
2.73681636e-02
2.70221431e-02
2.66791046e-02
2.63392595e-02
2.60042650e-02
2.56759767e-02
2.53550057e-02
2.50402715e-02
2.47241263e-02
2.44125057e-02
2.41094232e-02
2.38151479e-02
2.35274197e-02
2.32438977e-02
2.29636772e-02
2.26872681e-02
2.24156717e-02
2.21494643e-02
2.18885460e-02
2.16323446e-02
2.13785593e-02
2.11202269e-02
2.08407715e-02
2.05641768e-02
2.03055834e-02
2.00661422e-02
1.98380978e-02
1.96124096e-02
1.93811053e-02
1.91462770e-02
1.89153122e-02
1.86933576e-02
1.84801520e-02
1.82733883e-02
1.80704654e-02
1.78698894e-02
1.76714355e-02
1.74756033e-02
1.72829842e-02
1.70923399e-02
1.69033270e-02
1.67175292e-02
1.65354071e-02
1.63565498e-02
1.61803924e-02
1.60066704e-02
1.58354189e-02
1.56667477e-02
1.55006750e-02
1.53371196e-02
1.51759825e-02
1.50172114e-02
1.48608019e-02
1.47067543e-02
1.45550458e-02
1.44056271e-02
1.42584243e-02
1.41133543e-02
1.39694857e-02
1.38258850e-02
1.36845485e-02
1.35464938e-02
1.34114353e-02
1.32784750e-02
1.31469249e-02
1.30166461e-02
1.28878839e-02
1.27608976e-02
1.26357820e-02
1.25124756e-02
1.23908371e-02
1.22707562e-02
1.21521928e-02
1.20293104e-02
1.19074569e-02
1.17904000e-02
1.16782040e-02
1.15686513e-02
1.14597025e-02
1.13508257e-02
1.12427210e-02
1.11362930e-02
1.10319018e-02
1.09293022e-02
1.08280334e-02
1.07278009e-02
1.06285892e-02
1.05301339e-02
1.04321705e-02
1.03355652e-02
1.02407353e-02
1.01475629e-02
1.00556808e-02
9.96479230e-03
