-961.45341
-961.55566
-961.65474
-961.75245
-961.84429
-961.92603
-961.99572
-962.05551
-962.1084
-962.15722
-962.20284
-962.24529
-962.28418
-962.31988
-962.35281
-962.38344
-962.41203
-962.43869
-962.46356
-962.48672
-962.5083
-962.52844
-962.54729
-962.56498
-962.5816
-962.59721
-962.61189
-962.62572
-962.63879
-962.65114
-962.66279
-962.67382
-962.68426
-962.69414
-962.70344
-962.71228
-962.72069
-962.7287
-962.73628
-962.74348
-962.75031
-962.75681
-962.76299
-962.76888
-962.77449
-962.77984
-962.78492
-962.78979
-962.79444
-962.79889
-962.80316
-962.80724
-962.81113
-962.81482
-962.81837
-962.82179
-962.82509
-962.82824
-962.83127
-962.83419
-962.83697
-962.83964
-962.8422
-962.84465
-962.84702
-962.8493
-962.85149
-962.8536
-962.85565
-962.85764
-962.85955
-962.86139
-962.86315
-962.86485
-962.8665
-962.8681
-962.86964
-962.87112
-962.87254
-962.87392
-962.87526
-962.87655
-962.87781
-962.87903
-962.88022
-962.88135
-962.88244
-962.88349
-962.88451
-962.88551
-962.88647
-962.8874
-962.8883
-962.88916
-962.89
-962.89081
-962.8916
-962.89237
-962.89311
-962.89384
-962.89455
-962.89524
-962.89591
-962.89655
-962.89718
-962.89779
-962.89838
-962.89895
-962.89951
-962.90005
-962.90057
-962.90108
-962.90158
-962.90206
-962.90254
-962.90301
-962.90346
-962.90389
-962.90431
-962.90471
-962.90511
-962.90549
-962.90587
-962.90624
-962.9066
-962.90696
-962.9073
-962.90764
-962.90796
-962.90828
-962.90859
-962.90889
-962.90919
-962.90948
-962.90976
-962.91003
-962.9103
-962.91056
-962.91082
-962.91106
-962.91131
-962.91154
-962.91177
-962.912
-962.91221
-962.91241
-962.91262
-962.91282
-962.91302
-962.91322
-962.91341
-962.91359
-962.91377
-962.91395
-962.91412
-962.91429
-962.91446
-962.91462
-962.91478
-962.91494
-962.91509
-962.91524
-962.91538
-962.91552
-962.91566
-962.9158
-962.91593
-962.91606
-962.91619
-962.91631
-962.91644
-962.91656
-962.91667
-962.91679
-962.9169
-962.91701
-962.91712
-962.91722
-962.91732
-962.91742
-962.91752
-962.91762
-962.91771
-962.91781
-962.9179
-962.91799
-962.91808
-962.91816
-962.91825
-962.91833
-962.91841
-962.91849
-962.91857
-962.91864
-962.91872
-962.91879
-962.91886
-962.91893
-962.919
-962.91907
-962.91914
-962.9192
-962.91927
-962.91933
-962.91939
-962.91945
-962.91951
-962.91957
-962.91963
-962.91968
-962.91974
-962.91979
-962.91985
-962.9199
-962.91995
-962.92
