6.2491905e-06
1.0000314
-0.37631633
-0.94256064
-1.3154912
-1.540215
-1.7500516
-1.9111893
-2.0579879
-2.1845189
-2.2891053
-2.3783186
-2.4546615
-2.5197656
-2.5749173
-2.6217011
-2.6616151
-2.6958513
-2.7253639
-2.7507785
-2.7725805
-2.7912518
-2.8072428
-2.8209747
-2.8328335
-2.843119
-2.8520378
-2.8597492
-2.8664052
-2.8721561
-2.8771402
-2.8814769
-2.8852614
-2.8885667
-2.8914513
-2.8939666
-2.8961603
-2.8980781
-2.8997608
-2.901241
-2.902544
-2.9036908
-2.9047008
-2.905592
-2.906381
-2.9070815
-2.9077047
-2.9082592
-2.9087525
-2.9091913
-2.9095816
-2.9099295
-2.9102402
-2.9105182
-2.9107672
-2.9109906
-2.9111914
-2.9113723
-2.9115355
-2.9116832
-2.9118169
-2.9119379
-2.9120475
-2.9121467
-2.9122366
-2.912318
-2.9123919
-2.912459
-2.9125201
-2.9125758
-2.9126266
-2.9126731
-2.9127156
-2.9127547
-2.9127904
-2.9128232
-2.9128533
-2.9128809
-2.9129062
-2.9129294
-2.9129507
-2.9129703
-2.9129883
-2.9130049
-2.9130202
-2.9130343
-2.9130474
-2.9130594
-2.9130706
-2.9130809
-2.9130904
-2.9130992
-2.9131073
-2.9131148
-2.9131218
-2.9131282
-2.9131342
-2.9131397
-2.9131448
-2.9131496
-2.913154
-2.9131581
-2.9131619
-2.9131655
-2.9131687
-2.9131718
-2.9131746
-2.9131772
-2.9131797
-2.9131819
-2.9131841
-2.913186
-2.9131878
-2.9131895
-2.9131911
-2.9131926
-2.913194
-2.9131952
-2.9131964
-2.9131975
-2.9131985
-2.9131995
-2.9132004
