-0.69668614
-0.36137869
-1.277339
-1.6226695
-1.7416895
-1.8009553
-1.8504186
-1.8900695
-1.9198762
-1.9430647
-1.9600096
-1.9742952
-1.9863853
-1.9965161
-2.0048452
-2.0115813
-2.017693
-2.0227312
-2.0277198
-2.0327583
-2.0373358
-2.0409961
-2.0439512
-2.0466172
-2.0488977
-2.0508164
-2.0526329
-2.0543802
-2.0560669
-2.0576527
-2.0591601
-2.0606003
-2.0620036
-2.063308
-2.0645071
-2.0656461
-2.0667699
-2.0678713
-2.0689452
-2.0699906
-2.0710084
-2.0719957
-2.0729535
-2.0738811
-2.0747763
-2.0756394
-2.0764838
-2.0773062
-2.0780985
-2.0789074
-2.079702
-2.0804676
-2.0810335
-2.0815961
-2.0822007
-2.0829025
-2.0835796
-2.0842068
-2.0847515
-2.0853108
-2.085866
-2.0864012
-2.0869456
-2.0874883
-2.0880256
-2.0885501
-2.0890677
-2.08958
-2.0900878
-2.090593
-2.0910953
-2.0915946
-2.0920907
-2.0925476
-2.0930003
-2.09348
-2.0939857
-2.094484
-2.0949712
-2.0954516
-2.0959189
-2.0963742
-2.0968368
-2.0973034
-2.0977704
-2.098216
-2.0986551
-2.0990963
-2.0995551
-2.0999589
-2.1003767
-2.1008203
-2.1012932
-2.1017424
-2.1021844
-2.1025743
-2.1030165
-2.1034756
-2.1039239
-2.1043634
-2.1048006
-2.1052329
-2.1056585
-2.1060798
-2.1064819
-2.1068009
-2.1072118
-2.1076633
-2.1080131
-2.1081075
-2.1084551
-2.1088616
-2.1092803
-2.1096528
-2.1100578
-2.1102746
-2.1106283
-2.1109807
-2.1111552
-2.111453
-2.1117854
-2.1120895
-2.1123524
-2.1126264
-2.1128772
-2.1132192
-2.11357
-2.1138597
-2.1138275
-2.11377
-2.1139844
-2.1142869
-2.1145891
-2.1148913
-2.1152
-2.1155109
-2.115771
-2.1159427
-2.1161989
-2.1164613
-2.1166858
-2.1168981
-2.1171168
-2.1172923
-2.1174956
-2.1176474
-2.117852
-2.1181068
-2.1183429
-2.1185326
-2.1187184
-2.1189091
-2.1191034
-2.1193008
-2.119499
-2.1196761
-2.1198681
-2.120004
-2.1201442
-2.1203495
-2.1205643
-2.12076
-2.1209464
-2.1211349
-2.1213246
-2.121513
-2.121699
-2.1218816
-2.122062
-2.1221159
-2.122209
-2.1222479
-2.1223913
-2.1225945
-2.1227894
-2.1229624
-2.1231673
-2.1233847
-2.1235802
-2.1237619
-2.1239348
-2.1240999
-2.124262
-2.1244221
-2.12458
-2.1247327
-2.1248819
-2.1250302
-2.1251794
-2.1253297
-2.1254813
-2.1256342
-2.1257886
-2.1259437
-2.1260983
-2.1262516
-2.1264036
-2.1265545
-2.1267011
-2.1268473
-2.1269925
-2.1271263
-2.1272475
-2.1273589
-2.1274959
-2.1276477
-2.1278054
-2.1279647
-2.128122
-2.1282756
-2.1284252
-2.1285718
-2.1287175
-2.1288626
-2.1290064
-2.129149
-2.1292912
-2.1294226
-2.1295517
-2.1297
-2.1298505
-2.1299463
-2.1300823
-2.1302422
-2.1303733
-2.1304726
-2.1306237
-2.1307779
-2.1308818
-2.1309534
-2.1310028
-2.1311391
-2.1312988
-2.1313626
-2.1315036
-2.1316824
-2.1318359
-2.131965
-2.1320994
-2.1322354
-2.1323663
-2.1324954
-2.1326238
-2.1327507
-2.1328743
-2.132995
-2.1331133
-2.1332303
-2.1333471
-2.1334636
-2.13358
-2.1336966
-2.1338135
-2.1339307
-2.134048
-2.1341652
-2.1342822
-2.1343987
-2.1345148
-2.1346304
-2.1347455
-2.1348446
-2.1349495
-2.1350495
-2.1351701
-2.135296
-2.1354141
-2.1354657
-2.1355529
-2.135654
-2.1357737
-2.1358987
-2.1360283
-2.1361505
-2.1362667
-2.1363794
-2.1364916
-2.1366033
-2.1367141
-2.1368239
-2.1369328
-2.1370415
-2.1371415
-2.137246
-2.1373596
-2.1374709
-2.137578
-2.1376846
-2.1377915
-2.1378984
-2.1380051
-2.1381118
-2.1382066
-2.1383126
-2.1383922
-2.1384899
-2.1386043
-2.1386934
-2.1387902
-2.1389054
-2.1390221
-2.1391287
-2.1392356
-2.1393444
-2.1394515
-2.1395561
-2.1396578
-2.1397073
-2.1397932
-2.1398482
-2.1399348
-2.1400418
-2.1401311
-2.1402287
-2.1403021
-2.1403511
-2.140455
-2.1405722
-2.1406816
-2.1407887
-2.1408979
-2.1410084
-2.1411157
-2.1412222
-2.1413292
-2.1414358
-2.1415388
-2.1416361
-2.1417293
-2.1418199
-2.14191
-2.142
-2.142078
-2.1421364
-2.1422362
-2.142335
-2.1424025
-2.1424798
-2.1425592
-2.142644
-2.1427432
-2.1428414
-2.1429317
-2.1430211
-2.1431136
-2.1431887
-2.1432805
-2.14338
-2.1434716
-2.1435512
-2.1436423
-2.1437362
-2.1438264
-2.1439129
-2.1439998
-2.1440745
-2.144129
-2.1442169
-2.1442844
-2.1443483
-2.1444144
-2.1445047
-2.1446072
-2.1446876
-2.1447762
-2.1448713
-2.1449622
-2.1450361
-2.1451143
-2.1451988
-2.1452853
-2.1453702
-2.1454521
-2.1455191
-2.1455684
-2.1456244
-2.1457263
-2.1458277
-2.1459129
-2.1459877
-2.1460526
-2.1461128
-2.1461818
-2.1462411
-2.146328
-2.1464185
-2.146498
-2.1465727
-2.1466479
-2.1467263
-2.1468066
-2.1468826
-2.1469408
-2.1470135
-2.1470939
-2.1471726
-2.1472538
-2.147186
-2.1471977
-2.1472943
-2.1473945
-2.147486
-2.1475656
-2.147655
-2.1477483
-2.1478142
-2.1478722
-2.1479297
-2.1479894
-2.1480595
-2.1481144
-2.1481896
-2.1482783
-2.1483613
-2.1484075
-2.1484522
-2.1485251
-2.1486055
-2.1486736
-2.1487351
-2.1488014
-2.1488669
-2.14893
-2.1489921
-2.1490562
-2.1490981
-2.1491058
-2.1491532
-2.1492433
-2.1493265
-2.1493855
-2.1494422
-2.1495031
-2.149566
-2.1496294
-2.1496838
-2.1497485
-2.149816
-2.1498807
-2.1499392
-2.1499911
-2.1500509
-2.1501144
-2.1501635
-2.1502053
-2.1502608
-2.1502903
-2.1503353
-2.150401
-2.1504715
-2.1505234
-2.1505652
-2.1506127
-2.150678
-2.1507513
-2.150793
-2.150827
-2.150888
-2.1509582
-2.1510225
-2.1510814
-2.15114
-2.1511958
-2.1512496
-2.1512922
-2.1513431
-2.151333
-2.1513549
-2.1514069
-2.151476
-2.151548
-2.1516131
-2.1516433
-2.1516697
-2.1517135
-2.1517741
-2.1518227
-2.1518745
-2.1519394
-2.1520044
-2.1520541
-2.1521052
-2.1521597
-2.1522134
-2.1522626
-2.1523121
-2.1523615
-2.1524064
-2.1524565
-2.1524829
-2.1524946
-2.1525172
-2.1525701
-2.1526356
-2.1526991
-2.1527535
-2.1528014
-2.1528381
-2.1528877
-2.1529368
-2.1529894
-2.153041
-2.1530745
-2.1530902
-2.1531228
-2.153179
-2.1532389
-2.1532921
-2.1533374
-2.1533826
-2.1534308
-2.1534795
-2.1535187
-2.153564
-2.1536116
-2.1536284
-2.1536282
-2.1536733
-2.1537366
-2.153796
-2.1538469
-2.1538924
-2.1539378
-2.1539844
-2.1540209
-2.1540516
-2.1540942
-2.154137
-2.1541787
-2.1542032
-2.154238
-2.1542839
-2.1543345
-2.154381
-2.1544105
-2.1544424
-2.1544889
-2.1545306
-2.1545607
-2.1546013
-2.1546471
-2.1546867
-2.154698
-2.1547329
-2.1547861
-2.1548377
-2.1548817
-2.1549217
-2.1549606
-2.1549974
-2.1550346
-2.155073
-2.1551016
-2.1551425
-2.1551888
-2.1552291
-2.155259
-2.1552978
-2.1553389
-2.1553788
-2.1554149
-2.1554379
-2.1554677
-2.1555032
-2.1555442
-2.155586
-2.1556279
-2.1556686
-2.155707
-2.155745
-2.1557832
-2.1558213
-2.1558588
-2.1558909
-2.1559167
-2.1559517
-2.1559823
-2.1560085
-2.1560471
-2.156083
-2.1561201
-2.1561559
-2.1561883
-2.1562078
-2.1562423
-2.1562796
-2.1563127
-2.1563483
-2.156373
-2.1564015
-2.1564453
-2.1564885
-2.1565228
-2.1565618
-2.1566003
-2.1566345
-2.1566723
-2.1567095
-2.156745
-2.1567797
-2.1568137
-2.1568474
-2.1568795
-2.1569059
-2.1569284
-2.1569517
-2.1569891
-2.1570279
-2.1570505
-2.1570367
-2.1570594
-2.1571116
-2.1571609
-2.1571907
-2.1572199
-2.1572535
-2.1572646
-2.1572844
-2.1573052
-2.1573435
-2.1573938
-2.1574447
-2.157487
-2.1575221
-2.1575559
-2.157584
-2.1575964
-2.1576135
-2.1576476
-2.1576858
-2.1577211
-2.1577523
-2.1577787
-2.1578131
-2.15785
-2.1578852
-2.1579182
-2.1579501
-2.1579819
-2.1580136
-2.1580452
-2.1580668
-2.158087
-2.158118
-2.1581529
-2.1581867
-2.1582179
-2.1582469
-2.158276
-2.1583063
-2.1583371
-2.1583671
-2.1583966
-2.1584261
-2.1584556
-2.1584786
-2.1585007
-2.1585086
-2.1585333
-2.1585665
-2.1585914
-2.1586244
-2.1586586
-2.1586904
-2.1587195
-2.1587421
-2.1587621
-2.1587932
-2.1588159
-2.1588469
-2.1588711
-2.1588959
-2.1589289
-2.1589588
-2.1589856
-2.1590169
-2.1590471
-2.1590766
-2.1591049
-2.1591311
-2.159136
-2.1591272
-2.1591325
-2.1591641
-2.1591887
-2.1592272
-2.1592652
-2.1592901
-2.1593057
-2.1593363
-2.1593711
-2.1593907
-2.1594125
-2.1594359
-2.1594682
-2.1594991
-2.1595278
-2.1595526
-2.1595675
-2.1595907
-2.1596157
-2.1596439
-2.1596708
-2.1596964
-2.1597212
-2.1597453
-2.1597693
-2.1597931
-2.1598168
-2.1598361
-2.1598485
-2.1598681
-2.1598953
-2.1599129
-2.1599324
-2.1599591
-2.1599842
-2.1599978
-2.1600239
-2.1600495
-2.1600729
-2.1600966
-2.1601198
-2.1601197
-2.160134
-2.1601396
-2.16015
-2.1601626
-2.1601789
-2.1602061
-2.1602244
-2.1602609
-2.1602961
-2.1603245
-2.1603456
-2.1603667
-2.1603852
-2.1604015
-2.160425
-2.1604512
-2.1604754
-2.1604973
-2.1605186
-2.1605389
-2.1605586
-2.1605778
-2.1605913
-2.1606076
-2.1606236
-2.16064
-2.1606581
-2.1606455
-2.1606551
-2.1606533
-2.1606579
-2.1606932
-2.1607134
-2.16072
-2.1607432
-2.1607524
-2.1607738
-2.160804
-2.1608357
-2.1608575
-2.1608819
-2.1609041
-2.1609257
-2.1609476
-2.1609618
-2.1609744
-2.1609827
-2.1610017
-2.1610239
-2.1610369
-2.1610335
-2.1610349
-2.1610563
-2.1610766
-2.1611038
-2.1611279
-2.1611508
-2.1611732
-2.1611935
-2.1612124
-2.1612292
-2.161246
-2.1612635
-2.1612811
-2.1612981
-2.1613091
-2.1613246
-2.1613401
-2.1613413
-2.1613538
-2.1613751
-2.1613969
-2.1614013
-2.1614052
-2.1614049
-2.1614256
-2.1614465
-2.161469
-2.1614883
-2.1615028
-2.1615177
-2.1615288
-2.1615423
-2.1615609
-2.1615811
-2.1615999
-2.1616164
-2.1616314
-2.1616458
-2.1616598
-2.1616736
-2.1616876
-2.1617017
-2.1617117
-2.1617052
-2.1617067
-2.1617173
-2.161735
-2.1617566
-2.1617793
-2.1618008
-2.1618191
-2.1618357
-2.1618503
-2.1618652
-2.1618805
-2.1618952
-2.1619043
-2.1619037
-2.1619065
-2.1619057
-2.1619214
-2.1619441
-2.1619661
-2.1619852
-2.1620015
-2.1620176
-2.1620329
-2.1620478
-2.1620628
-2.1620688
-2.1620747
-2.1620895
-2.1621084
-2.1621258
-2.1621397
-2.1621475
-2.1621555
-2.1621698
-2.1621857
-2.1622012
-2.1622162
-2.16223
-2.1622434
-2.1622566
-2.1622701
-2.1622815
-2.1622886
-2.1623
-2.1623144
-2.1623295
-2.1623439
-2.1623575
-2.1623701
-2.1623742
-2.1623788
-2.1623897
-2.162402
-2.1624
-2.1624139
-2.1624359
-2.162456
-2.1624708
-2.1624834
-2.1624963
-2.1625086
-2.1625211
-2.1625332
-2.162545
-2.1625569
-2.1625689
-2.162581
-2.1625932
-2.1626046
-2.1626112
-2.162622
-2.1626348
-2.1626422
-2.1626244
-2.1626064
-2.1626146
-2.1626393
-2.1626685
-2.1626933
-2.1627057
-2.1627145
-2.1627272
-2.1627436
-2.1627602
-2.1627742
-2.1627864
-2.1627988
-2.1628117
-2.1628247
-2.1628374
-2.1628406
-2.1628509
-2.1628639
-2.1628761
-2.1628875
-2.1628988
-2.1629065
-2.1628921
-2.1628794
-2.1628879
-2.1629101
-2.1629356
-2.1629557
-2.1629666
-2.162976
-2.162966
-2.16297
-2.1629871
-2.1630028
-2.1630149
-2.1630283
-2.1630409
-2.1630538
-2.1630675
-2.1630814
-2.1630931
-2.1630798
-2.1630813
-2.1630763
-2.1630863
-2.1631086
-2.1631281
-2.1631417
-2.1631519
-2.1631624
-2.1631755
-2.1631892
-2.1632019
-2.1632141
-2.1632258
-2.1632377
-2.1632496
-2.1632506
-2.1632445
-2.1632532
-2.1632705
-2.1632885
-2.1633015
-2.1633097
-2.163318
-2.163328
-2.1633295
-2.1633305
-2.163339
-2.1633534
-2.163365
-2.1633703
-2.1633818
-2.1633956
-2.1634082
-2.1634184
-2.1634282
-2.1634379
-2.163448
-2.1634582
-2.1634683
-2.1634783
-2.163488
-2.1634976
-2.1635071
-2.1635166
-2.1635259
-2.163535
-2.1635438
-2.1635523
-2.1635608
-2.1635693
-2.1635778
-2.1635865
-2.1635952
-2.1636039
-2.1636127
-2.1636214
-2.1636301
-2.1636388
-2.1636385
-2.1636391
-2.1636473
-2.1636598
-2.1636684
-2.1636749
-2.1636848
-2.1636856
-2.1636778
-2.1636849
-2.1636855
-2.1636892
-2.1637021
-2.1637178
-2.1637332
-2.1637452
-2.1637544
-2.1637639
-2.1637742
-2.1637792
-2.1637815
-2.1637885
-2.1637996
-2.1638128
-2.1638253
-2.1638357
-2.1638411
-2.1638473
-2.1638565
-2.1638653
-2.163865
-2.1638656
-2.1638741
-2.1638862
-2.1638979
-2.1639081
-2.1639163
-2.1639247
-2.1639338
-2.1639434
-2.1639528
-2.1639617
-2.1639702
-2.1639786
-2.1639863
-2.1639936
-2.1640009
-2.1640081
-2.1640153
-2.1640227
-2.1640302
-2.1640378
-2.1640456
-2.1640362
-2.1640351
-2.1640478
-2.1640633
-2.1640723
-2.164077
-2.1640841
-2.1640846
-2.1640924
-2.1641044
-2.1641167
-2.164123
-2.1641239
-2.1641293
-2.1641381
-2.1641352
-2.1641395
-2.1641521
-2.1641668
-2.1641786
-2.1641866
-2.1641935
-2.1642007
-2.1642083
-2.1642069
-2.164195
-2.1641995
-2.1642149
-2.1642319
-2.1642327
-2.1642338
-2.1642432
-2.164255
-2.164255
-2.1642616
-2.1642719
-2.1642825
-2.1642914
-2.1642999
-2.164309
-2.1643177
-2.1643261
-2.1643343
-2.1643415
-2.1643405
-2.1643456
-2.1643478
-2.1643507
-2.1643587
-2.1643695
-2.1643799
-2.1643872
-2.1643944
-2.164402
-2.1644093
-2.1644158
-2.1644222
-2.1644287
-2.1644353
-2.1644419
-2.1644484
-2.1644549
-2.1644502
-2.1644333
-2.1644394
-2.1644577
-2.1644736
-2.1644805
-2.1644854
-2.1644921
-2.1644989
-2.164506
-2.1645134
-2.1645207
-2.1645278
-2.1645338
-2.1645368
-2.1645423
-2.1645494
-2.164557
-2.1645641
-2.1645701
-2.1645756
-2.1645811
-2.1645868
-2.1645924
-2.1645979
-2.1646036
-2.1646096
-2.1646157
-2.1646198
-2.1646238
-2.1646303
-2.1646377
-2.1646444
-2.1646503
-2.1646562
-2.1646622
-2.1646682
-2.1646742
-2.16468
-2.1646857
-2.1646914
-2.1646971
-2.1647028
-2.1647084
-2.164714
-2.1647196
-2.1647252
-2.1647307
-2.1647362
-2.1647417
-2.1647471
-2.1647526
-2.164758
-2.1647635
-2.1647689
-2.1647744
-2.1647799
-2.1647854
-2.1647909
-2.1647964
-2.1648019
-2.1648074
-2.1648129
-2.1648184
-2.1648239
-2.1648294
-2.1648227
-2.16481
-2.164809
-2.1648177
-2.1648305
-2.164836
-2.1648391
-2.1648487
-2.1648613
-2.1648732
-2.164882
-2.1648878
-2.1648927
-2.1648971
-2.1649019
-2.1649072
-2.1649115
-2.1649135
-2.1649193
-2.1649269
-2.1649342
-2.1649399
-2.1649452
-2.1649506
-2.1649563
-2.164962
-2.1649675
-2.1649729
-2.1649781
-2.1649833
-2.1649885
-2.1649936
-2.1649987
-2.1650039
-2.165009
-2.1650142
-2.1650194
-2.1650246
-2.1650298
-2.165035
-2.1650402
-2.165045
-2.1650372
-2.1650375
-2.1650449
-2.1650553
-2.1650637
-2.1650684
-2.1650731
-2.1650788
-2.1650849
-2.1650885
-2.1650856
-2.1650879
-2.1650948
-2.1651042
-2.1651112
-2.1651044
-2.1650999
-2.165106
-2.1651173
-2.1651277
-2.165134
-2.165137
-2.1651417
-2.1651479
-2.1651548
-2.1651608
-2.1651665
-2.1651723
-2.1651782
-2.1651842
-2.1651901
-2.1651957
-2.1652012
-2.1652063
-2.1652109
-2.1652152
-2.1652195
-2.1652239
-2.1652285
-2.1652331
-2.1652355
-2.1652395
-2.1652448
-2.1652505
-2.1652561
-2.1652612
-2.1652663
-2.1652714
-2.1652756
-2.1652678
-2.1652694
-2.165277
-2.1652852
-2.1652919
-2.1652954
-2.1652969
-2.1652995
-2.1653046
-2.1653108
-2.1653166
-2.1653216
-2.1653266
-2.1653321
-2.1653377
-2.1653432
-2.1653439
-2.165335
-2.1653383
-2.165348
-2.1653581
-2.1653647
-2.1653695
-2.1653738
-2.1653786
-2.1653837
-2.1653891
-2.1653942
-2.1653991
-2.165404
-2.1654089
-2.1654137
-2.1654184
-2.1654231
-2.1654277
-2.1654321
-2.1654363
-2.1654404
-2.1654444
-2.1654485
-2.1654391
-2.1654358
-2.1654414
-2.165451
-2.1654605
-2.165466
-2.1654703
-2.1654754
-2.1654813
-2.1654873
-2.1654924
-2.1654968
-2.1655011
-2.1655055
-2.1655099
-2.1655142
-2.1655183
-2.1655223
-2.1655263
-2.1655304
-2.1655328
-2.1655339
-2.1655381
-2.1655439
-2.1655482
-2.1655495
-2.1655535
-2.165559
-2.1655647
-2.1655689
-2.1655729
-2.1655769
-2.1655742
-2.1655751
-2.1655763
-2.1655775
-2.1655848
-2.1655909
-2.1655934
-2.165597
-2.1656028
-2.1656094
-2.1656151
-2.1656199
-2.1656244
-2.1656291
-2.1656339
-2.1656386
-2.1656429
-2.165647
-2.1656509
-2.1656548
-2.1656586
-2.1656623
-2.1656661
-2.1656699
-2.1656738
-2.1656777
-2.1656785
-2.1656788
-2.1656809
-2.1656849
-2.1656903
-2.1656962
-2.1657019
-2.1657068
-2.1657112
-2.1657154
-2.1657191
-2.1657193
-2.1657226
-2.1657273
-2.165732
-2.1657355
-2.1657391
-2.1657383
-2.1657386
-2.1657426
-2.1657488
-2.1657548
-2.1657589
-2.1657626
-2.1657669
-2.1657713
-2.1657754
-2.1657796
-2.1657818
-2.1657802
-2.1657823
-2.1657871
-2.1657926
-2.1657979
-2.1658024
-2.1658061
-2.1658097
-2.1658135
-2.1658175
-2.1658215
-2.165825
-2.1658263
-2.1658298
-2.1658345
-2.1658393
-2.1658436
-2.1658476
-2.1658515
-2.1658552
-2.1658586
-2.1658621
-2.1658655
-2.165869
-2.1658725
-2.1658761
-2.1658742
-2.1658721
-2.1658733
-2.1658782
-2.1658851
-2.1658915
-2.165895
-2.1658972
-2.1659005
-2.1659049
-2.16591
-2.1659148
-2.1659186
-2.1659222
-2.1659259
-2.1659298
-2.1659338
-2.1659377
-2.1659411
-2.1659444
-2.1659476
-2.165951
-2.1659543
-2.1659577
-2.1659611
-2.1659646
-2.165968
-2.1659716
-2.1659751
-2.1659787
-2.1659822
-2.1659829
-2.1659845
-2.1659884
-2.1659928
-2.1659966
-2.1659996
-2.1660026
-2.166006
-2.1660095
-2.1660131
-2.1660167
-2.1660203
-2.1660239
-2.1660274
-2.1660309
-2.1660343
-2.1660377
-2.1660411
-2.1660443
-2.1660476
-2.1660508
-2.166054
-2.1660572
-2.1660604
-2.1660637
-2.1660669
-2.1660702
-2.1660735
-2.1660768
-2.1660801
-2.1660834
-2.1660867
-2.16609
-2.1660932
-2.1660965
-2.1660997
-2.1661029
-2.1661061
-2.1661093
-2.1661115
-2.1661053
-2.1661072
-2.1661133
-2.1661192
-2.16612
-2.1661225
-2.1661273
-2.1661322
-2.1661364
-2.1661401
-2.1661438
-2.1661475
-2.1661511
-2.166147
-2.1661407
-2.1661425
-2.1661493
-2.1661572
-2.1661627
-2.1661661
-2.1661699
-2.1661743
-2.1661788
-2.1661829
-2.1661864
-2.1661897
-2.1661931
-2.1661965
-2.1661998
-2.166203
-2.166206
-2.166209
-2.166212
-2.166215
-2.166218
-2.1662211
-2.1662242
-2.1662273
-2.1662303
-2.1662334
-2.1662366
-2.1662397
-2.1662428
-2.1662459
-2.1662489
-2.166252
-2.166255
-2.166258
-2.166261
-2.1662639
-2.1662669
-2.1662699
-2.1662728
-2.1662758
-2.1662788
-2.1662818
-2.1662847
-2.1662877
-2.1662906
-2.1662935
-2.1662965
-2.1662994
-2.1663023
-2.1663052
-2.1663081
-2.166311
-2.1663139
-2.1663168
-2.1663197
-2.1663227
-2.1663256
-2.1663285
-2.1663314
-2.1663343
-2.1663372
-2.1663401
-2.166343
-2.1663459
-2.1663488
-2.166348
-2.1663386
-2.1663377
-2.1663433
-2.1663511
-2.1663576
-2.1663623
-2.1663652
-2.1663623
-2.166363
-2.1663686
-2.1663751
-2.1663801
-2.1663826
-2.1663849
-2.1663878
-2.1663908
-2.1663941
-2.1663973
-2.1664004
-2.1664035
-2.1664066
-2.1664096
-2.1664127
-2.1664157
-2.1664187
-2.1664211
-2.166417
-2.1664178
-2.1664219
-2.1664273
-2.1664314
-2.1664341
-2.1664369
-2.16644
-2.1664432
-2.1664464
-2.1664496
-2.1664528
-2.1664559
-2.1664589
-2.1664618
-2.1664646
-2.1664672
-2.1664697
-2.1664721
-2.1664746
-2.1664772
-2.1664798
-2.1664824
-2.1664851
-2.1664879
-2.1664906
-2.1664934
-2.1664962
-2.166499
-2.1665017
-2.1665044
-2.1665071
-2.1665097
-2.1665123
-2.1665149
-2.1665174
-2.166517
-2.1665177
-2.1665209
-2.1665251
-2.1665285
-2.1665312
-2.166534
-2.1665368
-2.1665396
-2.1665424
-2.1665451
-2.1665478
-2.1665504
-2.166553
-2.1665556
-2.1665581
-2.1665607
-2.1665633
-2.1665658
-2.1665683
-2.1665708
-2.1665733
-2.1665719
-2.1665708
-2.1665738
-2.1665784
-2.1665826
-2.1665859
-2.1665886
-2.1665911
-2.1665939
-2.1665968
-2.1665998
-2.1666026
-2.1666053
-2.166608
-2.1666105
-2.166613
-2.1666155
-2.1666179
-2.1666203
-2.1666227
-2.1666252
-2.1666277
-2.1666302
-2.1666327
-2.1666352
-2.1666378
-2.1666404
-2.1666429
-2.1666454
-2.1666479
-2.1666498
-2.1666427
-2.1666417
-2.166646
-2.1666521
-2.1666572
-2.1666591
-2.1666609
-2.1666637
-2.1666673
-2.1666708
-2.1666736
-2.1666763
-2.1666791
-2.166682
-2.1666849
-2.1666876
-2.1666902
-2.1666927
-2.166695
-2.1666972
-2.1666995
-2.1667018
-2.1667042
-2.1667066
-2.166709
-2.1667114
-2.1667026
-2.1667004
-2.1667042
-2.166711
-2.166717
-2.166721
-2.1667229
-2.1667252
-2.166728
-2.1667307
-2.1667335
-2.1667368
-2.16674
-2.1667426
-2.1667451
-2.1667474
-2.1667498
-2.1667522
-2.1667547
-2.1667571
-2.1667593
-2.1667615
-2.1667637
-2.1667661
-2.1667686
-2.1667711
-2.1667736
-2.166776
-2.1667784
-2.1667808
-2.1667831
-2.1667854
-2.1667877
-2.1667899
-2.1667921
-2.1667944
-2.1667966
-2.1667988
-2.1668011
-2.1668034
-2.1668056
-2.1668079
-2.1668102
-2.1668124
-2.1668146
-2.1668168
-2.1668191
-2.1668213
-2.1668235
-2.1668257
-2.1668279
-2.1668301
-2.1668323
-2.1668345
-2.1668367
-2.166839
-2.1668412
-2.1668434
-2.1668456
-2.1668479
-2.1668501
-2.1668523
-2.1668545
-2.1668567
-2.1668589
-2.1668611
-2.1668633
-2.1668655
-2.1668677
-2.1668699
-2.166872
-2.1668742
-2.1668764
-2.1668786
-2.1668807
-2.1668829
-2.1668851
-2.1668873
-2.1668894
-2.1668916
-2.1668937
-2.1668959
-2.1668981
-2.1669002
-2.1669024
-2.1669045
-2.1669067
-2.1669088
-2.166911
-2.1669131
-2.1669153
-2.1669174
-2.1669196
-2.1669217
-2.1669238
-2.166926
-2.1669281
-2.1669303
-2.1669324
-2.1669345
-2.1669366
-2.1669388
-2.1669409
-2.166943
-2.1669451
-2.1669472
-2.1669494
-2.1669515
-2.1669536
-2.1669557
-2.1669578
-2.1669599
-2.166962
-2.1669641
-2.1669662
-2.1669683
-2.1669704
-2.1669725
-2.1669746
-2.1669767
-2.1669788
-2.1669809
-2.166983
-2.166985
-2.1669871
-2.1669892
-2.1669913
-2.1669934
-2.1669955
-2.1669975
-2.1669996
-2.1670017
-2.1670037
-2.1670058
-2.1670079
-2.1670099
-2.167012
-2.1670141
-2.1670161
-2.1670182
-2.1670202
-2.1670223
-2.1670243
-2.1670264
-2.1670284
-2.1670305
-2.1670325
-2.1670346
-2.1670366
-2.1670387
-2.1670407
-2.1670427
-2.1670448
-2.1670468
-2.1670488
-2.1670509
-2.1670529
-2.1670549
-2.1670569
-2.167059
-2.167061
-2.167063
-2.167065
-2.1670671
-2.1670691
-2.1670711
-2.1670731
-2.1670751
-2.1670771
-2.1670791
-2.1670811
-2.1670831
-2.1670851
-2.1670871
-2.1670891
-2.1670911
-2.1670931
-2.1670951
-2.1670971
-2.1670991
-2.1670977
-2.16709
-2.1670908
-2.1670966
-2.1671026
-2.1671061
-2.1671081
-2.1671102
-2.1671123
-2.1671147
-2.1671172
-2.1671196
-2.1671219
-2.1671242
-2.1671264
-2.1671286
-2.1671307
-2.1671326
-2.1671345
-2.1671363
-2.1671381
-2.16714
-2.1671418
-2.1671437
-2.1671457
-2.1671477
-2.1671497
-2.1671517
-2.1671537
-2.1671558
-2.1671578
-2.1671599
-2.1671619
-2.1671639
-2.1671659
-2.1671678
-2.1671697
-2.1671713
-2.167166
-2.1671652
-2.1671684
-2.1671729
-2.1671767
-2.1671789
-2.1671808
-2.1671831
-2.1671856
-2.167188
-2.1671901
-2.1671921
-2.1671941
-2.1671963
-2.1671984
-2.167196
-2.1671978
-2.1672012
-2.1672043
-2.1672068
-2.167209
-2.1672112
-2.1672133
-2.1672153
-2.1672174
-2.1672193
-2.1672211
-2.1672229
-2.1672247
-2.1672266
-2.1672285
-2.1672304
-2.1672322
-2.167234
-2.1672358
-2.1672377
-2.1672395
-2.1672413
-2.1672431
-2.1672449
-2.1672467
-2.1672485
-2.1672503
-2.1672521
-2.1672539
-2.1672558
-2.1672576
-2.1672594
-2.1672612
-2.167263
-2.1672597
-2.1672539
-2.1672539
-2.1672578
-2.1672625
-2.1672664
-2.1672681
-2.1672696
-2.1672718
-2.1672743
-2.1672769
-2.1672794
-2.1672817
-2.1672839
-2.1672861
-2.1672883
-2.1672905
-2.1672925
-2.1672942
-2.1672958
-2.1672973
-2.167299
-2.1673007
-2.1673025
-2.1673043
-2.1673062
-2.1673082
-2.1673101
-2.1673121
-2.1673141
-2.1673159
-2.1673175
-2.1673191
-2.1673206
-2.167322
-2.1673179
-2.1673187
-2.1673225
-2.1673264
-2.167329
-2.1673309
-2.1673326
-2.1673339
-2.1673222
-2.1673166
-2.1673205
-2.1673281
-2.1673342
-2.167338
-2.1673398
-2.1673418
-2.1673444
-2.1673472
-2.1673497
-2.1673518
-2.1673491
-2.1673459
-2.1673471
-2.1673511
-2.1673554
-2.1673586
-2.1673606
-2.1673628
-2.1673655
-2.1673682
-2.1673704
-2.1673721
-2.1673736
-2.1673751
-2.1673768
-2.1673785
-2.1673803
-2.1673819
-2.1673836
-2.1673853
-2.1673869
-2.1673886
-2.1673903
-2.167392
-2.1673936
-2.1673952
-2.1673968
-2.1673984
-2.1674
-2.1674015
-2.1674031
-2.1674046
-2.1674062
-2.1674077
-2.1674093
-2.1674108
-2.1674124
-2.1674139
-2.1674155
-2.1674171
-2.1674187
-2.1674202
-2.1674218
-2.1674234
-2.1674249
-2.1674265
-2.167428
-2.1674295
-2.1674311
-2.1674326
-2.1674341
-2.1674357
-2.1674372
-2.1674387
-2.1674402
-2.1674417
-2.1674432
-2.1674447
-2.1674462
-2.1674477
-2.1674492
-2.1674507
-2.1674522
-2.1674537
-2.1674552
-2.1674567
-2.1674582
-2.1674597
-2.1674612
-2.1674627
-2.1674642
-2.1674657
-2.1674672
-2.1674687
-2.1674702
-2.1674717
-2.1674731
-2.1674746
-2.1674761
-2.1674776
-2.1674791
-2.1674805
-2.167482
-2.1674835
-2.167485
-2.1674864
-2.1674879
-2.1674894
-2.1674908
-2.1674923
-2.1674937
-2.1674952
-2.1674967
-2.1674981
-2.1674996
-2.167501
-2.1675025
-2.1675039
-2.1675054
-2.167505
-2.1675017
-2.167503
-2.1675064
-2.1675095
-2.1675116
-2.1675127
-2.1675141
-2.1675156
-2.1675173
-2.1675191
-2.1675209
-2.1675226
-2.1675242
-2.1675259
-2.1675274
-2.1675289
-2.1675304
-2.1675318
-2.1675331
-2.1675345
-2.1675359
-2.1675373
-2.1675387
-2.1675402
-2.1675416
-2.1675431
-2.1675446
-2.1675461
-2.1675475
-2.1675489
-2.1675503
-2.1675517
-2.167553
-2.1675544
-2.1675558
-2.1675572
-2.1675586
-2.16756
-2.1675614
-2.1675628
-2.1675642
-2.1675656
-2.167567
-2.1675685
-2.1675699
-2.1675713
-2.1675727
-2.1675741
-2.1675755
-2.1675769
-2.1675783
-2.1675796
-2.167581
-2.1675824
-2.1675837
-2.1675851
-2.1675865
-2.1675878
-2.1675892
-2.1675905
-2.1675919
-2.1675932
-2.1675946
-2.1675959
-2.1675973
-2.1675986
-2.1676
-2.1676013
-2.1676027
-2.167604
-2.1676054
-2.1676067
-2.1676081
-2.1676094
-2.1676107
-2.1676121
-2.1676134
-2.1676148
-2.1676161
-2.1676175
-2.1676188
-2.1676201
-2.1676215
-2.1676228
-2.1676242
-2.1676255
-2.1676268
-2.1676281
-2.1676295
-2.1676308
-2.1676321
-2.1676335
-2.1676348
-2.1676361
-2.1676374
-2.1676387
-2.1676401
-2.1676414
-2.1676427
-2.167644
-2.1676453
-2.1676466
-2.1676479
-2.1676493
-2.1676506
-2.1676519
-2.1676532
-2.1676545
-2.1676558
-2.1676571
-2.1676584
-2.1676597
-2.167661
-2.1676623
-2.1676636
-2.1676649
-2.1676662
-2.1676675
-2.1676688
-2.1676701
-2.1676714
-2.1676727
-2.167674
-2.1676752
-2.1676765
-2.1676778
-2.1676791
-2.1676804
-2.1676817
-2.167683
-2.1676842
-2.1676855
-2.1676868
-2.1676881
-2.1676894
-2.1676906
-2.1676919
-2.1676932
-2.1676945
-2.1676957
-2.167697
-2.1676983
-2.1676996
-2.1676924
-2.1676918
-2.1676952
-2.1676994
-2.1677022
-2.167704
-2.1677052
-2.1677063
-2.1677076
-2.1677093
-2.1677112
-2.1677129
-2.1677144
-2.1677159
-2.1677173
-2.1677187
-2.16772
-2.1677212
-2.1677223
-2.1677235
-2.1677246
-2.1677259
-2.1677271
-2.1677284
-2.1677297
-2.167731
-2.1677323
-2.1677336
-2.1677349
-2.1677362
-2.1677374
-2.1677387
-2.1677398
-2.167741
-2.1677422
-2.1677434
-2.1677446
-2.1677458
-2.1677471
-2.1677483
-2.1677495
-2.1677508
-2.167752
-2.1677533
-2.1677545
-2.1677558
-2.167757
-2.1677582
-2.1677594
-2.1677606
-2.1677618
-2.167763
-2.1677642
-2.1677654
-2.1677666
-2.1677678
-2.167769
-2.1677702
-2.1677714
-2.1677726
-2.1677737
-2.1677749
-2.1677761
-2.1677773
-2.1677785
-2.1677797
-2.1677808
-2.167782
-2.1677832
-2.1677844
-2.1677856
-2.1677867
-2.1677879
-2.1677891
-2.1677903
-2.1677872
-2.1677854
-2.1677871
-2.1677899
-2.1677925
-2.1677944
-2.1677958
-2.1677968
-2.167798
-2.1677994
-2.167801
-2.1678026
-2.1678041
-2.1678054
-2.1678067
-2.1678079
-2.1678092
-2.1678103
-2.1678115
-2.1678126
-2.1678137
-2.1678149
-2.1678161
-2.1678173
-2.1678185
-2.1678197
-2.167821
-2.1678222
-2.1678234
-2.1678246
-2.1678257
-2.1678269
-2.167828
-2.1678281
-2.167815
-2.1678069
-2.1678048
-2.1678076
-2.1678118
-2.1678141
-2.1678163
-2.1678189
-2.1678225
-2.1678267
-2.1678312
-2.1678345
-2.1678353
-2.1678354
-2.167835
-2.1678362
-2.1678381
-2.1678403
-2.1678425
-2.1678447
-2.167847
-2.1678488
-2.1678501
-2.1678512
-2.1678523
-2.1678533
-2.1678544
-2.1678556
-2.1678569
-2.1678583
-2.1678597
-2.1678611
-2.1678625
-2.1678638
-2.1678651
-2.1678664
-2.1678676
-2.1678664
-2.1678654
-2.1678664
-2.1678685
-2.1678708
-2.1678726
-2.1678734
-2.1678742
-2.1678754
-2.1678768
-2.1678784
-2.1678799
-2.1678812
-2.1678825
-2.1678835
-2.1678846
-2.1678856
-2.1678867
-2.1678877
-2.1678888
-2.1678899
-2.1678908
-2.1678919
-2.1678929
-2.167894
-2.1678951
-2.1678962
-2.1678973
-2.1678984
-2.1678994
-2.1679005
-2.1679016
-2.1679027
-2.1679037
-2.1679048
-2.1679059
-2.1679069
-2.167908
-2.167909
-2.1679101
-2.1679111
-2.1679122
-2.1679132
-2.1679143
-2.1679153
-2.1679163
-2.1679174
-2.1679184
-2.1679194
-2.1679204
-2.1679214
-2.1679225
-2.1679235
-2.1679245
-2.1679255
-2.1679265
-2.1679275
-2.1679285
-2.1679295
-2.1679306
-2.1679316
-2.1679326
-2.1679336
-2.1679346
-2.1679356
-2.1679366
-2.1679376
-2.1679386
-2.1679396
-2.1679407
-2.1679413
-2.1679387
-2.1679387
-2.1679404
-2.1679426
-2.1679445
-2.1679458
-2.1679468
-2.1679479
-2.1679491
-2.1679504
-2.1679516
-2.1679527
-2.1679477
-2.1679334
-2.1679324
-2.1679389
-2.167947
-2.1679513
-2.1679507
-2.167952
-2.1679543
-2.1679571
-2.1679588
-2.1679597
-2.1679608
-2.1679619
-2.1679629
-2.1679638
-2.1679647
-2.1679657
-2.1679668
-2.1679678
-2.1679687
-2.1679695
-2.1679703
-2.167971
-2.1679718
-2.1679726
-2.1679733
-2.1679741
-2.1679748
-2.1679756
-2.1679764
-2.1679772
-2.167978
-2.1679788
-2.1679796
-2.1679803
-2.1679811
-2.1679819
-2.1679826
-2.1679833
-2.1679841
-2.1679848
-2.1679856
-2.1679863
-2.1679871
-2.1679878
-2.1679886
-2.1679893
-2.1679901
-2.1679908
-2.1679916
-2.1679923
-2.1679931
-2.1679938
-2.1679946
-2.1679953
-2.167996
-2.1679968
-2.1679975
-2.1679983
-2.167999
-2.1679997
-2.1680005
-2.1680012
-2.1680019
-2.1680027
-2.1680034
-2.1680041
-2.1680048
-2.1680056
-2.1680063
-2.168007
-2.1680077
-2.1680085
-2.1680092
-2.1680099
-2.1680106
-2.1680114
-2.1680121
-2.1680128
-2.1680135
-2.1680142
-2.1680149
-2.1680157
-2.1680164
-2.1680171
-2.1680178
-2.1680185
-2.1680192
-2.1680199
-2.1680206
-2.1680213
-2.168017
-2.1680106
-2.1680084
-2.1680098
-2.1680098
-2.1680103
-2.168012
-2.1680151
-2.1680187
-2.168022
-2.1680236
-2.1680245
-2.1680252
-2.1680262
-2.1680273
-2.1680285
-2.1680296
-2.1680307
-2.1680318
-2.1680329
-2.168033
-2.1680332
-2.1680342
-2.1680354
-2.1680364
-2.168037
-2.1680374
-2.168038
-2.1680387
-2.1680395
-2.1680404
-2.1680412
-2.1680421
-2.1680429
-2.1680438
-2.1680447
-2.1680454
-2.1680462
-2.1680469
-2.1680476
-2.1680483
-2.1680489
-2.1680496
-2.1680502
-2.1680508
-2.1680514
-2.168052
-2.1680527
-2.1680533
-2.1680539
-2.1680546
-2.1680552
-2.1680559
-2.1680566
-2.1680573
-2.1680579
-2.1680586
-2.1680593
-2.16806
-2.1680606
-2.1680613
-2.168062
-2.1680626
-2.1680633
-2.1680639
-2.1680646
-2.1680652
-2.1680658
-2.1680665
-2.1680671
-2.1680677
-2.1680684
-2.168069
-2.1680696
-2.1680703
-2.1680709
-2.1680715
-2.1680721
-2.1680728
-2.1680734
-2.168074
-2.1680747
-2.1680753
-2.1680759
-2.1680766
-2.1680772
-2.1680778
-2.1680785
-2.1680791
-2.1680797
-2.1680804
-2.168081
-2.1680816
-2.1680822
-2.1680829
-2.1680835
-2.1680841
-2.1680847
-2.1680854
-2.168086
-2.1680866
-2.1680872
-2.1680878
-2.1680885
-2.1680891
-2.1680897
-2.1680903
-2.1680909
-2.1680915
-2.1680921
-2.1680928
-2.1680934
-2.168094
-2.1680946
-2.1680952
-2.1680958
-2.1680964
-2.168097
-2.1680976
-2.1680983
-2.1680989
-2.1680995
-2.1681001
-2.1681007
-2.1681013
-2.1681019
-2.1681025
-2.1681031
-2.1681037
-2.1681043
-2.1681049
-2.1681055
-2.1681061
-2.1681067
-2.1681073
-2.1681079
-2.1681085
-2.1681091
-2.1681097
-2.1681103
-2.1681109
-2.1681115
-2.1681121
-2.1681127
-2.1681133
-2.1681139
-2.1681145
-2.1681151
-2.1681157
-2.1681163
-2.1681168
-2.1681174
-2.168118
-2.1681186
-2.1681192
-2.1681198
-2.1681204
-2.168121
-2.1681216
-2.1681221
-2.1681227
-2.1681233
-2.1681239
-2.1681245
-2.1681251
-2.1681257
-2.1681262
-2.1681268
-2.1681274
-2.168128
-2.1681286
-2.1681291
-2.1681297
-2.1681303
-2.1681309
-2.1681315
-2.168132
-2.1681326
-2.1681332
-2.1681338
-2.1681344
-2.1681349
-2.1681355
-2.1681361
-2.1681367
-2.1681372
-2.1681378
-2.1681384
-2.1681389
-2.1681395
-2.1681401
-2.1681407
-2.1681412
-2.1681418
-2.1681424
-2.1681429
-2.1681435
-2.1681441
-2.1681447
-2.1681452
-2.1681458
-2.1681464
-2.1681451
-2.168143
-2.1681424
-2.1681431
-2.1681449
-2.168147
-2.1681485
-2.1681489
-2.168149
-2.1681496
-2.1681505
-2.1681516
-2.1681526
-2.1681534
-2.168154
-2.1681545
-2.1681552
-2.1681559
-2.1681566
-2.1681571
-2.1681576
-2.1681581
-2.1681586
-2.1681592
-2.1681597
-2.1681603
-2.1681609
-2.1681615
-2.1681621
-2.1681627
-2.1681604
-2.1681597
-2.1681606
-2.1681622
-2.1681638
-2.1681646
-2.1681648
-2.1681653
-2.168166
-2.1681668
-2.1681676
-2.1681683
-2.168169
-2.1681696
-2.1681703
-2.168171
-2.1681717
-2.1681724
-2.168173
-2.1681736
-2.168174
-2.1681745
-2.1681749
-2.1681754
-2.1681759
-2.1681764
-2.168177
-2.1681775
-2.1681781
-2.1681786
-2.1681792
-2.1681798
-2.1681804
-2.168181
-2.1681816
-2.1681821
-2.1681827
-2.1681832
-2.1681837
-2.1681843
-2.1681848
-2.1681853
-2.1681858
-2.1681863
-2.1681868
-2.1681873
-2.1681879
-2.1681884
-2.168189
-2.1681895
-2.16819
-2.1681906
-2.1681911
-2.1681916
-2.1681921
-2.1681926
-2.1681932
-2.1681937
-2.1681942
-2.1681947
-2.1681952
-2.1681957
-2.1681962
-2.1681968
-2.1681973
-2.1681976
-2.1681946
-2.168193
-2.1681924
-2.1681932
-2.1681951
-2.1681972
-2.1681985
-2.1681988
-2.168199
-2.1681996
-2.1682007
-2.168202
-2.168203
-2.1682038
-2.1682042
-2.1682047
-2.1682054
-2.1682061
-2.1682068
-2.1682073
-2.1682078
-2.1682082
-2.1682073
-2.1682067
-2.1682072
-2.1682084
-2.1682095
-2.1682103
-2.1682108
-2.1682113
-2.168212
-2.1682127
-2.1682134
-2.1682141
-2.1682147
-2.1682153
-2.1682159
-2.1682164
-2.1682169
-2.1682174
-2.1682179
-2.1682183
-2.1682188
-2.1682192
-2.1682197
-2.1682202
-2.1682207
-2.1682213
-2.1682218
-2.1682223
-2.1682229
-2.1682234
-2.168224
-2.1682245
-2.168225
-2.1682255
-2.168226
-2.1682264
-2.1682269
-2.1682273
-2.1682278
-2.1682283
-2.1682288
-2.1682293
-2.1682298
-2.1682303
-2.1682308
-2.1682313
-2.1682318
-2.1682323
-2.1682328
-2.1682332
-2.1682337
-2.1682342
-2.1682347
-2.1682351
-2.1682356
-2.1682361
-2.1682365
-2.168237
-2.1682375
-2.168238
-2.1682385
-2.1682389
-2.1682394
-2.1682399
-2.1682404
-2.1682409
-2.1682414
-2.1682418
-2.1682423
-2.1682428
-2.1682433
-2.1682437
-2.1682442
-2.1682447
-2.1682451
-2.1682456
-2.1682461
-2.1682465
-2.168247
-2.1682475
-2.168248
-2.1682484
-2.1682489
-2.1682494
-2.1682498
-2.1682503
-2.1682508
-2.1682512
-2.1682517
-2.1682521
-2.1682526
-2.1682531
-2.1682535
-2.168254
-2.1682545
-2.1682549
-2.1682554
-2.1682559
-2.1682563
-2.1682568
-2.1682572
-2.1682577
-2.1682582
-2.1682586
-2.1682591
-2.1682596
-2.16826
-2.1682605
-2.1682609
-2.1682614
-2.1682619
-2.1682623
-2.1682628
-2.1682632
-2.1682637
-2.1682641
-2.1682646
-2.1682651
-2.1682655
-2.168266
-2.1682664
-2.1682669
-2.1682673
-2.1682678
-2.1682682
-2.1682687
-2.1682667
-2.1682654
-2.1682659
-2.1682674
-2.168269
-2.1682698
-2.1682703
-2.1682707
-2.1682712
-2.1682718
-2.1682725
-2.1682731
-2.1682737
-2.1682742
-2.1682734
-2.1682683
-2.1682677
-2.1682699
-2.1682727
-2.1682743
-2.1682748
-2.1682751
-2.1682755
-2.1682762
-2.1682772
-2.168278
-2.1682788
-2.1682794
-2.1682801
-2.1682807
-2.1682813
-2.1682818
-2.1682822
-2.1682825
-2.1682829
-2.1682833
-2.1682837
-2.1682841
-2.1682846
-2.1682851
-2.1682855
-2.1682861
-2.1682866
-2.1682871
-2.1682876
-2.1682881
-2.1682886
-2.1682891
-2.1682896
-2.1682895
-2.1682891
-2.1682895
-2.16829
-2.1682906
-2.1682911
-2.1682916
-2.1682921
-2.1682926
-2.1682931
-2.1682936
-2.1682941
-2.1682946
-2.1682951
-2.1682956
-2.1682961
-2.1682966
-2.168297
-2.1682974
-2.1682974
-2.1682936
-2.1682936
-2.1682953
-2.1682973
-2.1682985
-2.1682965
-2.1682957
-2.1682959
-2.168297
-2.1682986
-2.1683001
-2.1683009
-2.1683012
-2.1683014
-2.1683019
-2.1683026
-2.1683033
-2.1683039
-2.1683045
-2.1683051
-2.1683056
-2.1683062
-2.1683067
-2.1683073
-2.1683078
-2.1683082
-2.1683087
-2.1683091
-2.1683095
-2.1683099
-2.1683103
-2.1683107
-2.1683111
-2.1683115
-2.1683119
-2.1683123
-2.1683128
-2.1683132
-2.1683136
-2.168314
-2.1683144
-2.1683148
-2.1683152
-2.1683156
-2.168316
-2.1683164
-2.1683168
-2.1683171
-2.1683175
-2.1683179
-2.1683183
-2.1683187
-2.1683191
-2.1683195
-2.1683199
-2.1683203
-2.1683207
-2.1683211
-2.1683215
-2.1683219
-2.1683223
-2.1683227
-2.1683231
-2.1683235
-2.1683239
-2.1683242
-2.1683246
-2.168325
-2.1683254
-2.1683258
-2.1683262
-2.1683266
-2.1683269
-2.1683273
-2.1683277
-2.1683281
-2.1683285
-2.1683289
-2.1683292
-2.1683296
-2.16833
-2.1683304
-2.1683308
-2.1683311
-2.1683315
-2.1683319
-2.1683323
-2.1683327
-2.168333
-2.1683334
-2.1683338
-2.1683342
-2.1683346
-2.1683349
-2.1683353
-2.1683357
-2.1683361
-2.1683365
-2.1683368
-2.1683372
-2.1683376
-2.168338
-2.1683383
-2.1683387
-2.1683391
-2.1683395
-2.1683398
-2.1683402
-2.1683406
-2.168341
-2.1683413
-2.1683417
-2.1683421
-2.1683424
-2.1683428
-2.1683432
-2.1683436
-2.1683439
-2.1683443
-2.1683447
-2.168345
-2.1683454
-2.1683458
-2.1683462
-2.1683465
-2.1683469
-2.1683473
-2.1683476
-2.168348
-2.1683484
-2.1683487
-2.1683491
-2.1683495
-2.1683498
-2.1683502
-2.1683506
-2.1683509
-2.1683513
-2.1683517
-2.168352
-2.1683524
-2.1683528
-2.1683531
-2.1683535
-2.1683539
-2.1683542
-2.1683546
-2.168355
-2.1683553
-2.1683557
-2.1683561
-2.1683564
-2.1683568
-2.1683571
-2.1683575
-2.1683579
-2.1683582
-2.1683586
-2.168359
-2.1683593
-2.1683597
-2.16836
-2.1683604
-2.1683608
-2.1683611
-2.1683615
-2.1683618
-2.1683622
-2.1683626
-2.1683629
-2.1683633
-2.1683636
-2.168364
-2.1683643
-2.1683647
-2.1683651
-2.1683654
-2.1683658
-2.1683661
-2.1683665
-2.1683668
-2.1683672
-2.1683676
-2.1683679
-2.1683683
-2.1683686
-2.168369
-2.1683693
-2.1683697
-2.16837
-2.1683704
-2.1683707
-2.1683711
-2.1683715
-2.1683718
-2.1683722
-2.1683725
-2.1683729
-2.1683732
-2.1683736
-2.1683739
-2.1683743
-2.1683746
-2.168375
-2.1683753
-2.1683757
-2.168376
-2.1683764
-2.1683767
-2.1683771
-2.1683774
-2.1683778
-2.1683781
-2.1683785
-2.1683788
-2.1683792
-2.1683795
-2.1683799
-2.1683802
-2.1683806
-2.1683809
-2.1683812
-2.1683816
-2.1683819
-2.1683823
-2.1683826
-2.168383
-2.1683833
-2.1683837
-2.168384
-2.1683844
-2.1683847
-2.168385
-2.1683854
-2.1683857
-2.1683861
-2.1683864
-2.1683868
-2.1683871
-2.1683875
-2.1683878
-2.1683881
-2.1683885
-2.1683888
-2.1683892
-2.1683895
-2.1683898
-2.1683902
-2.1683905
-2.1683909
-2.1683912
-2.1683915
-2.1683919
-2.1683922
-2.1683926
-2.1683929
-2.1683932
-2.1683936
-2.1683939
-2.1683943
-2.1683946
-2.1683949
-2.1683953
-2.1683956
-2.168396
-2.1683963
-2.1683966
-2.168397
-2.1683973
-2.1683976
-2.168398
-2.1683983
-2.1683986
-2.168399
-2.1683993
-2.1683996
-2.1684
-2.1684003
-2.1684007
-2.168401
-2.1684013
-2.1684017
-2.168402
-2.1684023
-2.1684027
-2.168403
-2.1684033
-2.1684037
-2.168404
-2.1684043
-2.1684046
-2.168405
-2.1684053
-2.1684056
-2.168406
-2.1684063
-2.1684066
-2.168407
-2.1684073
-2.1684076
-2.168408
-2.1684083
-2.1684086
-2.1684089
-2.1684093
-2.1684096
-2.1684099
-2.1684103
-2.1684106
-2.1684109
-2.1684112
-2.1684116
-2.1684119
-2.1684122
-2.1684126
-2.1684129
-2.1684132
-2.1684135
-2.1684133
-2.1684131
-2.1684134
-2.1684141
-2.1684146
-2.168415
-2.1684153
-2.1684156
-2.168416
-2.1684164
-2.1684168
-2.1684172
-2.1684175
-2.1684179
-2.1684183
-2.1684186
-2.168419
-2.1684193
-2.1684196
-2.1684199
-2.1684203
-2.1684206
-2.1684201
-2.1684197
-2.1684201
-2.1684208
-2.1684214
-2.1684218
-2.168422
-2.1684224
-2.1684228
-2.1684232
-2.1684237
-2.1684241
-2.1684244
-2.1684248
-2.1684252
-2.1684255
-2.1684258
-2.1684262
-2.1684265
-2.1684268
-2.1684271
-2.1684274
-2.1684277
-2.168428
-2.1684283
-2.1684287
-2.168429
-2.1684293
-2.1684297
-2.16843
-2.1684303
-2.1684307
-2.168431
-2.1684313
-2.1684316
-2.1684319
-2.1684323
-2.1684326
-2.1684329
-2.1684332
-2.1684335
-2.1684338
-2.1684341
-2.1684344
-2.1684348
-2.1684351
-2.1684354
-2.1684357
-2.168436
-2.1684363
-2.1684366
-2.168437
-2.1684373
-2.1684376
-2.1684379
-2.1684382
-2.1684385
-2.1684388
-2.1684391
-2.1684394
-2.1684397
-2.16844
-2.1684404
-2.1684407
-2.168441
-2.1684413
-2.1684416
-2.1684419
-2.1684422
-2.1684425
-2.1684428
-2.1684431
-2.1684434
-2.1684438
-2.1684441
-2.1684444
-2.1684447
-2.168445
-2.1684453
-2.1684456
-2.1684441
-2.1684429
-2.1684427
-2.1684435
-2.1684447
-2.1684459
-2.1684463
-2.1684464
-2.1684467
-2.1684472
-2.1684479
-2.1684484
-2.1684488
-2.1684491
-2.1684495
-2.1684499
-2.1684503
-2.1684506
-2.168451
-2.1684513
-2.1684516
-2.1684518
-2.1684521
-2.1684524
-2.1684527
-2.168453
-2.1684533
-2.1684536
-2.168454
-2.1684543
-2.1684546
-2.1684534
-2.1684525
-2.1684525
-2.168453
-2.1684538
-2.1684506
-2.1684493
-2.1684491
-2.1684499
-2.168451
-2.1684522
-2.1684532
-2.1684545
-2.1684558
-2.1684566
-2.1684569
-2.1684571
-2.1684576
-2.1684583
-2.168459
-2.1684595
-2.1684598
-2.16846
-2.1684602
-2.1684604
-2.1684606
-2.1684609
-2.1684613
-2.1684616
-2.168462
-2.1684623
-2.1684627
-2.168463
-2.1684634
-2.1684637
-2.1684641
-2.1684644
-2.1684648
-2.1684651
-2.1684654
-2.1684658
-2.1684661
-2.1684664
-2.1684666
-2.1684669
-2.1684672
-2.1684675
-2.1684678
-2.1684681
-2.1684684
-2.1684687
-2.168469
-2.1684693
-2.1684696
-2.1684699
-2.1684701
-2.1684704
-2.1684706
-2.1684709
-2.1684712
-2.1684714
-2.1684717
-2.1684719
-2.1684722
-2.1684725
-2.1684727
-2.168473
-2.1684733
-2.1684736
-2.1684738
-2.1684741
-2.1684744
-2.1684747
-2.168475
-2.1684753
-2.1684756
-2.1684759
-2.1684761
-2.1684764
-2.1684767
-2.168477
-2.1684773
-2.1684775
-2.1684778
-2.1684781
-2.1684783
-2.1684786
-2.1684789
-2.1684791
-2.1684794
-2.1684797
-2.1684799
-2.1684802
-2.1684805
-2.1684807
-2.168481
-2.1684812
-2.1684815
-2.1684818
-2.168482
-2.1684823
-2.1684826
-2.1684828
-2.1684831
-2.1684834
-2.1684836
-2.1684839
-2.1684842
-2.1684844
-2.1684847
-2.168485
-2.1684852
-2.1684855
-2.1684858
-2.168486
-2.1684863
-2.1684866
-2.1684868
-2.1684871
-2.1684874
-2.1684876
-2.1684879
-2.1684881
-2.1684884
-2.1684887
-2.1684889
-2.1684892
-2.1684894
-2.1684897
-2.16849
-2.1684902
-2.1684905
-2.1684907
-2.168491
-2.1684913
-2.1684915
-2.1684918
-2.168492
-2.1684923
-2.1684926
-2.1684928
-2.1684931
-2.1684933
-2.1684936
-2.1684939
-2.1684941
-2.168493
-2.1684897
-2.1684888
-2.1684898
-2.1684915
-2.1684928
-2.1684934
-2.1684939
-2.1684944
-2.1684949
-2.1684955
-2.1684961
-2.1684965
-2.1684969
-2.1684972
-2.1684975
-2.1684978
-2.1684981
-2.1684983
-2.1684986
-2.1684988
-2.1684991
-2.1684993
-2.1684995
-2.1684998
-2.1685
-2.1685003
-2.1685006
-2.1685009
-2.1685012
-2.1685015
-2.1685018
-2.1685021
-2.1685024
-2.1685027
-2.168503
-2.1685032
-2.1685034
-2.1685037
-2.1685039
-2.1685041
-2.1685044
-2.1685046
-2.1685049
-2.1685051
-2.1685054
-2.1685056
-2.1685059
-2.1685062
-2.1685064
-2.1685067
-2.1685069
-2.1685072
-2.1685074
-2.1685076
-2.1685079
-2.1685081
-2.1685083
-2.1685086
-2.1685088
-2.1685091
-2.1685093
-2.1685096
-2.1685098
-2.1685101
-2.1685103
-2.1685106
-2.1685108
-2.1685111
-2.1685113
-2.1685101
-2.1685089
-2.1685087
-2.1685093
-2.1685103
-2.1685111
-2.1685114
-2.1685116
-2.1685119
-2.1685124
-2.1685129
-2.1685133
-2.1685137
-2.1685141
-2.1685144
-2.1685148
-2.1685151
-2.1685153
-2.1685156
-2.1685158
-2.168516
-2.1685162
-2.1685165
-2.1685167
-2.1685169
-2.1685172
-2.1685174
-2.1685177
-2.168518
-2.1685183
-2.1685185
-2.1685188
-2.1685191
-2.1685193
-2.1685196
-2.1685198
-2.1685201
-2.1685203
-2.1685205
-2.1685207
-2.168521
-2.1685212
-2.1685214
-2.1685217
-2.1685219
-2.1685221
-2.1685224
-2.1685226
-2.1685229
-2.1685231
-2.1685234
-2.1685236
-2.1685238
-2.1685241
-2.1685243
-2.1685245
-2.1685247
-2.1685249
-2.1685252
-2.1685254
-2.1685256
-2.1685259
-2.1685261
-2.1685263
-2.1685266
-2.1685268
-2.168527
-2.1685273
-2.1685275
-2.1685277
-2.168528
-2.1685282
-2.1685284
-2.1685287
-2.1685289
-2.1685291
-2.1685293
-2.1685296
-2.1685298
-2.16853
-2.1685303
-2.1685305
-2.1685307
-2.1685309
-2.1685312
-2.1685314
-2.1685316
-2.1685318
-2.1685321
-2.1685323
-2.1685325
-2.1685327
-2.168533
-2.1685332
-2.1685334
-2.1685336
-2.1685339
-2.1685341
-2.1685343
-2.1685345
-2.1685348
-2.168535
-2.1685352
-2.1685354
-2.1685357
-2.1685359
-2.1685361
-2.1685363
-2.168536
-2.1685348
-2.1685344
-2.1685347
-2.1685355
-2.1685363
-2.1685368
-2.1685369
-2.1685371
-2.1685375
-2.168538
-2.1685384
-2.1685386
-2.1685389
-2.1685392
-2.1685395
-2.1685398
-2.1685401
-2.1685403
-2.1685406
-2.1685408
-2.168541
-2.1685411
-2.1685413
-2.1685415
-2.1685417
-2.168542
-2.1685422
-2.1685424
-2.1685427
-2.1685429
-2.1685432
-2.1685434
-2.1685437
-2.1685439
-2.1685442
-2.1685444
-2.1685446
-2.1685448
-2.168545
-2.1685452
-2.1685454
-2.1685457
-2.1685459
-2.1685461
-2.1685463
-2.1685466
-2.1685468
-2.168547
-2.1685472
-2.1685474
-2.1685477
-2.1685479
-2.168547
-2.1685455
-2.1685448
-2.168545
-2.1685458
-2.1685469
-2.1685478
-2.1685482
-2.1685482
-2.1685483
-2.1685486
-2.1685491
-2.1685496
-2.1685501
-2.1685504
-2.1685506
-2.1685508
-2.168551
-2.1685513
-2.1685517
-2.1685519
-2.1685522
-2.1685524
-2.1685526
-2.1685528
-2.168553
-2.1685533
-2.1685535
-2.1685538
-2.168554
-2.1685543
-2.1685545
-2.1685547
-2.1685549
-2.1685552
-2.1685554
-2.1685556
-2.1685558
-2.1685559
-2.1685561
-2.1685563
-2.1685566
-2.1685568
-2.168557
-2.1685572
-2.1685574
-2.1685576
-2.1685578
-2.168558
-2.1685583
-2.1685585
-2.1685587
-2.1685589
-2.1685591
-2.1685593
-2.1685595
-2.1685597
-2.16856
-2.1685602
-2.1685604
-2.1685606
-2.1685608
-2.168561
-2.1685612
-2.1685614
-2.1685616
-2.1685618
-2.168562
-2.1685622
-2.1685624
-2.1685626
-2.1685628
-2.168563
-2.1685632
-2.1685634
-2.1685636
-2.1685638
-2.168564
-2.1685642
-2.1685644
-2.1685646
-2.1685649
-2.1685651
-2.1685653
-2.1685655
-2.1685657
-2.1685659
-2.1685661
-2.1685663
-2.1685665
-2.1685667
-2.1685669
-2.1685671
-2.1685673
-2.1685675
-2.1685677
-2.1685679
-2.1685681
-2.1685683
-2.1685685
-2.1685687
-2.1685689
-2.1685691
-2.1685693
-2.1685695
-2.1685697
-2.1685699
-2.1685701
-2.1685703
-2.1685705
-2.1685707
-2.1685709
-2.1685711
-2.1685713
-2.1685715
-2.1685717
-2.1685719
-2.1685721
-2.1685723
-2.1685725
-2.1685727
-2.1685729
-2.1685731
-2.1685733
-2.1685735
-2.1685737
-2.1685739
-2.1685741
-2.1685743
-2.1685745
-2.1685747
-2.1685749
-2.1685751
-2.1685752
-2.1685754
-2.1685756
-2.1685758
-2.168576
-2.1685762
-2.1685764
-2.1685766
-2.1685768
-2.168577
-2.1685772
-2.1685774
-2.1685776
-2.1685778
-2.168578
-2.1685782
-2.1685784
-2.1685786
-2.1685788
-2.168579
-2.1685792
-2.1685793
-2.1685795
-2.1685797
-2.1685799
-2.1685801
-2.1685803
-2.1685805
-2.1685807
-2.1685809
-2.1685811
-2.1685813
-2.1685815
-2.1685817
-2.1685819
-2.1685821
-2.1685822
-2.1685824
-2.1685826
-2.1685828
-2.168583
-2.1685832
-2.1685834
-2.1685836
-2.1685838
-2.168584
-2.1685842
-2.1685844
-2.1685845
-2.1685847
-2.1685849
-2.1685851
-2.1685853
-2.1685855
-2.1685857
-2.1685859
-2.1685861
-2.1685863
-2.1685864
-2.1685866
-2.1685868
-2.168587
-2.1685872
-2.1685874
-2.1685876
-2.1685878
-2.168588
-2.1685881
-2.1685883
-2.1685885
-2.1685887
-2.1685889
-2.1685891
-2.1685893
-2.1685895
-2.1685897
-2.1685898
-2.16859
-2.1685902
-2.1685904
-2.1685906
-2.1685908
-2.168591
-2.1685912
-2.1685913
-2.1685915
-2.1685917
-2.1685919
-2.1685921
-2.1685923
-2.1685925
-2.1685926
-2.1685928
-2.168593
-2.1685932
-2.1685934
-2.1685936
-2.1685938
-2.1685939
-2.1685941
-2.1685943
-2.1685945
-2.1685947
-2.1685949
-2.1685951
-2.1685952
-2.1685954
-2.1685956
-2.1685958
-2.168596
-2.1685962
-2.1685963
-2.1685965
-2.1685967
-2.1685969
-2.1685971
-2.1685973
-2.1685975
-2.1685976
-2.1685978
-2.168598
-2.1685982
-2.1685984
-2.1685985
-2.1685987
-2.1685989
-2.1685991
-2.1685993
-2.1685995
-2.1685996
-2.1685998
-2.1686
-2.1686002
-2.1686004
-2.1686006
-2.1686007
-2.1686009
-2.1686011
-2.1686013
-2.1686015
-2.1686016
-2.1686018
-2.168602
-2.1686022
-2.1686024
-2.1686025
-2.1686027
-2.1686029
-2.1686031
-2.1686033
-2.1686034
-2.1686036
-2.1686038
-2.168604
-2.1686042
-2.1686043
-2.1686045
-2.1686047
-2.1686049
-2.1686051
-2.1686052
-2.1686054
-2.1686056
-2.1686058
-2.1686032
-2.1686009
-2.1685999
-2.1686
-2.168601
-2.1686025
-2.1686038
-2.168604
-2.1686036
-2.1686036
-2.1686039
-2.1686047
-2.1686056
-2.1686064
-2.1686066
-2.1686067
-2.168607
-2.1686074
-2.1686079
-2.1686083
-2.1686085
-2.1686086
-2.1686087
-2.1686089
-2.1686091
-2.1686093
-2.1686095
-2.1686098
-2.16861
-2.1686099
-2.1686066
-2.1686045
-2.1686039
-2.1686048
-2.1686066
-2.1686084
-2.168609
-2.1686087
-2.1686085
-2.1686089
-2.1686096
-2.1686104
-2.1686109
-2.1686113
-2.1686116
-2.168612
-2.1686124
-2.1686129
-2.1686132
-2.1686134
-2.1686134
-2.1686135
-2.1686136
-2.1686137
-2.1686139
-2.168614
-2.1686142
-2.1686144
-2.1686147
-2.1686149
-2.1686152
-2.1686155
-2.1686158
-2.168616
-2.1686163
-2.1686165
-2.1686167
-2.1686168
-2.168617
-2.1686171
-2.1686172
-2.1686174
-2.1686175
-2.1686177
-2.1686179
-2.1686181
-2.1686183
-2.1686185
-2.1686187
-2.1686189
-2.1686191
-2.1686192
-2.1686194
-2.1686196
-2.1686197
-2.1686198
-2.16862
-2.1686201
-2.1686202
-2.1686204
-2.1686205
-2.1686207
-2.1686209
-2.168621
-2.1686212
-2.1686214
-2.1686216
-2.1686218
-2.168622
-2.1686221
-2.1686223
-2.1686225
-2.1686227
-2.1686228
-2.168623
-2.1686232
-2.1686233
-2.1686235
-2.1686237
-2.1686238
-2.168624
-2.1686241
-2.1686243
-2.1686245
-2.1686246
-2.1686248
-2.1686249
-2.1686251
-2.1686253
-2.1686254
-2.1686256
-2.1686257
-2.1686259
-2.168626
-2.1686262
-2.1686263
-2.1686265
-2.1686266
-2.1686268
-2.168627
-2.1686271
-2.1686273
-2.1686274
-2.1686276
-2.1686278
-2.1686279
-2.1686281
-2.1686283
-2.1686284
-2.1686286
-2.1686287
-2.1686289
-2.1686291
-2.1686292
-2.1686294
-2.1686295
-2.1686297
-2.1686298
-2.16863
-2.1686302
-2.1686303
-2.1686305
-2.1686306
-2.1686308
-2.1686309
-2.1686311
-2.1686312
-2.1686314
-2.1686315
-2.1686317
-2.1686318
-2.168632
-2.1686322
-2.1686323
-2.1686325
-2.1686326
-2.1686328
-2.1686329
-2.1686331
-2.1686332
-2.1686334
-2.1686336
-2.1686337
-2.1686339
-2.168634
-2.1686342
-2.1686343
-2.1686345
-2.1686346
-2.1686348
-2.1686349
-2.1686351
-2.1686352
-2.1686354
-2.1686356
-2.1686357
-2.1686359
-2.1686359
-2.1686347
-2.1686342
-2.1686343
-2.1686348
-2.1686354
-2.1686358
-2.168636
-2.1686362
-2.1686365
-2.1686367
-2.168637
-2.1686372
-2.1686374
-2.1686377
-2.1686379
-2.1686381
-2.1686383
-2.1686385
-2.1686386
-2.1686388
-2.1686389
-2.1686391
-2.1686392
-2.1686394
-2.1686395
-2.1686397
-2.1686398
-2.16864
-2.1686402
-2.1686404
-2.1686405
-2.1686407
-2.1686409
-2.168641
-2.1686412
-2.1686413
-2.1686415
-2.1686416
-2.1686414
-2.168641
-2.168641
-2.1686412
-2.1686416
-2.168642
-2.1686424
-2.1686425
-2.1686426
-2.1686427
-2.168643
-2.1686432
-2.1686434
-2.1686436
-2.1686437
-2.1686438
-2.168644
-2.1686441
-2.1686443
-2.1686444
-2.1686446
-2.1686447
-2.1686449
-2.168645
-2.1686452
-2.1686453
-2.1686455
-2.1686456
-2.1686458
-2.1686459
-2.1686461
-2.1686462
-2.1686464
-2.1686466
-2.1686467
-2.1686469
-2.168647
-2.1686472
-2.1686473
-2.1686475
-2.1686476
-2.1686478
-2.1686479
-2.1686481
-2.1686482
-2.1686483
-2.1686485
-2.1686486
-2.1686488
-2.1686489
-2.168649
-2.1686492
-2.1686493
-2.1686495
-2.1686496
-2.1686497
-2.1686499
-2.16865
-2.1686502
-2.1686503
-2.1686504
-2.1686506
-2.1686507
-2.1686509
-2.168651
-2.1686512
-2.1686513
-2.1686514
-2.1686516
-2.1686517
-2.1686519
-2.168652
-2.1686522
-2.1686523
-2.1686525
-2.1686526
-2.1686527
-2.1686529
-2.168653
-2.1686532
-2.1686533
-2.1686534
-2.1686536
-2.1686537
-2.1686539
-2.168654
-2.1686541
-2.1686543
-2.1686544
-2.1686546
-2.1686547
-2.1686548
-2.168655
-2.1686551
-2.1686552
-2.1686554
-2.1686555
-2.1686557
-2.1686558
-2.1686559
-2.1686561
-2.1686562
-2.1686564
-2.1686565
-2.1686566
-2.1686568
-2.1686569
-2.1686571
-2.1686572
-2.1686573
-2.1686575
-2.1686576
-2.1686578
-2.1686579
-2.168658
-2.1686582
-2.1686583
-2.1686584
-2.1686586
-2.1686587
-2.1686589
-2.168659
-2.1686591
-2.1686593
-2.1686594
-2.1686595
-2.1686597
-2.1686598
-2.1686599
-2.1686601
-2.1686602
-2.1686604
-2.1686605
-2.1686606
-2.1686608
-2.1686609
-2.168661
-2.1686612
-2.1686613
-2.1686614
-2.1686616
-2.1686617
-2.1686619
-2.168662
-2.1686621
-2.1686623
-2.1686624
-2.1686625
-2.1686598
-2.1686557
-2.1686533
-2.1686529
-2.1686544
-2.1686569
-2.1686593
-2.1686601
-2.1686596
-2.1686594
-2.1686598
-2.1686607
-2.1686617
-2.1686623
-2.1686625
-2.1686626
-2.1686627
-2.168663
-2.1686634
-2.1686637
-2.1686639
-2.168664
-2.1686641
-2.168662
-2.16866
-2.1686593
-2.1686601
-2.1686617
-2.1686635
-2.1686646
-2.1686645
-2.1686644
-2.1686646
-2.1686651
-2.1686656
-2.168666
-2.168666
-2.168666
-2.1686661
-2.1686664
-2.1686666
-2.168667
-2.1686673
-2.1686674
-2.1686676
-2.1686677
-2.1686678
-2.1686679
-2.168668
-2.1686681
-2.1686682
-2.1686683
-2.1686685
-2.1686686
-2.1686687
-2.1686689
-2.168669
-2.1686692
-2.1686693
-2.1686695
-2.1686696
-2.1686698
-2.1686699
-2.1686701
-2.1686702
-2.1686704
-2.1686703
-2.1686665
-2.1686653
-2.168665
-2.1686657
-2.1686662
-2.1686667
-2.1686675
-2.1686684
-2.1686691
-2.1686695
-2.1686698
-2.16867
-2.1686702
-2.1686706
-2.1686709
-2.1686712
-2.1686715
-2.1686717
-2.1686719
-2.1686722
-2.1686724
-2.1686726
-2.1686727
-2.1686728
-2.1686728
-2.1686729
-2.1686731
-2.1686732
-2.1686734
-2.1686736
-2.1686737
-2.1686739
-2.1686741
-2.1686742
-2.1686744
-2.1686745
-2.1686746
-2.1686748
-2.1686749
-2.168675
-2.1686751
-2.1686752
-2.1686754
-2.1686755
-2.1686756
-2.1686757
-2.1686758
-2.1686759
-2.168676
-2.1686761
-2.1686763
-2.1686764
-2.1686765
-2.1686766
-2.1686767
-2.1686768
-2.168677
-2.1686771
-2.1686772
-2.1686773
-2.1686774
-2.1686776
-2.1686777
-2.1686778
-2.1686779
-2.168678
-2.1686781
-2.1686783
-2.1686784
-2.1686785
-2.1686786
-2.1686787
-2.1686788
-2.1686789
-2.1686791
-2.1686792
-2.1686793
-2.1686794
-2.1686795
-2.1686796
-2.1686797
-2.1686799
-2.16868
-2.1686801
-2.1686802
-2.1686803
-2.1686804
-2.1686805
-2.1686806
-2.1686808
-2.1686809
-2.168681
-2.1686811
-2.1686812
-2.1686813
-2.1686814
-2.1686815
-2.1686817
-2.1686818
-2.1686819
-2.168682
-2.1686821
-2.1686822
-2.1686823
-2.1686824
-2.1686825
-2.1686827
-2.1686828
-2.1686829
-2.168683
-2.1686831
-2.1686832
-2.1686833
-2.1686834
-2.1686835
-2.1686836
-2.1686838
-2.1686839
-2.168684
-2.1686841
-2.1686842
-2.1686843
-2.1686844
-2.1686845
-2.1686846
-2.1686847
-2.1686848
-2.168685
-2.1686851
-2.1686852
-2.1686853
-2.1686854
-2.1686855
-2.1686856
-2.1686857
-2.1686858
-2.1686859
-2.168686
-2.1686861
-2.1686863
-2.1686864
-2.1686865
-2.1686866
-2.1686867
-2.1686868
-2.1686869
-2.168687
-2.1686871
-2.1686872
-2.1686873
-2.1686874
-2.1686875
-2.1686877
-2.1686878
-2.1686879
-2.168688
-2.1686881
-2.1686882
-2.1686883
-2.1686884
-2.1686885
-2.1686886
-2.1686887
-2.1686888
-2.1686889
-2.168689
-2.1686891
-2.1686892
-2.1686894
-2.1686895
-2.1686896
-2.1686897
-2.1686898
-2.1686899
-2.16869
-2.1686901
-2.1686902
-2.1686903
-2.1686904
-2.1686905
-2.1686906
-2.1686907
-2.1686908
-2.1686909
-2.168691
-2.1686911
-2.1686912
-2.1686913
-2.1686915
-2.1686916
-2.1686917
-2.1686918
-2.1686919
-2.168692
-2.1686921
-2.1686922
-2.1686923
-2.1686924
-2.1686925
-2.1686926
-2.1686927
-2.1686928
-2.1686929
-2.168693
-2.1686931
-2.1686932
-2.1686933
-2.1686934
-2.1686935
-2.1686936
-2.1686937
-2.1686938
-2.1686939
-2.168694
-2.1686941
-2.1686942
-2.1686943
-2.1686944
-2.1686946
-2.1686947
-2.1686948
-2.1686949
-2.168695
-2.1686951
-2.1686952
-2.1686953
-2.1686954
-2.1686955
-2.1686956
-2.1686957
-2.1686958
-2.1686959
-2.168696
-2.1686961
-2.1686962
-2.1686963
-2.1686964
-2.1686965
-2.1686966
-2.1686967
-2.1686968
-2.1686969
-2.168697
-2.1686971
-2.1686972
-2.1686973
-2.1686974
-2.1686975
-2.1686976
-2.1686977
-2.1686978
-2.1686979
-2.168698
-2.1686981
-2.1686982
-2.1686983
-2.1686984
-2.1686985
-2.1686986
-2.1686987
-2.1686988
-2.1686989
-2.168699
-2.1686991
-2.1686992
-2.1686993
-2.1686994
-2.1686995
-2.1686996
-2.1686997
-2.1686998
-2.1686999
-2.1687
-2.1687001
-2.1687002
-2.1687003
-2.1687004
-2.1687005
-2.1687006
-2.1687007
-2.1687008
-2.1687009
-2.168701
-2.1687011
-2.1687012
-2.1687013
-2.1687014
-2.1687015
-2.1687016
-2.1687017
-2.1687018
-2.1687018
-2.1687019
-2.168702
-2.1687021
-2.1687022
-2.1687023
-2.1687024
-2.1687025
-2.1687026
-2.1687027
-2.1687028
-2.1687029
-2.168703
-2.1687031
-2.1687032
-2.1687033
-2.1687034
-2.1687035
-2.1687036
-2.1687037
-2.1687038
-2.1687039
-2.168704
-2.1687041
-2.1687042
-2.1687043
-2.1687044
-2.1687045
-2.1687046
-2.1687047
-2.1687048
-2.1687049
-2.1687049
-2.168705
-2.1687051
-2.1687052
-2.1687053
-2.1687054
-2.1687055
-2.1687056
-2.1687057
-2.1687058
-2.1687059
-2.168706
-2.1687061
-2.1687062
-2.1687063
-2.1687064
-2.1687065
-2.1687066
-2.1687067
-2.1687068
-2.1687069
-2.168707
-2.168707
-2.1687071
-2.1687072
-2.1687073
-2.1687074
-2.1687075
-2.1687076
-2.1687077
-2.1687078
-2.1687079
-2.168708
-2.1687081
-2.1687082
-2.1687083
-2.1687084
-2.1687085
-2.1687086
-2.1687087
-2.1687087
-2.1687088
-2.1687089
-2.168709
-2.1687091
-2.1687092
-2.1687093
-2.1687094
-2.1687095
-2.1687096
-2.1687095
-2.1687079
-2.1687078
-2.1687084
-2.168709
-2.1687093
-2.1687094
-2.1687095
-2.1687096
-2.1687098
-2.16871
-2.1687102
-2.1687104
-2.1687105
-2.1687107
-2.1687108
-2.168711
-2.1687111
-2.1687112
-2.1687113
-2.1687113
-2.1687114
-2.1687115
-2.1687116
-2.1687117
-2.1687117
-2.1687118
-2.168712
-2.1687121
-2.1687122
-2.1687123
-2.1687124
-2.1687125
-2.1687126
-2.1687127
-2.1687128
-2.1687129
-2.168713
-2.1687131
-2.1687132
-2.1687132
-2.1687133
-2.1687134
-2.1687135
-2.1687136
-2.1687137
-2.1687138
-2.1687139
-2.168714
-2.1687141
-2.1687142
-2.1687143
-2.1687144
-2.1687145
-2.1687145
-2.1687146
-2.1687147
-2.1687148
-2.1687149
-2.168715
-2.1687151
-2.1687152
-2.1687153
-2.1687153
-2.1687154
-2.1687155
-2.1687156
-2.1687157
-2.1687158
-2.1687159
-2.168716
-2.1687161
-2.1687162
-2.1687163
-2.1687163
-2.1687164
-2.1687165
-2.1687166
-2.1687167
-2.1687168
-2.1687169
-2.168717
-2.168717
-2.1687171
-2.1687172
-2.1687173
-2.1687174
-2.1687175
-2.1687176
-2.1687177
-2.1687178
-2.1687178
-2.1687179
-2.168718
-2.1687181
-2.1687182
-2.1687183
-2.1687184
-2.1687185
-2.1687185
-2.1687186
-2.1687187
-2.1687188
-2.1687189
-2.168719
-2.1687191
-2.1687192
-2.1687192
-2.1687193
-2.1687194
-2.1687195
-2.1687196
-2.1687197
-2.1687188
-2.1687178
-2.1687175
-2.1687176
-2.168718
-2.1687185
-2.1687189
-2.168719
-2.1687191
-2.1687194
-2.1687196
-2.1687199
-2.1687201
-2.1687201
-2.1687202
-2.1687203
-2.1687205
-2.1687207
-2.1687209
-2.168721
-2.1687212
-2.1687213
-2.1687214
-2.1687215
-2.1687215
-2.1687216
-2.1687217
-2.1687217
-2.1687218
-2.1687219
-2.168722
-2.1687221
-2.1687222
-2.1687223
-2.1687224
-2.1687225
-2.1687226
-2.1687227
-2.1687228
-2.1687229
-2.168723
-2.1687231
-2.1687231
-2.1687232
-2.1687233
-2.1687234
-2.1687235
-2.1687236
-2.1687237
-2.1687237
-2.1687238
-2.1687239
-2.168724
-2.1687241
-2.1687242
-2.1687242
-2.1687243
-2.1687244
-2.1687245
-2.1687246
-2.1687246
-2.1687247
-2.1687248
-2.1687249
-2.168725
-2.1687251
-2.1687252
-2.1687252
-2.1687253
-2.1687254
-2.1687255
-2.1687256
-2.1687257
-2.1687258
-2.1687258
-2.1687259
-2.168726
-2.1687261
-2.1687262
-2.1687263
-2.1687263
-2.1687264
-2.1687265
-2.1687266
-2.1687267
-2.1687267
-2.1687268
-2.1687269
-2.168727
-2.1687271
-2.1687272
-2.1687272
-2.1687273
-2.1687274
-2.1687275
-2.1687276
-2.1687276
-2.1687277
-2.1687278
-2.1687279
-2.168728
-2.168728
-2.1687281
-2.1687282
-2.1687283
-2.1687284
-2.1687285
-2.1687285
-2.1687286
-2.1687287
-2.168728
-2.1687273
-2.168727
-2.1687272
-2.1687277
-2.1687281
-2.1687283
-2.1687284
-2.1687286
-2.1687288
-2.168729
-2.1687291
-2.1687292
-2.1687293
-2.1687295
-2.1687296
-2.1687298
-2.1687299
-2.16873
-2.1687301
-2.1687302
-2.1687303
-2.1687304
-2.1687304
-2.1687305
-2.1687306
-2.1687307
-2.1687308
-2.1687309
-2.168731
-2.1687311
-2.1687311
-2.1687312
-2.1687313
-2.1687314
-2.1687315
-2.1687315
-2.1687316
-2.1687317
-2.1687317
-2.1687318
-2.1687319
-2.168732
-2.168732
-2.1687321
-2.1687322
-2.1687323
-2.1687324
-2.1687325
-2.1687325
-2.1687326
-2.1687327
-2.1687328
-2.1687329
-2.168733
-2.168733
-2.1687331
-2.1687332
-2.1687333
-2.1687333
-2.1687334
-2.1687335
-2.1687336
-2.1687337
-2.1687337
-2.1687338
-2.1687339
-2.168734
-2.168734
-2.1687341
-2.1687342
-2.1687343
-2.1687343
-2.1687344
-2.1687345
-2.1687346
-2.1687346
-2.1687347
-2.1687348
-2.1687349
-2.1687349
-2.168735
-2.1687351
-2.1687352
-2.1687352
-2.1687353
-2.1687354
-2.1687355
-2.1687356
-2.1687356
-2.1687357
-2.1687358
-2.1687359
-2.1687359
-2.168736
-2.1687361
-2.1687362
-2.1687362
-2.1687363
-2.1687364
-2.1687365
-2.1687365
-2.1687366
-2.1687367
-2.1687368
-2.1687368
-2.1687369
-2.168737
-2.1687371
-2.1687371
-2.1687372
-2.1687373
-2.1687374
-2.1687374
-2.1687375
-2.1687376
-2.1687377
-2.1687377
-2.1687378
-2.1687379
-2.168738
-2.168738
-2.1687379
-2.1687359
-2.1687357
-2.1687364
-2.1687371
-2.1687375
-2.1687376
-2.1687377
-2.1687378
-2.168738
-2.1687382
-2.1687384
-2.1687385
-2.1687387
-2.1687388
-2.1687389
-2.1687391
-2.1687391
-2.1687392
-2.1687393
-2.1687393
-2.1687394
-2.1687394
-2.1687395
-2.1687395
-2.1687396
-2.1687397
-2.1687398
-2.1687399
-2.16874
-2.1687401
-2.1687402
-2.1687403
-2.1687404
-2.1687405
-2.1687405
-2.1687406
-2.1687407
-2.1687407
-2.1687408
-2.1687409
-2.1687409
-2.168741
-2.1687411
-2.1687411
-2.1687412
-2.1687413
-2.1687414
-2.1687415
-2.1687415
-2.1687416
-2.1687417
-2.1687418
-2.1687418
-2.1687419
-2.168742
-2.168742
-2.1687421
-2.1687422
-2.1687422
-2.1687415
-2.1687402
-2.16874
-2.1687404
-2.1687408
-2.1687412
-2.1687415
-2.1687418
-2.1687419
-2.1687419
-2.168742
-2.1687422
-2.1687424
-2.1687426
-2.1687428
-2.1687429
-2.168743
-2.1687431
-2.1687432
-2.1687433
-2.1687434
-2.1687435
-2.1687435
-2.1687436
-2.1687437
-2.1687437
-2.1687438
-2.1687439
-2.168744
-2.1687441
-2.1687442
-2.1687443
-2.1687444
-2.1687445
-2.1687446
-2.1687446
-2.1687447
-2.1687447
-2.1687448
-2.1687449
-2.1687449
-2.168745
-2.168745
-2.1687451
-2.1687452
-2.1687452
-2.1687453
-2.1687454
-2.1687455
-2.1687455
-2.1687456
-2.1687457
-2.1687458
-2.1687459
-2.1687459
-2.168746
-2.1687461
-2.1687461
-2.1687462
-2.1687463
-2.1687463
-2.1687464
-2.1687465
-2.1687465
-2.1687466
-2.1687467
-2.1687468
-2.1687468
-2.1687469
-2.168747
-2.168747
-2.1687471
-2.1687472
-2.1687472
-2.1687473
-2.1687473
-2.1687474
-2.1687475
-2.1687475
-2.1687476
-2.1687477
-2.1687477
-2.1687478
-2.1687479
-2.1687479
-2.168748
-2.1687481
-2.1687468
-2.1687443
-2.1687427
-2.1687423
-2.1687429
-2.1687443
-2.1687457
-2.1687462
-2.1687459
-2.1687455
-2.1687456
-2.1687462
-2.1687468
-2.1687473
-2.1687476
-2.1687476
-2.1687478
-2.168748
-2.1687483
-2.1687486
-2.1687487
-2.1687487
-2.1687487
-2.1687487
-2.1687488
-2.1687488
-2.1687489
-2.1687491
-2.1687492
-2.1687493
-2.1687494
-2.1687496
-2.1687497
-2.1687498
-2.16875
-2.1687501
-2.1687502
-2.1687502
-2.1687503
-2.1687503
-2.1687503
-2.1687504
-2.1687504
-2.1687505
-2.1687506
-2.1687506
-2.1687507
-2.1687508
-2.1687509
-2.168751
-2.1687511
-2.1687512
-2.1687513
-2.1687514
-2.1687514
-2.1687514
-2.1687515
-2.1687515
-2.1687516
-2.1687516
-2.1687517
-2.1687517
-2.1687518
-2.1687519
-2.1687519
-2.168752
-2.1687521
-2.1687522
-2.1687522
-2.1687523
-2.1687524
-2.1687525
-2.1687525
-2.1687526
-2.1687527
-2.1687527
-2.1687528
-2.1687529
-2.1687529
-2.168753
-2.168753
-2.1687531
-2.1687532
-2.1687532
-2.1687533
-2.1687534
-2.1687534
-2.1687535
-2.1687535
-2.1687536
-2.1687537
-2.1687537
-2.1687538
-2.1687538
-2.1687539
-2.1687539
-2.168754
-2.1687541
-2.1687541
-2.1687542
-2.1687542
-2.1687543
-2.1687544
-2.1687544
-2.1687545
-2.1687546
-2.1687546
-2.1687547
-2.1687547
-2.1687548
-2.1687549
-2.1687549
-2.168755
-2.1687551
-2.1687551
-2.1687552
-2.1687552
-2.1687553
-2.1687554
-2.1687554
-2.1687555
-2.1687555
-2.1687556
-2.1687557
-2.1687557
-2.1687558
-2.1687558
-2.1687559
-2.1687559
-2.168756
-2.1687561
-2.1687561
-2.1687562
-2.1687562
-2.1687563
-2.1687564
-2.1687564
-2.1687565
-2.1687565
-2.1687566
-2.1687567
-2.1687567
-2.1687568
-2.1687568
-2.1687569
-2.168757
-2.168757
-2.1687571
-2.1687571
-2.1687572
-2.1687572
-2.1687573
-2.1687574
-2.1687574
-2.1687575
-2.1687575
-2.1687576
-2.1687577
-2.1687577
-2.1687578
-2.1687578
-2.1687579
-2.1687579
-2.168758
-2.1687581
-2.1687581
-2.1687582
-2.1687582
-2.1687583
-2.1687584
-2.1687584
-2.1687585
-2.1687585
-2.1687586
-2.1687586
-2.1687587
-2.1687588
-2.1687588
-2.1687589
-2.1687589
-2.168759
-2.168759
-2.1687591
-2.1687592
-2.1687592
-2.1687593
-2.1687593
-2.1687594
-2.1687594
-2.1687595
-2.1687596
-2.1687596
-2.1687597
-2.1687597
-2.1687598
-2.1687598
-2.1687599
-2.16876
-2.16876
-2.1687601
-2.1687601
-2.1687602
-2.1687602
-2.1687603
-2.1687604
-2.1687604
-2.1687605
-2.1687605
-2.1687606
-2.1687606
-2.1687607
-2.1687608
-2.1687608
-2.1687609
-2.1687609
-2.168761
-2.168761
-2.1687611
-2.1687611
-2.1687612
-2.1687613
-2.1687613
-2.1687614
-2.1687614
-2.1687615
-2.1687615
-2.1687616
-2.1687616
-2.1687617
-2.1687618
-2.1687618
-2.1687619
-2.1687619
-2.168762
-2.168762
-2.1687621
-2.1687622
-2.1687622
-2.1687623
-2.1687623
-2.1687624
-2.1687624
-2.1687625
-2.1687625
-2.1687626
-2.1687627
-2.1687627
-2.1687628
-2.1687628
-2.1687629
-2.1687629
-2.168763
-2.168763
-2.1687631
-2.1687631
-2.1687632
-2.1687633
-2.1687633
-2.1687634
-2.1687634
-2.1687635
-2.1687635
-2.1687636
-2.1687636
-2.1687637
-2.1687638
-2.1687638
-2.1687639
-2.1687639
-2.168764
-2.168764
-2.1687641
-2.1687641
-2.1687642
-2.1687642
-2.1687643
-2.1687644
-2.1687644
-2.1687645
-2.1687645
-2.1687646
-2.1687646
-2.1687647
-2.1687647
-2.1687648
-2.1687648
-2.1687649
-2.1687649
-2.168765
-2.1687651
-2.1687651
-2.1687652
-2.1687652
-2.1687653
-2.1687653
-2.1687654
-2.1687654
-2.1687655
-2.1687655
-2.1687656
-2.1687656
-2.1687657
-2.1687658
-2.1687658
-2.1687659
-2.1687659
-2.168766
-2.168766
-2.1687661
-2.1687661
-2.1687662
-2.1687662
-2.1687663
-2.1687663
-2.1687664
-2.1687665
-2.1687665
-2.1687666
-2.1687666
-2.1687667
-2.1687667
-2.1687668
-2.1687668
-2.1687669
-2.1687669
-2.168767
-2.168767
-2.1687671
-2.1687671
-2.1687672
-2.1687672
-2.1687673
-2.1687674
-2.1687674
-2.1687675
-2.1687675
-2.1687676
-2.1687676
-2.1687677
-2.1687677
-2.1687678
-2.1687678
-2.1687679
-2.1687679
-2.168768
-2.168768
-2.1687681
-2.1687681
-2.1687682
-2.1687682
-2.1687683
-2.1687683
-2.1687684
-2.1687685
-2.1687685
-2.1687686
-2.1687686
-2.1687687
-2.1687687
-2.1687688
-2.1687688
-2.1687689
-2.1687689
-2.168769
-2.168769
-2.1687691
-2.1687691
-2.1687692
-2.1687692
-2.1687693
-2.1687693
-2.1687694
-2.1687694
-2.1687695
-2.1687695
-2.1687696
-2.1687696
-2.1687697
-2.1687698
-2.1687698
-2.1687699
-2.1687699
-2.16877
-2.16877
-2.1687701
-2.1687701
-2.1687702
-2.1687702
-2.1687703
-2.1687703
-2.1687704
-2.1687704
-2.1687705
-2.1687705
-2.1687706
-2.1687706
-2.1687707
-2.1687707
-2.1687708
-2.1687708
-2.1687709
-2.1687709
-2.168771
-2.168771
-2.1687711
-2.1687711
-2.1687712
-2.1687712
-2.1687713
-2.1687713
-2.1687714
-2.1687714
-2.1687715
-2.1687715
-2.1687716
-2.1687716
-2.1687717
-2.1687717
-2.1687718
-2.1687718
-2.1687719
-2.1687719
-2.168772
-2.168772
-2.1687721
-2.1687721
-2.1687722
-2.1687722
-2.1687723
-2.1687723
-2.1687724
-2.1687724
-2.1687725
-2.1687725
-2.1687726
-2.1687726
-2.1687727
-2.1687727
-2.1687728
-2.1687728
-2.1687729
-2.1687729
-2.168773
-2.168773
-2.1687731
-2.1687731
-2.1687732
-2.1687732
-2.1687733
-2.1687733
-2.1687734
-2.1687734
-2.1687735
-2.1687735
-2.1687736
-2.1687736
-2.1687737
-2.1687737
-2.1687738
-2.1687738
-2.1687739
-2.1687739
-2.168774
-2.168774
-2.1687741
-2.1687741
-2.1687742
-2.1687742
-2.1687743
-2.1687743
-2.1687744
-2.1687744
-2.1687745
-2.1687745
-2.1687746
-2.1687746
-2.1687747
-2.1687747
-2.1687748
-2.1687748
-2.1687749
-2.1687749
-2.168775
-2.168775
-2.1687751
-2.1687751
-2.1687752
-2.1687752
-2.1687753
-2.1687753
-2.1687754
-2.1687754
-2.1687755
-2.1687755
-2.1687756
-2.1687756
-2.1687757
-2.1687757
-2.1687757
-2.1687758
-2.1687758
-2.1687759
-2.1687759
-2.168776
-2.168776
-2.1687761
-2.1687761
-2.1687762
-2.1687762
-2.1687763
-2.1687763
-2.1687764
-2.1687764
-2.1687765
-2.1687765
-2.1687766
-2.1687766
-2.1687767
-2.1687767
-2.1687768
-2.1687768
-2.1687769
-2.1687769
-2.168777
-2.168777
-2.168777
-2.1687771
-2.1687771
-2.1687772
-2.1687772
-2.1687773
-2.1687773
-2.1687774
-2.1687774
-2.1687775
-2.1687775
-2.1687776
-2.1687776
-2.1687777
-2.1687777
-2.1687778
-2.1687778
-2.1687779
-2.1687779
-2.168778
-2.168778
-2.168778
-2.1687781
-2.1687781
-2.1687782
-2.1687782
-2.1687783
-2.1687783
-2.1687784
-2.1687784
-2.1687785
-2.1687785
-2.1687786
-2.1687786
-2.1687787
-2.1687787
-2.1687788
-2.1687788
-2.1687788
-2.1687789
-2.1687789
-2.168779
-2.168779
-2.1687791
-2.1687791
-2.1687792
-2.1687792
-2.1687793
-2.1687793
-2.1687794
-2.1687794
-2.1687795
-2.1687795
-2.1687796
-2.1687796
-2.1687796
-2.1687787
-2.1687775
-2.1687772
-2.1687776
-2.1687783
-2.1687787
-2.1687787
-2.1687787
-2.1687787
-2.1687789
-2.1687791
-2.1687794
-2.1687795
-2.1687797
-2.1687798
-2.1687799
-2.16878
-2.1687801
-2.1687802
-2.1687803
-2.1687803
-2.1687804
-2.1687804
-2.1687804
-2.1687805
-2.1687805
-2.1687806
-2.1687806
-2.1687807
-2.1687807
-2.1687808
-2.1687809
-2.168781
-2.1687811
-2.1687811
-2.1687812
-2.1687812
-2.1687813
-2.1687813
-2.1687813
-2.1687813
-2.1687814
-2.1687814
-2.1687815
-2.1687815
-2.1687816
-2.1687816
-2.1687817
-2.1687817
-2.1687818
-2.1687819
-2.1687819
-2.168782
-2.168782
-2.1687821
-2.1687821
-2.1687821
-2.1687822
-2.1687822
-2.1687823
-2.1687823
-2.1687823
-2.1687824
-2.1687824
-2.1687825
-2.1687825
-2.1687826
-2.1687826
-2.1687827
-2.1687827
-2.1687828
-2.1687828
-2.1687829
-2.1687829
-2.168783
-2.168783
-2.168783
-2.1687831
-2.1687831
-2.1687832
-2.1687832
-2.1687833
-2.1687833
-2.1687834
-2.1687834
-2.1687834
-2.1687835
-2.1687835
-2.1687836
-2.1687836
-2.1687837
-2.1687837
-2.1687838
-2.1687838
-2.1687838
-2.1687839
-2.1687839
-2.168784
-2.168784
-2.1687841
-2.1687841
-2.1687841
-2.1687842
-2.1687842
-2.1687843
-2.1687843
-2.1687844
-2.1687844
-2.1687844
-2.1687845
-2.1687845
-2.1687846
-2.1687846
-2.1687847
-2.1687847
-2.1687847
-2.1687848
-2.1687848
-2.1687849
-2.1687849
-2.168785
-2.168785
-2.168785
-2.1687851
-2.1687851
-2.1687852
-2.1687852
-2.1687853
-2.1687853
-2.1687853
-2.1687854
-2.1687854
-2.1687855
-2.1687855
-2.1687856
-2.1687856
-2.1687856
-2.1687857
-2.1687857
-2.1687858
-2.1687858
-2.1687859
-2.1687859
-2.1687859
-2.168786
-2.168786
-2.1687861
-2.1687861
-2.1687861
-2.1687862
-2.1687862
-2.1687863
-2.1687863
-2.1687864
-2.1687864
-2.1687864
-2.1687865
-2.1687865
-2.1687866
-2.1687866
-2.1687867
-2.1687867
-2.1687867
-2.1687868
-2.1687868
-2.1687869
-2.1687869
-2.1687869
-2.168787
-2.168787
-2.1687871
-2.1687871
-2.1687872
-2.1687872
-2.1687872
-2.1687873
-2.1687873
-2.1687874
-2.1687874
-2.1687874
-2.1687875
-2.1687875
-2.1687876
-2.1687876
-2.1687877
-2.1687877
-2.1687877
-2.1687878
-2.1687878
-2.1687879
-2.1687879
-2.1687879
-2.168788
-2.168788
-2.1687881
-2.1687881
-2.1687881
-2.1687882
-2.1687882
-2.1687883
-2.1687883
-2.1687884
-2.1687884
-2.1687884
-2.1687885
-2.1687885
-2.1687886
-2.1687886
-2.1687886
-2.1687887
-2.1687887
-2.1687888
-2.1687888
-2.1687888
-2.1687889
-2.1687889
-2.168789
-2.168789
-2.168789
-2.1687891
-2.1687891
-2.1687892
-2.1687892
-2.1687893
-2.1687893
-2.1687893
-2.1687894
-2.1687894
-2.1687895
-2.1687895
-2.1687895
-2.1687896
-2.1687896
-2.1687897
-2.1687897
-2.1687897
-2.1687898
-2.1687898
-2.1687899
-2.1687899
-2.1687899
-2.16879
-2.16879
-2.1687901
-2.1687901
-2.1687901
-2.1687902
-2.1687902
-2.1687903
-2.1687903
-2.1687903
-2.1687904
-2.1687904
-2.1687905
-2.1687905
-2.1687905
-2.1687906
-2.1687906
-2.1687907
-2.1687907
-2.168789
-2.1687881
-2.1687884
-2.1687882
-2.1687875
-2.1687875
-2.168788
-2.1687887
-2.1687892
-2.1687894
-2.1687896
-2.1687897
-2.1687899
-2.16879
-2.1687903
-2.1687905
-2.1687907
-2.1687908
-2.1687909
-2.1687909
-2.168791
-2.1687911
-2.1687912
-2.1687912
-2.1687913
-2.1687913
-2.1687913
-2.1687914
-2.1687914
-2.1687915
-2.1687915
-2.1687916
-2.1687917
-2.1687917
-2.1687918
-2.1687919
-2.1687919
-2.168792
-2.168792
-2.168792
-2.1687921
-2.1687921
-2.1687921
-2.1687921
-2.1687922
-2.1687922
-2.1687922
-2.1687923
-2.1687923
-2.1687924
-2.1687924
-2.1687925
-2.1687925
-2.1687926
-2.1687926
-2.1687927
-2.1687927
-2.1687928
-2.1687928
-2.1687928
-2.1687929
-2.1687929
-2.168793
-2.168793
-2.168793
-2.1687931
-2.1687931
-2.1687931
-2.1687932
-2.1687932
-2.1687933
-2.1687933
-2.1687933
-2.1687934
-2.1687934
-2.1687935
-2.1687935
-2.1687935
-2.1687936
-2.1687936
-2.1687936
-2.1687937
-2.1687937
-2.1687937
-2.1687938
-2.1687938
-2.1687939
-2.1687939
-2.1687939
-2.168794
-2.168794
-2.168794
-2.1687941
-2.1687941
-2.1687942
-2.1687942
-2.1687942
-2.1687943
-2.1687943
-2.1687944
-2.1687944
-2.1687944
-2.1687945
-2.1687945
-2.1687945
-2.1687946
-2.1687946
-2.1687946
-2.1687947
-2.1687947
-2.1687948
-2.1687948
-2.1687948
-2.1687949
-2.1687949
-2.1687949
-2.168795
-2.168795
-2.168795
-2.1687951
-2.1687951
-2.1687952
-2.1687952
-2.1687952
-2.1687953
-2.1687953
-2.1687953
-2.1687954
-2.1687954
-2.1687955
-2.1687955
-2.1687955
-2.1687956
-2.1687956
-2.1687956
-2.1687957
-2.1687957
-2.1687957
-2.1687958
-2.1687958
-2.1687959
-2.1687959
-2.1687959
-2.168796
-2.168796
-2.168796
-2.1687961
-2.1687961
-2.1687961
-2.1687962
-2.1687962
-2.1687962
-2.1687963
-2.1687963
-2.1687964
-2.1687964
-2.1687964
-2.1687965
-2.1687965
-2.1687965
-2.1687966
-2.1687966
-2.1687966
-2.1687967
-2.1687967
-2.1687967
-2.1687968
-2.1687968
-2.1687969
-2.1687969
-2.1687969
-2.168797
-2.168797
-2.168797
-2.1687971
-2.1687971
-2.1687971
-2.1687972
-2.1687972
-2.1687972
-2.1687973
-2.1687973
-2.1687973
-2.1687974
-2.1687974
-2.1687975
-2.1687975
-2.1687975
-2.1687976
-2.1687976
-2.1687976
-2.1687977
-2.1687977
-2.1687977
-2.1687978
-2.1687978
-2.1687978
-2.1687979
-2.1687979
-2.1687979
-2.168798
-2.168798
-2.168798
-2.1687981
-2.1687981
-2.1687982
-2.1687982
-2.1687982
-2.1687983
-2.1687983
-2.1687983
-2.1687984
-2.1687984
-2.1687984
-2.1687985
-2.1687985
-2.1687985
-2.1687986
-2.1687986
-2.1687986
-2.1687987
-2.1687987
-2.1687987
-2.1687988
-2.1687988
-2.1687988
-2.1687989
-2.1687989
-2.1687989
-2.168799
-2.168799
-2.168799
-2.1687991
-2.1687991
-2.1687992
-2.1687992
-2.1687992
-2.1687993
-2.1687993
-2.1687993
-2.1687994
-2.1687994
-2.1687994
-2.1687995
-2.1687995
-2.1687995
-2.1687996
-2.1687996
-2.1687996
-2.1687997
-2.1687997
-2.1687997
-2.1687998
-2.1687998
-2.1687998
-2.1687999
-2.1687999
-2.1687999
-2.1688
-2.1688
-2.1688
-2.1688001
-2.1688001
-2.1688001
-2.1688002
-2.1688002
-2.1688002
-2.1688003
-2.1688003
-2.1688003
-2.1688004
-2.1688004
-2.1688004
-2.1688005
-2.1688005
-2.1688005
-2.1688006
-2.1688006
-2.1688006
-2.1688007
-2.1688007
-2.1688007
-2.1688008
-2.1688008
-2.1688008
-2.1688009
-2.1688009
-2.1688009
-2.168801
-2.168801
-2.168801
-2.1688011
-2.1688011
-2.1688011
-2.1688012
-2.1688012
-2.1688012
-2.1688013
-2.1688013
-2.1688013
-2.1688014
-2.1688014
-2.1688014
-2.1688015
-2.1688015
-2.1688015
-2.1688016
-2.1688016
-2.1688016
-2.1688017
-2.1688017
-2.1688017
-2.1688017
-2.1688006
-2.1688001
-2.1688001
-2.1688005
-2.1688009
-2.1688011
-2.1688012
-2.1688012
-2.1688013
-2.1688014
-2.1688016
-2.1688017
-2.1688018
-2.1688018
-2.1688019
-2.1688019
-2.168802
-2.1688021
-2.1688021
-2.1688022
-2.1688022
-2.1688023
-2.1688023
-2.1688023
-2.1688023
-2.1688024
-2.1688024
-2.1688025
-2.1688025
-2.1688026
-2.1688026
-2.1688027
-2.1688027
-2.1688028
-2.1688028
-2.1688028
-2.1688029
-2.1688029
-2.1688029
-2.1688029
-2.1688029
-2.168803
-2.168803
-2.168803
-2.1688031
-2.1688031
-2.1688031
-2.1688032
-2.1688032
-2.1688033
-2.1688033
-2.1688033
-2.1688034
-2.1688034
-2.1688034
-2.1688035
-2.1688035
-2.1688035
-2.1688036
-2.1688036
-2.1688036
-2.1688037
-2.1688037
-2.1688037
-2.1688038
-2.1688038
-2.1688038
-2.1688039
-2.1688039
-2.1688039
-2.1688038
-2.1688037
-2.1688037
-2.1688036
-2.1688036
-2.1688037
-2.1688038
-2.1688039
-2.168804
-2.1688041
-2.1688042
-2.1688042
-2.1688042
-2.1688043
-2.1688043
-2.1688043
-2.1688044
-2.1688044
-2.1688044
-2.1688045
-2.1688045
-2.1688045
-2.1688046
-2.1688046
-2.1688046
-2.1688047
-2.1688047
-2.1688047
-2.1688048
-2.1688048
-2.1688048
-2.1688049
-2.1688049
-2.1688049
-2.168805
-2.168805
-2.168805
-2.1688051
-2.1688051
-2.1688051
-2.1688052
-2.1688052
-2.1688052
-2.1688053
-2.1688053
-2.1688053
-2.1688054
-2.1688054
-2.1688054
-2.1688054
-2.1688055
-2.1688055
-2.1688055
-2.1688056
-2.1688056
-2.1688056
-2.1688057
-2.1688057
-2.1688057
-2.1688057
-2.1688058
-2.1688058
-2.1688058
-2.1688059
-2.1688059
-2.1688059
-2.168806
-2.168806
-2.168806
-2.168806
-2.1688061
-2.1688061
-2.1688061
-2.1688062
-2.1688062
-2.1688062
-2.1688063
-2.1688063
-2.1688063
-2.1688063
-2.1688064
-2.1688064
-2.1688064
-2.1688065
-2.1688065
-2.1688065
-2.1688066
-2.1688066
-2.1688066
-2.1688066
-2.1688067
-2.1688067
-2.1688067
-2.1688068
-2.1688068
-2.1688068
-2.1688069
-2.1688069
-2.1688069
-2.1688069
-2.168807
-2.168807
-2.168807
-2.1688071
-2.1688071
-2.1688071
-2.1688071
-2.1688072
-2.1688072
-2.1688072
-2.1688073
-2.1688073
-2.1688073
-2.1688074
-2.1688074
-2.1688074
-2.1688074
-2.1688075
-2.1688075
-2.1688075
-2.1688076
-2.1688076
-2.1688076
-2.1688076
-2.1688077
-2.1688077
-2.1688077
-2.1688078
-2.1688078
-2.1688078
-2.1688078
-2.1688079
-2.1688079
-2.1688079
-2.168808
-2.168808
-2.168808
-2.1688081
-2.1688081
-2.1688081
-2.1688081
-2.1688082
-2.1688082
-2.1688082
-2.1688083
-2.1688083
-2.1688083
-2.1688083
-2.1688084
-2.1688084
-2.1688084
-2.1688085
-2.1688085
-2.1688085
-2.1688085
-2.1688086
-2.1688086
-2.1688086
-2.1688087
-2.1688087
-2.1688087
-2.1688087
-2.1688088
-2.1688088
-2.1688088
-2.1688089
-2.1688089
-2.1688089
-2.1688089
-2.168809
-2.168809
-2.168809
-2.1688091
-2.1688091
-2.1688091
-2.1688091
-2.1688092
-2.1688092
-2.1688092
-2.1688093
-2.1688093
-2.1688093
-2.1688093
-2.1688094
-2.1688094
-2.1688094
-2.1688094
-2.1688095
-2.1688095
-2.1688095
-2.1688096
-2.1688096
-2.1688096
-2.1688091
-2.1688088
-2.1688089
-2.1688091
-2.1688092
-2.1688094
-2.1688094
-2.1688095
-2.1688095
-2.1688095
-2.1688096
-2.1688096
-2.1688097
-2.1688098
-2.1688098
-2.1688099
-2.1688099
-2.16881
-2.16881
-2.16881
-2.1688101
-2.1688101
-2.1688101
-2.1688101
-2.1688102
-2.1688102
-2.1688102
-2.1688103
-2.1688103
-2.1688103
-2.1688104
-2.1688104
-2.1688104
-2.1688105
-2.1688105
-2.1688106
-2.1688106
-2.1688106
-2.1688106
-2.1688107
-2.1688107
-2.1688107
-2.1688107
-2.1688108
-2.1688108
-2.1688108
-2.1688109
-2.1688109
-2.1688109
-2.1688109
-2.168811
-2.168811
-2.168811
-2.1688111
-2.1688111
-2.1688111
-2.1688111
-2.1688112
-2.1688112
-2.1688112
-2.1688112
-2.1688113
-2.1688113
-2.1688113
-2.1688113
-2.1688114
-2.1688114
-2.1688114
-2.1688115
-2.1688115
-2.1688115
-2.1688116
-2.1688116
-2.1688116
-2.1688116
-2.1688117
-2.1688117
-2.1688117
-2.1688117
-2.1688118
-2.1688118
-2.1688118
-2.1688118
-2.1688119
-2.1688119
-2.1688119
-2.168812
-2.168812
-2.168812
-2.168812
-2.1688121
-2.1688121
-2.1688121
-2.1688121
-2.1688122
-2.1688122
-2.1688122
-2.1688122
-2.1688123
-2.1688123
-2.1688116
-2.1688112
-2.1688111
-2.1688113
-2.1688115
-2.1688117
-2.1688119
-2.1688119
-2.1688119
-2.1688119
-2.168812
-2.1688121
-2.1688122
-2.1688124
-2.1688125
-2.1688125
-2.1688125
-2.1688126
-2.1688126
-2.1688127
-2.1688127
-2.1688128
-2.1688128
-2.1688128
-2.1688128
-2.1688128
-2.1688129
-2.1688129
-2.168813
-2.168813
-2.168813
-2.1688131
-2.1688131
-2.1688131
-2.1688132
-2.1688132
-2.1688132
-2.1688132
-2.1688133
-2.1688133
-2.1688133
-2.1688133
-2.1688134
-2.1688134
-2.1688134
-2.1688134
-2.1688135
-2.1688135
-2.1688135
-2.1688136
-2.1688136
-2.1688136
-2.1688136
-2.1688137
-2.1688137
-2.1688137
-2.1688137
-2.1688138
-2.1688138
-2.1688138
-2.1688138
-2.1688139
-2.1688139
-2.1688139
-2.1688139
-2.168814
-2.168814
-2.168814
-2.1688141
-2.1688141
-2.1688141
-2.1688141
-2.1688142
-2.1688142
-2.1688142
-2.1688142
-2.1688143
-2.1688143
-2.1688143
-2.1688143
-2.1688144
-2.1688144
-2.1688144
-2.1688144
-2.1688145
-2.1688145
-2.1688145
-2.1688145
-2.1688146
-2.1688146
-2.1688146
-2.1688146
-2.1688147
-2.1688147
-2.1688147
-2.1688147
-2.1688148
-2.1688148
-2.1688148
-2.1688148
-2.1688149
-2.1688149
-2.1688149
-2.1688149
-2.168815
-2.168815
-2.168815
-2.168815
-2.1688151
-2.1688151
-2.1688151
-2.1688151
-2.1688152
-2.1688152
-2.1688152
-2.1688152
-2.1688153
-2.1688153
-2.1688153
-2.1688153
-2.1688154
-2.1688154
-2.1688154
-2.1688154
-2.1688155
-2.1688155
-2.1688155
-2.1688155
-2.1688156
-2.1688156
-2.1688156
-2.1688156
-2.1688157
-2.1688152
-2.168814
-2.1688135
-2.1688137
-2.1688142
-2.1688146
-2.1688146
-2.1688146
-2.1688147
-2.1688148
-2.1688149
-2.1688151
-2.1688152
-2.1688154
-2.1688155
-2.1688156
-2.1688156
-2.1688157
-2.1688158
-2.1688158
-2.1688159
-2.1688159
-2.1688159
-2.1688159
-2.1688159
-2.1688159
-2.1688159
-2.1688159
-2.168816
-2.168816
-2.1688161
-2.1688161
-2.1688162
-2.1688163
-2.1688163
-2.1688164
-2.1688164
-2.1688164
-2.1688164
-2.1688164
-2.1688164
-2.1688164
-2.1688165
-2.1688165
-2.1688165
-2.1688165
-2.1688166
-2.1688166
-2.1688166
-2.1688167
-2.1688167
-2.1688168
-2.1688168
-2.1688168
-2.1688168
-2.1688169
-2.1688169
-2.1688169
-2.1688169
-2.1688166
-2.168816
-2.168816
-2.1688162
-2.1688164
-2.1688165
-2.1688166
-2.1688167
-2.1688167
-2.1688167
-2.1688167
-2.1688168
-2.1688169
-2.168817
-2.168817
-2.1688171
-2.1688171
-2.1688171
-2.1688172
-2.1688172
-2.1688172
-2.1688173
-2.1688173
-2.1688173
-2.1688173
-2.1688174
-2.1688174
-2.1688174
-2.1688175
-2.1688175
-2.1688176
-2.1688176
-2.1688176
-2.1688177
-2.1688177
-2.1688177
-2.1688177
-2.1688177
-2.1688178
-2.1688178
-2.1688178
-2.1688178
-2.1688178
-2.1688179
-2.1688179
-2.1688179
-2.168818
-2.168818
-2.168818
-2.168818
-2.1688181
-2.1688181
-2.1688181
-2.1688181
-2.1688182
-2.1688182
-2.1688182
-2.1688182
-2.1688182
-2.1688183
-2.1688183
-2.1688183
-2.1688183
-2.1688184
-2.1688184
-2.1688184
-2.1688184
-2.1688185
-2.1688185
-2.1688185
-2.1688185
-2.1688185
-2.1688186
-2.1688186
-2.1688186
-2.1688186
-2.1688187
-2.1688187
-2.1688187
-2.1688187
-2.1688187
-2.1688188
-2.1688188
-2.1688188
-2.1688188
-2.1688189
-2.1688189
-2.1688189
-2.1688189
-2.1688189
-2.168819
-2.168819
-2.168819
-2.168819
-2.1688191
-2.1688191
-2.1688191
-2.1688191
-2.1688191
-2.1688192
-2.1688192
-2.1688192
-2.1688192
-2.1688192
-2.1688193
-2.1688193
-2.1688193
-2.1688193
-2.1688194
-2.1688194
-2.1688194
-2.1688194
-2.1688194
-2.1688195
-2.1688195
-2.1688195
-2.1688195
-2.1688195
-2.1688196
-2.1688196
-2.1688196
-2.1688196
-2.1688197
-2.1688197
-2.1688197
-2.1688197
-2.1688197
-2.1688198
-2.1688198
-2.1688198
-2.1688198
-2.1688198
-2.1688199
-2.1688199
-2.1688199
-2.1688199
-2.1688199
-2.16882
-2.16882
-2.16882
-2.16882
-2.1688201
-2.1688201
-2.1688201
-2.1688201
-2.1688201
-2.1688202
-2.1688202
-2.1688202
-2.1688202
-2.1688202
-2.1688203
-2.1688203
-2.1688203
-2.1688203
-2.1688203
-2.1688204
-2.1688204
-2.1688204
-2.1688204
-2.1688204
-2.1688205
-2.1688205
-2.1688205
-2.1688205
-2.1688206
-2.1688206
-2.1688206
-2.1688206
-2.1688206
-2.1688207
-2.1688207
-2.1688207
-2.1688207
-2.1688207
-2.1688208
-2.1688208
-2.1688208
-2.1688208
-2.1688208
-2.1688209
-2.1688209
-2.1688209
-2.1688209
-2.1688209
-2.168821
-2.168821
-2.168821
-2.168821
-2.168821
-2.1688211
-2.1688211
-2.1688211
-2.1688211
-2.1688211
-2.1688212
-2.1688212
-2.1688212
-2.1688212
-2.1688212
-2.1688213
-2.1688213
-2.1688213
-2.1688213
-2.1688213
-2.1688214
-2.1688214
-2.1688214
-2.1688214
-2.1688214
-2.1688215
-2.1688215
-2.1688215
-2.1688215
-2.1688215
-2.1688216
-2.1688216
-2.1688216
-2.1688216
-2.1688216
-2.1688217
-2.1688217
-2.1688217
-2.1688217
-2.1688217
-2.1688218
-2.1688218
-2.1688218
-2.1688218
-2.1688218
-2.1688219
-2.1688219
-2.1688219
-2.1688219
-2.1688219
-2.168822
-2.168822
-2.168822
-2.168822
-2.168822
-2.1688221
-2.1688221
-2.1688221
-2.1688221
-2.1688221
-2.1688222
-2.1688222
-2.1688222
-2.1688222
-2.1688222
-2.1688223
-2.1688223
-2.1688223
-2.1688223
-2.1688223
-2.1688224
-2.1688224
-2.1688224
-2.1688224
-2.1688224
-2.1688225
-2.1688225
-2.1688225
-2.1688225
-2.1688225
-2.1688226
-2.1688226
-2.1688226
-2.1688226
-2.1688226
-2.1688226
-2.1688227
-2.1688227
-2.1688227
-2.1688227
-2.1688227
-2.1688228
-2.1688228
-2.1688228
-2.1688228
-2.1688228
-2.1688229
-2.1688229
-2.1688229
-2.1688229
-2.1688229
-2.168823
-2.168823
-2.168823
-2.168823
-2.168823
-2.1688231
-2.1688231
-2.1688231
-2.1688231
-2.1688231
-2.1688232
-2.1688232
-2.1688232
-2.1688232
-2.1688232
-2.1688232
-2.1688233
-2.1688233
-2.1688233
-2.1688233
-2.1688233
-2.1688234
-2.1688234
-2.1688234
-2.1688234
-2.1688234
-2.1688235
-2.1688235
-2.1688235
-2.1688235
-2.1688235
-2.1688236
-2.1688236
-2.1688236
-2.1688236
-2.1688236
-2.1688236
-2.1688237
-2.1688237
-2.1688237
-2.1688237
-2.1688237
-2.1688238
-2.1688238
-2.1688238
-2.1688238
-2.1688238
-2.1688239
-2.1688239
-2.1688239
-2.1688239
-2.1688239
-2.1688239
-2.168824
-2.168824
-2.168824
-2.168824
-2.168824
-2.1688241
-2.1688241
-2.1688241
-2.1688241
-2.1688241
-2.1688239
-2.1688223
-2.1688219
-2.1688223
-2.1688228
-2.1688233
-2.1688235
-2.1688234
-2.1688234
-2.1688235
-2.1688233
-2.1688228
-2.1688229
-2.1688233
-2.1688236
-2.1688238
-2.1688238
-2.1688238
-2.1688238
-2.1688239
-2.1688239
-2.168824
-2.168824
-2.1688241
-2.1688241
-2.1688242
-2.1688242
-2.1688243
-2.1688243
-2.1688244
-2.1688244
-2.1688245
-2.1688245
-2.1688245
-2.1688246
-2.1688246
-2.1688246
-2.1688246
-2.1688246
-2.1688245
-2.1688243
-2.1688244
-2.1688245
-2.1688245
-2.1688246
-2.1688246
-2.1688247
-2.1688247
-2.1688247
-2.1688248
-2.1688248
-2.1688248
-2.1688249
-2.1688249
-2.1688249
-2.1688249
-2.1688249
-2.1688249
-2.168825
-2.168825
-2.168825
-2.168825
-2.1688251
-2.1688251
-2.1688251
-2.1688251
-2.1688252
-2.1688252
-2.1688252
-2.1688252
-2.1688253
-2.1688253
-2.1688253
-2.1688253
-2.1688253
-2.1688253
-2.1688254
-2.1688254
-2.1688254
-2.1688254
-2.1688254
-2.1688255
-2.1688255
-2.1688255
-2.1688255
-2.1688255
-2.1688256
-2.1688256
-2.1688256
-2.1688256
-2.1688256
-2.1688256
-2.1688257
-2.1688257
-2.1688257
-2.1688257
-2.1688257
-2.1688257
-2.1688258
-2.1688258
-2.1688258
-2.1688258
-2.1688258
-2.1688259
-2.1688259
-2.1688259
-2.1688259
-2.1688259
-2.1688259
-2.168826
-2.168826
-2.168826
-2.168826
-2.168826
-2.168826
-2.1688261
-2.1688261
-2.1688261
-2.1688261
-2.1688261
-2.1688262
-2.1688262
-2.1688262
-2.1688262
-2.1688262
-2.1688262
-2.1688263
-2.1688263
-2.1688263
-2.1688263
-2.1688263
-2.1688263
-2.1688264
-2.1688264
-2.1688264
-2.1688264
-2.1688264
-2.1688264
-2.1688265
-2.1688265
-2.1688265
-2.1688265
-2.1688265
-2.1688265
-2.1688266
-2.1688266
-2.1688266
-2.1688266
-2.1688266
-2.1688266
-2.1688267
-2.1688267
-2.1688267
-2.1688267
-2.1688267
-2.1688267
-2.1688268
-2.1688268
-2.1688268
-2.1688268
-2.1688268
-2.1688268
-2.1688269
-2.1688269
-2.1688269
-2.1688269
-2.1688269
-2.1688269
-2.168827
-2.168827
-2.168827
-2.168827
-2.168827
-2.168827
-2.168827
-2.1688271
-2.1688271
-2.1688271
-2.1688271
-2.1688271
-2.1688271
-2.1688272
-2.1688272
-2.1688272
-2.1688272
-2.1688272
-2.1688272
-2.1688273
-2.1688273
-2.1688273
-2.1688273
-2.1688273
-2.1688273
-2.1688274
-2.1688274
-2.1688274
-2.1688274
-2.1688274
-2.1688274
-2.1688275
-2.1688275
-2.1688275
-2.1688275
-2.1688275
-2.1688275
-2.1688275
-2.1688276
-2.1688276
-2.1688276
-2.1688276
-2.1688276
-2.1688276
-2.1688277
-2.1688277
-2.1688277
-2.1688277
-2.1688277
-2.1688277
-2.1688278
-2.1688278
-2.1688278
-2.1688278
-2.1688278
-2.1688278
-2.1688279
-2.1688279
-2.1688279
-2.1688279
-2.1688279
-2.1688279
-2.1688279
-2.168828
-2.168828
-2.168828
-2.168828
-2.168828
-2.168828
-2.1688281
-2.1688281
-2.1688281
-2.1688281
-2.1688281
-2.1688281
-2.1688281
-2.1688282
-2.1688282
-2.1688282
-2.1688282
-2.1688282
-2.1688282
-2.1688283
-2.1688283
-2.1688283
-2.1688283
-2.1688283
-2.1688283
-2.1688284
-2.1688284
-2.1688284
-2.1688284
-2.1688284
-2.1688284
-2.1688284
-2.1688285
-2.1688285
-2.1688285
-2.1688285
-2.1688285
-2.1688285
-2.1688286
-2.1688286
-2.1688286
-2.1688286
-2.1688286
-2.1688286
-2.1688286
-2.1688287
-2.1688287
-2.1688287
-2.1688287
-2.1688287
-2.1688287
-2.1688288
-2.1688288
-2.1688288
-2.1688288
-2.1688288
-2.1688288
-2.1688288
-2.1688289
-2.1688289
-2.1688289
-2.1688289
-2.1688289
-2.1688289
-2.1688289
-2.168829
-2.168829
-2.168829
-2.168829
-2.168829
-2.168829
-2.1688291
-2.1688291
-2.1688291
-2.1688291
-2.1688291
-2.1688291
-2.1688291
-2.1688292
-2.1688292
-2.1688292
-2.1688292
-2.1688292
-2.1688292
-2.1688293
-2.1688293
-2.1688293
-2.1688293
-2.1688293
-2.1688293
-2.1688293
-2.1688294
-2.1688294
-2.1688294
-2.1688294
-2.1688294
-2.1688294
-2.1688294
-2.1688295
-2.1688295
-2.1688295
-2.1688295
-2.1688295
-2.1688295
-2.1688295
-2.1688296
-2.1688296
-2.1688296
-2.1688296
-2.1688296
-2.1688296
-2.1688297
-2.1688297
-2.1688297
-2.1688297
-2.1688297
-2.1688297
-2.1688297
-2.1688298
-2.1688298
-2.1688298
-2.1688298
-2.1688298
-2.1688298
-2.1688298
-2.1688299
-2.1688299
-2.1688299
-2.1688299
-2.1688299
-2.1688299
-2.1688299
-2.16883
-2.16883
-2.16883
-2.16883
-2.16883
-2.16883
-2.16883
-2.1688301
-2.1688301
-2.1688301
-2.1688301
-2.1688301
-2.1688301
-2.1688302
-2.1688302
-2.1688302
-2.1688302
-2.1688302
-2.1688302
-2.1688302
-2.1688303
-2.1688303
-2.1688303
-2.1688303
-2.1688303
-2.1688303
-2.1688303
-2.1688304
-2.1688304
-2.1688304
-2.1688304
-2.1688304
-2.1688304
-2.1688304
-2.1688305
-2.1688305
-2.1688305
-2.1688305
-2.1688305
-2.1688305
-2.1688305
-2.1688306
-2.1688306
-2.1688306
-2.1688306
-2.1688306
-2.1688306
-2.1688306
-2.1688307
-2.1688307
-2.1688307
-2.1688307
-2.1688307
-2.1688307
-2.1688307
-2.1688308
-2.1688308
-2.1688308
-2.1688308
-2.1688308
-2.1688308
-2.1688308
-2.1688309
-2.1688309
-2.1688309
-2.1688309
-2.1688309
-2.1688309
-2.1688309
-2.168831
-2.168831
-2.168831
-2.168831
-2.168831
-2.168831
-2.168831
-2.1688311
-2.1688311
-2.1688311
-2.1688311
-2.1688311
-2.1688311
-2.1688311
-2.1688311
-2.1688312
-2.1688312
-2.1688312
-2.1688312
-2.1688312
-2.1688312
-2.1688312
-2.1688313
-2.1688313
-2.1688313
-2.1688313
-2.1688313
-2.1688313
-2.1688313
-2.1688314
-2.1688314
-2.1688314
-2.1688314
-2.1688314
-2.1688314
-2.1688314
-2.1688315
-2.1688315
-2.1688315
-2.1688315
-2.1688315
-2.1688315
-2.1688315
-2.1688316
-2.1688316
-2.1688316
-2.1688316
-2.1688316
-2.1688316
-2.1688316
-2.1688316
-2.1688317
-2.1688317
-2.1688317
-2.1688317
-2.1688317
-2.1688317
-2.1688317
-2.1688318
-2.1688318
-2.1688318
-2.1688318
-2.1688318
-2.1688318
-2.1688318
-2.1688319
-2.1688319
-2.1688319
-2.1688319
-2.1688319
-2.1688319
-2.1688319
-2.1688319
-2.168832
-2.168832
-2.168832
-2.168832
-2.168832
-2.168832
-2.168832
-2.1688321
-2.1688321
-2.1688321
-2.1688321
-2.1688321
-2.1688321
-2.1688321
-2.1688322
-2.1688322
-2.1688322
-2.1688322
-2.1688322
-2.1688322
-2.1688322
-2.1688322
-2.1688323
-2.1688323
-2.1688323
-2.1688323
-2.1688323
-2.1688323
-2.1688323
-2.1688324
-2.1688324
-2.1688324
-2.1688324
-2.1688317
-2.1688312
-2.1688309
-2.168831
-2.1688313
-2.1688315
-2.1688317
-2.1688317
-2.1688317
-2.1688317
-2.1688318
-2.1688319
-2.1688321
-2.1688322
-2.1688322
-2.1688322
-2.1688322
-2.1688323
-2.1688323
-2.1688324
-2.1688325
-2.1688325
-2.1688325
-2.1688325
-2.1688325
-2.1688325
-2.1688325
-2.1688317
-2.1688312
-2.1688312
-2.1688316
-2.1688319
-2.1688319
-2.1688319
-2.168832
-2.1688321
-2.1688322
-2.1688323
-2.1688324
-2.1688325
-2.1688325
-2.1688326
-2.1688326
-2.1688326
-2.1688327
-2.1688327
-2.1688327
-2.1688327
-2.1688327
-2.1688327
-2.1688328
-2.1688328
-2.1688328
-2.1688328
-2.1688329
-2.1688329
-2.1688329
-2.168833
-2.168833
-2.168833
-2.168833
-2.1688331
-2.1688331
-2.1688331
-2.1688331
-2.1688331
-2.1688331
-2.1688331
-2.1688331
-2.1688331
-2.1688331
-2.1688332
-2.1688332
-2.1688332
-2.1688332
-2.1688332
-2.1688333
-2.1688333
-2.1688333
-2.1688333
-2.1688333
-2.1688333
-2.1688333
-2.1688333
-2.1688334
-2.1688334
-2.1688334
-2.1688334
-2.1688334
-2.1688334
-2.1688334
-2.1688335
-2.1688335
-2.1688335
-2.1688335
-2.1688335
-2.1688335
-2.1688335
-2.1688336
-2.1688336
-2.1688336
-2.1688336
-2.1688336
-2.1688336
-2.1688336
-2.1688336
-2.1688337
-2.1688337
-2.1688337
-2.1688337
-2.1688337
-2.1688337
-2.1688337
-2.1688337
-2.1688338
-2.1688338
-2.1688338
-2.1688338
-2.1688338
-2.1688338
-2.1688338
-2.1688338
-2.1688339
-2.1688339
-2.1688339
-2.1688339
-2.1688339
-2.1688339
-2.1688339
-2.1688339
-2.168834
-2.168834
-2.168834
-2.168834
-2.168834
-2.168834
-2.168834
-2.168834
-2.1688341
-2.1688341
-2.1688341
-2.1688341
-2.1688341
-2.1688341
-2.1688341
-2.1688341
-2.1688342
-2.1688342
-2.1688342
-2.1688342
-2.1688342
-2.1688342
-2.1688342
-2.1688342
-2.1688343
-2.1688343
-2.1688343
-2.1688343
-2.1688343
-2.1688343
-2.1688343
-2.1688343
-2.1688344
-2.1688344
-2.1688344
-2.1688344
-2.1688344
-2.1688344
-2.1688344
-2.1688344
-2.1688344
-2.1688345
-2.1688345
-2.1688345
-2.1688345
-2.1688345
-2.1688345
-2.1688345
-2.1688345
-2.1688346
-2.1688346
-2.1688346
-2.1688346
-2.1688346
-2.1688346
-2.1688346
-2.1688346
-2.1688347
-2.1688347
-2.1688347
-2.1688347
-2.1688347
-2.1688347
-2.1688347
-2.1688347
-2.1688347
-2.1688348
-2.1688348
-2.1688348
-2.1688348
-2.1688348
-2.1688348
-2.1688348
-2.1688348
-2.1688349
-2.1688349
-2.1688349
-2.1688349
-2.1688349
-2.1688349
-2.1688349
-2.1688349
-2.1688349
-2.168835
-2.168835
-2.168835
-2.168835
-2.168835
-2.168835
-2.168835
-2.168835
-2.1688351
-2.1688351
-2.1688351
-2.1688351
-2.1688351
-2.1688351
-2.1688351
-2.1688351
-2.1688351
-2.1688352
-2.1688352
-2.1688352
-2.1688352
-2.1688352
-2.1688352
-2.1688352
-2.1688352
-2.1688352
-2.1688353
-2.1688353
-2.1688353
-2.1688353
-2.1688353
-2.1688353
-2.1688353
-2.1688353
-2.1688354
-2.1688354
-2.1688354
-2.1688354
-2.1688354
-2.1688354
-2.1688354
-2.1688354
-2.1688354
-2.1688355
-2.1688355
-2.1688355
-2.1688355
-2.1688355
-2.1688355
-2.1688355
-2.1688355
-2.1688355
-2.1688356
-2.1688356
-2.1688356
-2.1688356
-2.1688356
-2.1688356
-2.1688356
-2.1688356
-2.1688356
-2.1688357
-2.1688357
-2.1688357
-2.1688357
-2.1688357
-2.1688357
-2.1688357
-2.1688357
-2.1688357
-2.1688358
-2.1688358
-2.1688358
-2.1688358
-2.1688358
-2.1688358
-2.1688358
-2.1688358
-2.1688358
-2.1688359
-2.1688359
-2.1688359
-2.1688359
-2.1688359
-2.1688359
-2.1688359
-2.1688359
-2.168836
-2.168836
-2.168836
-2.168836
-2.168836
-2.168836
-2.168836
-2.168836
-2.168836
-2.168836
-2.1688361
-2.1688361
-2.1688361
-2.1688361
-2.1688361
-2.1688361
-2.1688361
-2.1688361
-2.1688361
-2.1688362
-2.1688362
-2.1688362
-2.1688362
-2.1688362
-2.1688362
-2.1688362
-2.1688362
-2.1688362
-2.1688363
-2.1688363
-2.1688363
-2.1688363
-2.1688363
-2.1688363
-2.1688363
-2.1688363
-2.1688363
-2.1688364
-2.1688364
-2.1688364
-2.1688364
-2.1688364
-2.1688364
-2.1688364
-2.1688364
-2.1688364
-2.1688365
-2.1688365
-2.1688365
-2.1688365
-2.1688365
-2.1688365
-2.1688365
-2.1688365
-2.1688365
-2.1688366
-2.1688366
-2.1688366
-2.1688366
-2.1688366
-2.1688366
-2.1688366
-2.1688366
-2.1688366
-2.1688366
-2.1688367
-2.1688367
-2.1688367
-2.1688367
-2.1688367
-2.1688367
-2.1688367
-2.1688367
-2.1688367
-2.1688368
-2.1688368
-2.1688368
-2.1688368
-2.1688368
-2.1688368
-2.1688368
-2.1688368
-2.1688368
-2.1688369
-2.1688369
-2.1688369
-2.1688369
-2.1688369
-2.1688369
-2.1688369
-2.1688369
-2.1688369
-2.1688369
-2.168837
-2.168837
-2.168837
-2.168837
-2.168837
-2.168837
-2.168837
-2.168837
-2.168837
-2.1688371
-2.1688371
-2.1688371
-2.1688371
-2.1688371
-2.1688371
-2.1688371
-2.1688371
-2.1688371
-2.1688371
-2.1688372
-2.1688372
-2.1688372
-2.1688372
-2.1688372
-2.1688372
-2.1688372
-2.1688372
-2.1688372
-2.1688373
-2.1688373
-2.1688373
-2.1688373
-2.1688373
-2.1688373
-2.1688373
-2.1688373
-2.1688373
-2.1688373
-2.1688374
-2.1688368
-2.1688362
-2.1688361
-2.1688363
-2.1688366
-2.1688367
-2.1688367
-2.1688367
-2.1688367
