-968.25942
-968.2228
-968.22761
-968.26451
-968.31351
-968.35261
-968.37113
-968.37976
-968.38907
-968.4026
-968.41855
-968.43285
-968.44285
-968.45047
-968.45818
-968.46669
-968.47544
-968.48332
-968.48981
-968.49555
-968.50128
-968.50728
-968.51338
-968.51927
-968.52478
-968.53001
-968.53509
-968.54008
-968.54495
-968.54962
-968.55409
-968.55842
-968.56265
-968.56682
-968.57092
-968.57493
-968.57885
-968.58267
-968.58641
-968.59007
-968.59364
-968.59714
-968.60055
-968.60388
-968.60716
-968.61038
-968.61354
-968.61665
-968.61969
-968.62268
-968.62561
-968.62848
-968.63131
-968.63409
-968.63683
-968.63952
-968.64217
-968.64478
-968.64734
-968.64987
-968.65236
-968.65481
-968.65722
-968.6596
-968.66194
-968.66424
-968.6665
-968.66873
-968.67092
-968.67309
-968.67523
-968.67734
-968.67943
-968.68149
-968.68351
-968.68552
-968.68749
-968.68944
-968.69137
-968.69327
-968.69515
-968.69701
-968.69884
-968.70066
-968.70245
-968.70422
-968.70598
-968.70771
-968.70942
-968.71111
-968.71278
-968.71443
-968.71607
-968.71769
-968.71929
-968.72088
-968.72246
-968.72402
-968.72556
-968.72709
-968.7286
-968.7301
-968.73158
-968.73304
-968.73449
-968.73593
-968.73736
-968.73877
-968.74017
-968.74156
-968.74293
-968.7443
-968.74565
-968.747
-968.74833
-968.74965
-968.75096
-968.75226
-968.75355
-968.75483
-968.75609
-968.75735
-968.75861
-968.75985
-968.76108
-968.76231
-968.76352
-968.76473
-968.76593
-968.76712
-968.7683
-968.76948
-968.77065
-968.77181
-968.77296
-968.77411
-968.77525
-968.77638
-968.7775
-968.77861
-968.77972
-968.78082
-968.78192
-968.783
-968.78408
-968.78516
-968.78622
-968.78728
-968.78834
-968.78939
-968.79043
-968.79147
-968.7925
-968.79352
-968.79455
-968.79556
-968.79657
-968.79757
-968.79857
-968.79957
-968.80055
-968.80153
-968.80251
-968.80348
-968.80445
-968.80541
-968.80636
-968.80731
-968.80826
-968.8092
-968.81013
-968.81106
-968.81199
-968.81291
-968.81383
-968.81474
-968.81565
-968.81655
-968.81745
-968.81835
-968.81924
-968.82013
-968.82101
-968.82189
-968.82276
-968.82363
-968.8245
-968.82536
-968.82621
-968.82707
-968.82792
-968.82876
-968.8296
-968.83044
-968.83128
-968.83211
-968.83294
-968.83376
-968.83458
-968.83539
-968.8362
-968.83701
-968.83781
-968.83861
-968.83941
-968.8402
-968.84099
-968.84178
-968.84256
-968.84334
-968.84412
-968.84489
-968.84566
-968.84643
-968.84719
-968.84795
-968.84871
-968.84946
-968.85021
-968.85096
-968.8517
-968.85244
-968.85318
-968.85391
-968.85464
-968.85537
-968.8561
-968.85682
-968.85754
-968.85826
-968.85897
-968.85968
-968.86039
-968.86109
-968.8618
-968.86249
-968.86319
-968.86388
-968.86457
-968.86526
-968.86594
-968.86663
-968.86731
-968.86798
-968.86866
-968.86933
-968.87
-968.87066
-968.87133
-968.87199
-968.87265
-968.8733
-968.87396
-968.87461
-968.87526
-968.8759
-968.87655
-968.87719
-968.87783
-968.87846
-968.87909
-968.87973
-968.88036
-968.88098
-968.88161
-968.88223
-968.88285
-968.88347
-968.88408
-968.8847
-968.88531
-968.88592
-968.88652
-968.88712
-968.88773
-968.88833
-968.88892
-968.88952
-968.89011
-968.8907
-968.89129
-968.89188
-968.89246
-968.89304
-968.89362
-968.8942
-968.89478
-968.89535
-968.89592
-968.89649
-968.89706
-968.89763
-968.89819
-968.89875
-968.89931
-968.89987
-968.90043
-968.90098
-968.90154
-968.90209
-968.90264
-968.90318
-968.90373
-968.90427
-968.90481
-968.90535
-968.90588
-968.90642
-968.90695
-968.90748
-968.90802
-968.90854
-968.90907
-968.9096
-968.91012
-968.91064
-968.91116
-968.91168
-968.91219
-968.9127
-968.91322
-968.91373
-968.91423
-968.91474
-968.91524
-968.91575
-968.91625
-968.91675
-968.91725
-968.91775
-968.91824
-968.91873
-968.91923
-968.91972
-968.9202
-968.92069
-968.92117
-968.92166
-968.92214
-968.92262
-968.9231
-968.92358
-968.92405
-968.92453
-968.925
-968.92547
-968.92594
-968.92641
-968.92687
-968.92734
-968.9278
-968.92826
-968.92872
-968.92918
-968.92964
-968.93009
-968.93055
-968.931
-968.93145
-968.9319
-968.93235
-968.93279
-968.93324
-968.93368
-968.93412
-968.93456
-968.935
-968.93544
-968.93588
-968.93631
-968.93675
-968.93718
-968.93761
-968.93804
-968.93847
-968.93889
-968.93932
-968.93974
-968.94016
-968.94058
-968.941
-968.94142
-968.94184
-968.94225
-968.94267
-968.94308
-968.94349
-968.9439
-968.94431
-968.94471
-968.94512
-968.94552
-968.94593
-968.94633
-968.94673
-968.94713
-968.94752
-968.94792
-968.94832
-968.94871
-968.94911
-968.9495
-968.94989
-968.95028
-968.95067
-968.95105
-968.95144
-968.95182
-968.9522
-968.95258
-968.95296
-968.95334
-968.95372
-968.9541
-968.95447
-968.95485
-968.95522
-968.95559
-968.95596
-968.95633
-968.9567
-968.95707
-968.95744
-968.9578
-968.95816
-968.95853
-968.95889
-968.95925
-968.9596
-968.95996
-968.96032
-968.96067
-968.96103
-968.96138
-968.96173
-968.96208
-968.96243
-968.96278
-968.96313
-968.96347
-968.96382
-968.96416
-968.9645
-968.96485
-968.96519
-968.96553
-968.96587
-968.9662
-968.96654
-968.96687
-968.96721
-968.96754
-968.96788
-968.96821
-968.96854
-968.96886
-968.96919
-968.96952
-968.96984
-968.97017
-968.97049
-968.97081
-968.97114
-968.97146
-968.97178
-968.97209
-968.97241
-968.97273
-968.97304
-968.97336
-968.97367
-968.97398
-968.97429
-968.9746
-968.97491
-968.97522
-968.97553
-968.97584
-968.97614
-968.97644
-968.97675
-968.97705
-968.97735
-968.97765
-968.97795
-968.97825
-968.97855
-968.97885
-968.97914
-968.97944
-968.97973
-968.98002
-968.98031
-968.9806
-968.98089
-968.98118
-968.98147
-968.98176
-968.98204
-968.98233
-968.98261
-968.9829
-968.98318
-968.98346
-968.98374
-968.98402
-968.9843
-968.98458
-968.98486
-968.98513
-968.98541
-968.98568
-968.98596
-968.98623
-968.9865
-968.98678
-968.98705
-968.98732
-968.98758
-968.98785
-968.98812
-968.98839
-968.98865
-968.98892
-968.98918
-968.98944
-968.98971
-968.98997
-968.99023
-968.99049
-968.99075
-968.991
-968.99126
-968.99152
-968.99177
-968.99203
-968.99228
-968.99254
-968.99279
-968.99304
-968.99329
-968.99354
-968.99379
-968.99404
-968.99429
-968.99454
-968.99479
-968.99503
-968.99528
-968.99552
-968.99577
-968.99601
-968.99625
-968.99649
-968.99673
-968.99697
-968.99721
-968.99745
-968.99769
-968.99793
-968.99816
-968.9984
-968.99863
-968.99887
-968.9991
-968.99933
-968.99957
-968.9998
-969.00003
-969.00026
-969.00049
-969.00072
-969.00094
-969.00117
-969.0014
-969.00162
-969.00185
-969.00207
-969.0023
-969.00252
-969.00274
-969.00297
-969.00319
-969.00341
-969.00363
-969.00385
-969.00407
-969.00429
-969.0045
-969.00472
-969.00494
-969.00515
-969.00537
-969.00558
-969.0058
-969.00601
-969.00622
-969.00644
-969.00665
-969.00686
-969.00707
-969.00728
-969.00749
-969.0077
-969.00791
-969.00812
-969.00832
-969.00853
-969.00874
-969.00894
-969.00915
-969.00935
-969.00956
-969.00976
-969.00996
-969.01016
-969.01036
-969.01056
-969.01076
-969.01096
-969.01116
-969.01136
-969.01156
-969.01176
-969.01195
-969.01215
-969.01235
-969.01254
-969.01274
-969.01293
-969.01313
-969.01332
-969.01352
-969.01371
-969.0139
-969.01409
-969.01428
-969.01448
-969.01467
-969.01486
-969.01505
-969.01524
-969.01543
-969.01561
-969.0158
-969.01599
-969.01618
-969.01636
-969.01655
-969.01673
-969.01692
-969.0171
-969.01728
-969.01747
-969.01765
-969.01783
-969.01802
-969.0182
-969.01838
-969.01856
-969.01874
-969.01892
-969.0191
-969.01928
-969.01946
-969.01963
-969.01981
-969.01999
-969.02017
-969.02034
-969.02052
-969.02069
-969.02087
-969.02104
-969.02122
-969.02139
-969.02157
-969.02174
-969.02191
-969.02208
-969.02226
-969.02243
-969.0226
-969.02277
-969.02294
-969.02311
-969.02328
-969.02345
-969.02362
-969.02379
-969.02396
-969.02412
-969.02429
-969.02446
-969.02462
-969.02479
-969.02495
-969.02512
-969.02528
-969.02545
-969.02561
-969.02578
-969.02594
-969.0261
-969.02626
-969.02643
-969.02659
-969.02675
-969.02691
-969.02707
-969.02723
-969.02739
-969.02755
-969.02771
-969.02787
-969.02803
-969.02819
-969.02834
-969.0285
-969.02866
-969.02882
-969.02897
-969.02913
-969.02928
-969.02944
-969.02959
-969.02975
-969.0299
-969.03006
-969.03021
-969.03037
-969.03052
-969.03067
-969.03082
-969.03098
-969.03113
-969.03128
-969.03143
-969.03158
-969.03173
-969.03188
-969.03203
-969.03218
-969.03233
-969.03247
-969.03262
-969.03277
-969.03292
-969.03307
-969.03322
-969.03336
-969.03351
-969.03365
-969.0338
-969.03395
-969.03409
-969.03424
-969.03438
-969.03452
-969.03467
-969.03481
-969.03495
-969.0351
-969.03524
-969.03538
-969.03553
-969.03567
-969.03581
-969.03595
-969.03609
-969.03623
-969.03638
-969.03652
-969.03666
-969.0368
-969.03694
-969.03708
-969.03721
-969.03735
-969.03749
-969.03763
-969.03777
-969.03791
-969.03804
-969.03818
-969.03832
-969.03846
-969.03859
-969.03873
-969.03886
-969.039
-969.03914
-969.03927
-969.03941
-969.03954
-969.03968
-969.03981
-969.03994
-969.04008
-969.04021
-969.04034
-969.04048
-969.04061
-969.04074
-969.04088
-969.04101
-969.04114
-969.04127
-969.0414
-969.04153
-969.04166
-969.0418
-969.04193
-969.04206
-969.04219
-969.04232
-969.04245
-969.04258
-969.0427
-969.04283
-969.04296
-969.04309
-969.04322
-969.04335
-969.04347
-969.0436
-969.04373
-969.04386
-969.04398
-969.04411
-969.04424
-969.04436
-969.04449
-969.04461
-969.04474
-969.04486
-969.04499
-969.04511
-969.04524
-969.04536
-969.04549
-969.04561
-969.04574
-969.04586
-969.04598
-969.04611
-969.04623
-969.04635
-969.04647
-969.0466
-969.04672
-969.04684
-969.04696
-969.04708
-969.0472
-969.04732
-969.04745
-969.04757
-969.04769
-969.04781
-969.04793
-969.04805
-969.04817
-969.04829
-969.0484
-969.04852
-969.04864
-969.04876
-969.04888
-969.049
-969.04912
-969.04923
-969.04935
-969.04947
-969.04959
-969.0497
-969.04982
-969.04994
-969.05005
-969.05017
-969.05029
-969.0504
-969.05052
-969.05063
-969.05075
-969.05086
-969.05098
-969.05109
-969.05121
-969.05132
-969.05144
-969.05155
-969.05167
-969.05178
-969.05189
-969.05201
-969.05212
-969.05223
-969.05235
-969.05246
-969.05257
-969.05268
-969.0528
-969.05291
-969.05302
-969.05313
-969.05324
-969.05336
-969.05347
-969.05358
-969.05369
-969.0538
-969.05391
-969.05402
-969.05413
-969.05424
-969.05435
-969.05446
-969.05457
-969.05468
-969.05479
-969.0549
-969.05501
-969.05512
-969.05523
-969.05534
-969.05544
-969.05555
-969.05566
-969.05577
-969.05588
-969.05598
-969.05609
-969.0562
-969.05631
-969.05641
-969.05652
-969.05663
-969.05673
-969.05684
-969.05695
-969.05705
-969.05716
-969.05726
-969.05737
-969.05747
-969.05758
-969.05768
-969.05779
-969.05789
-969.058
-969.0581
-969.05821
-969.05831
-969.05841
-969.05852
-969.05862
-969.05873
-969.05883
-969.05893
-969.05904
-969.05914
-969.05924
-969.05934
-969.05945
-969.05955
-969.05965
-969.05975
-969.05986
-969.05996
-969.06006
-969.06016
-969.06026
-969.06036
-969.06047
-969.06057
-969.06067
-969.06077
-969.06087
-969.06097
-969.06107
-969.06117
-969.06127
-969.06137
-969.06147
-969.06157
-969.06167
-969.06177
-969.06187
-969.06197
-969.06206
-969.06216
-969.06226
-969.06236
-969.06246
-969.06256
-969.06266
-969.06275
-969.06285
-969.06295
-969.06305
-969.06314
-969.06324
-969.06334
-969.06344
-969.06353
-969.06363
-969.06373
-969.06382
-969.06392
-969.06402
-969.06411
-969.06421
-969.0643
-969.0644
-969.0645
-969.06459
-969.06469
-969.06478
-969.06488
-969.06497
-969.06507
-969.06516
-969.06526
-969.06535
-969.06545
-969.06554
-969.06563
-969.06573
-969.06582
-969.06592
-969.06601
-969.0661
-969.0662
-969.06629
-969.06638
-969.06648
-969.06657
-969.06666
-969.06676
-969.06685
-969.06694
-969.06703
-969.06713
-969.06722
-969.06731
-969.0674
-969.06749
-969.06759
-969.06768
-969.06777
-969.06786
-969.06795
-969.06804
-969.06813
-969.06822
-969.06832
-969.06841
-969.0685
-969.06859
-969.06868
-969.06877
-969.06886
-969.06895
-969.06904
-969.06913
-969.06922
-969.06931
-969.0694
-969.06949
-969.06957
-969.06966
-969.06975
-969.06984
-969.06993
-969.07002
-969.07011
-969.0702
-969.07028
-969.07037
-969.07046
-969.07055
-969.07064
-969.07072
-969.07081
-969.0709
-969.07099
-969.07107
-969.07116
-969.07125
-969.07133
-969.07142
-969.07151
-969.07159
-969.07168
-969.07177
-969.07185
-969.07194
-969.07203
-969.07211
-969.0722
-969.07228
-969.07237
-969.07245
-969.07254
-969.07263
-969.07271
-969.0728
-969.07288
-969.07297
-969.07305
-969.07314
-969.07322
-969.07331
-969.07339
-969.07347
-969.07356
-969.07364
-969.07373
-969.07381
-969.07389
-969.07398
-969.07406
-969.07414
-969.07423
-969.07431
-969.07439
-969.07448
-969.07456
-969.07464
-969.07473
-969.07481
-969.07489
-969.07497
-969.07506
-969.07514
-969.07522
-969.0753
-969.07539
-969.07547
-969.07555
-969.07563
-969.07571
-969.07579
-969.07588
-969.07596
-969.07604
-969.07612
-969.0762
-969.07628
-969.07636
-969.07644
-969.07653
-969.07661
-969.07669
-969.07677
-969.07685
-969.07693
-969.07701
-969.07709
-969.07717
-969.07725
-969.07732
-969.0774
-969.07748
-969.07756
-969.07764
-969.07772
-969.0778
-969.07788
-969.07796
-969.07804
-969.07812
-969.0782
-969.07827
-969.07835
-969.07843
-969.07851
-969.07859
-969.07867
-969.07874
-969.07882
-969.0789
-969.07898
-969.07905
-969.07913
-969.07921
-969.07929
-969.07936
-969.07944
-969.07952
-969.0796
-969.07967
-969.07975
-969.07983
-969.0799
-969.07998
-969.08006
-969.08013
-969.08021
-969.08028
-969.08036
-969.08044
-969.08051
-969.08059
-969.08066
-969.08074
-969.08082
-969.08089
-969.08097
-969.08104
-969.08112
-969.08119
-969.08127
-969.08134
-969.08142
-969.08149
-969.08157
-969.08164
-969.08172
-969.08179
-969.08186
-969.08194
-969.08201
-969.08209
-969.08216
-969.08224
-969.08231
-969.08238
-969.08246
-969.08253
-969.0826
-969.08268
-969.08275
-969.08282
-969.0829
-969.08297
-969.08304
-969.08312
-969.08319
-969.08326
-969.08333
-969.08341
-969.08348
-969.08355
-969.08362
-969.0837
-969.08377
-969.08384
-969.08391
-969.08398
-969.08405
-969.08413
-969.0842
-969.08427
-969.08434
-969.08441
-969.08448
-969.08456
-969.08463
-969.0847
-969.08477
-969.08484
-969.08491
-969.08498
-969.08505
-969.08512
-969.08519
-969.08527
-969.08534
-969.08541
-969.08548
-969.08555
-969.08562
-969.08569
-969.08576
-969.08583
-969.0859
-969.08597
-969.08604
-969.08611
-969.08618
-969.08624
-969.08631
-969.08638
-969.08645
-969.08652
-969.08659
-969.08666
-969.08673
-969.0868
-969.08687
-969.08694
-969.087
-969.08707
-969.08714
-969.08721
-969.08728
-969.08735
-969.08741
-969.08748
-969.08755
-969.08762
-969.08769
-969.08775
-969.08782
-969.08789
-969.08796
-969.08803
-969.08809
-969.08816
-969.08823
-969.08829
-969.08836
-969.08843
-969.0885
-969.08856
-969.08863
-969.0887
-969.08876
-969.08883
-969.0889
-969.08896
-969.08903
-969.0891
-969.08916
-969.08923
-969.08929
-969.08936
-969.08943
-969.08949
-969.08956
-969.08962
-969.08969
-969.08975
-969.08982
-969.08989
-969.08995
-969.09002
-969.09008
-969.09015
-969.09021
-969.09028
-969.09034
-969.09041
-969.09047
-969.09054
-969.0906
-969.09067
-969.09073
-969.0908
-969.09086
-969.09092
-969.09099
-969.09105
-969.09112
-969.09118
-969.09124
-969.09131
-969.09137
-969.09144
-969.0915
-969.09156
-969.09163
-969.09169
-969.09175
-969.09182
-969.09188
-969.09194
-969.09201
-969.09207
-969.09213
-969.0922
-969.09226
-969.09232
-969.09239
-969.09245
-969.09251
-969.09257
-969.09264
-969.0927
-969.09276
-969.09282
-969.09289
-969.09295
-969.09301
-969.09307
-969.09314
-969.0932
-969.09326
-969.09332
-969.09338
-969.09344
-969.09351
-969.09357
-969.09363
-969.09369
-969.09375
-969.09381
-969.09387
-969.09394
-969.094
-969.09406
-969.09412
-969.09418
-969.09424
-969.0943
-969.09436
-969.09442
-969.09448
-969.09454
-969.09461
-969.09467
-969.09473
-969.09479
-969.09485
-969.09491
-969.09497
-969.09503
-969.09509
-969.09515
-969.09521
-969.09527
-969.09533
-969.09539
-969.09544
-969.0955
-969.09556
-969.09562
-969.09568
-969.09574
-969.0958
-969.09586
-969.09592
-969.09598
-969.09604
-969.0961
-969.09616
-969.09621
-969.09627
-969.09633
-969.09639
-969.09645
-969.09651
-969.09657
-969.09662
-969.09668
-969.09674
-969.0968
-969.09686
-969.09692
-969.09697
-969.09703
-969.09709
-969.09715
-969.09721
-969.09726
-969.09732
-969.09738
-969.09744
-969.09749
-969.09755
-969.09761
-969.09767
-969.09772
-969.09778
-969.09784
-969.09789
-969.09795
-969.09801
-969.09806
-969.09812
-969.09818
-969.09823
-969.09829
-969.09835
-969.0984
-969.09846
-969.09852
-969.09857
-969.09863
-969.09869
-969.09874
-969.0988
-969.09886
-969.09891
-969.09897
-969.09902
-969.09908
-969.09914
-969.09919
-969.09925
-969.0993
-969.09936
-969.09941
-969.09947
-969.09953
-969.09958
-969.09964
-969.09969
-969.09975
-969.0998
-969.09986
-969.09991
-969.09997
-969.10002
-969.10008
-969.10013
-969.10019
-969.10024
-969.1003
-969.10035
-969.1004
-969.10046
-969.10051
-969.10057
-969.10062
-969.10068
-969.10073
-969.10078
-969.10084
-969.10089
-969.10095
-969.101
-969.10106
-969.10111
-969.10116
-969.10122
-969.10127
-969.10132
-969.10138
-969.10143
-969.10148
-969.10154
-969.10159
-969.10164
-969.1017
-969.10175
-969.1018
-969.10186
-969.10191
-969.10196
-969.10202
-969.10207
-969.10212
-969.10217
-969.10223
-969.10228
-969.10233
-969.10239
-969.10244
-969.10249
-969.10254
-969.10259
-969.10265
-969.1027
-969.10275
-969.1028
-969.10286
-969.10291
-969.10296
-969.10301
-969.10306
-969.10312
-969.10317
-969.10322
-969.10327
-969.10332
-969.10337
-969.10343
-969.10348
-969.10353
-969.10358
-969.10363
-969.10368
-969.10373
-969.10378
-969.10384
-969.10389
-969.10394
-969.10399
-969.10404
-969.10409
-969.10414
-969.10419
-969.10424
-969.10429
-969.10434
-969.1044
-969.10445
-969.1045
-969.10455
-969.1046
-969.10465
-969.1047
-969.10475
-969.1048
-969.10485
-969.1049
-969.10495
-969.105
-969.10505
