-967.52518
-967.4972
-967.50227
-967.53419
-967.57632
-967.61035
-967.62721
-967.63533
-967.64373
-967.65555
-967.66953
-967.68231
-967.69162
-967.69883
-967.70597
-967.7137
-967.72162
-967.72887
-967.73505
-967.74054
-967.74592
-967.75143
-967.75697
-967.76234
-967.76742
-967.77227
-967.77698
-967.78158
-967.78606
-967.79038
-967.79456
-967.79861
-967.80258
-967.80649
-967.81034
-967.8141
-967.81779
-967.8214
-967.82495
-967.82842
-967.83182
-967.83514
-967.83841
-967.84161
-967.84477
-967.84787
-967.85094
-967.85396
-967.85693
-967.85986
-967.86274
-967.8656
-967.86841
-967.87118
-967.87391
-967.87661
-967.87928
-967.88192
-967.88453
-967.88711
-967.88965
-967.89216
-967.89464
-967.89709
-967.89951
-967.90191
-967.90428
-967.90663
-967.90896
-967.91127
-967.91356
-967.91582
-967.91806
-967.92028
-967.92248
-967.92466
-967.92681
-967.92895
-967.93106
-967.93316
-967.93525
-967.93731
-967.93935
-967.94137
-967.94338
-967.94537
-967.94734
-967.9493
-967.95125
-967.95319
-967.9551
-967.957
-967.95889
-967.96076
-967.96261
-967.96445
-967.96628
-967.9681
-967.9699
-967.97169
-967.97347
-967.97523
-967.97697
-967.97871
-967.98044
-967.98215
-967.98386
-967.98555
-967.98723
-967.9889
-967.99056
-967.99221
-967.99385
-967.99548
-967.99711
-967.99872
-968.00032
-968.0019
-968.00348
-968.00505
-968.00661
-968.00816
-968.0097
-968.01124
-968.01276
-968.01427
-968.01578
-968.01727
-968.01875
-968.02023
-968.0217
-968.02315
-968.0246
-968.02604
-968.02748
-968.02891
-968.03033
-968.03174
-968.03314
-968.03454
-968.03593
-968.0373
-968.03867
-968.04003
-968.04138
-968.04272
-968.04406
-968.0454
-968.04672
-968.04804
-968.04935
-968.05066
-968.05195
-968.05324
-968.05452
-968.0558
-968.05707
-968.05833
-968.05959
-968.06084
-968.06208
-968.06331
-968.06454
-968.06576
-968.06697
-968.06818
-968.06938
-968.07058
-968.07177
-968.07295
-968.07413
-968.07531
-968.07648
-968.07764
-968.07879
-968.07994
-968.08109
-968.08222
-968.08336
-968.08448
-968.08561
-968.08672
-968.08783
-968.08893
-968.09002
-968.09112
-968.0922
-968.09328
-968.09436
-968.09544
-968.0965
-968.09756
-968.09862
-968.09966
-968.10071
-968.10174
-968.10278
-968.1038
-968.10482
-968.10584
-968.10685
-968.10786
-968.10886
-968.10986
-968.11085
-968.11184
-968.11282
-968.1138
-968.11477
-968.11573
-968.11669
-968.11764
-968.11859
-968.11954
-968.12048
-968.12142
-968.12235
-968.12328
-968.1242
-968.12511
-968.12602
-968.12693
-968.12784
-968.12874
-968.12963
-968.13052
-968.13141
-968.13229
-968.13316
-968.13403
-968.1349
-968.13576
-968.13661
-968.13747
-968.13831
-968.13916
-968.14
-968.14084
-968.14167
-968.1425
-968.14332
-968.14414
-968.14495
-968.14576
-968.14656
-968.14736
-968.14816
-968.14895
-968.14974
-968.15052
-968.1513
-968.15207
-968.15285
-968.15361
-968.15437
-968.15513
-968.15588
-968.15663
-968.15738
-968.15813
-968.15887
-968.1596
-968.16033
-968.16106
-968.16179
-968.16251
-968.16323
-968.16395
-968.16466
-968.16536
-968.16606
-968.16676
-968.16746
-968.16815
-968.16883
-968.16952
-968.17019
-968.17087
-968.17154
-968.1722
-968.17287
-968.17353
-968.17418
-968.17483
-968.17548
-968.17613
-968.17676
-968.1774
-968.17804
-968.17867
-968.1793
-968.17992
-968.18054
-968.18116
-968.18177
-968.18239
-968.18299
-968.1836
-968.1842
-968.1848
-968.1854
-968.18599
-968.18658
-968.18716
-968.18775
-968.18833
-968.1889
-968.18947
-968.19005
-968.19061
-968.19118
-968.19174
-968.1923
-968.19286
-968.19341
-968.19396
-968.19451
-968.19506
-968.1956
-968.19613
-968.19667
-968.1972
-968.19772
-968.19825
-968.19878
-968.1993
-968.19982
-968.20034
-968.20086
-968.20137
-968.20189
-968.20239
-968.2029
-968.2034
-968.2039
-968.20439
-968.20488
-968.20538
-968.20586
-968.20635
-968.20684
-968.20732
-968.2078
-968.20828
-968.20875
-968.20922
-968.20969
-968.21015
-968.21062
-968.21108
-968.21154
-968.212
-968.21245
-968.21291
-968.21336
-968.21381
-968.21426
-968.2147
-968.21515
-968.21559
-968.21603
-968.21647
-968.2169
-968.21733
-968.21776
-968.21819
-968.21862
-968.21904
-968.21946
-968.21988
-968.2203
-968.22071
-968.22113
-968.22154
-968.22195
-968.22236
-968.22277
-968.22318
-968.22358
-968.22398
-968.22438
-968.22478
-968.22518
-968.22557
-968.22597
-968.22636
-968.22675
-968.22714
-968.22752
-968.22791
-968.22829
-968.22867
-968.22905
-968.22943
-968.22981
-968.23019
-968.23056
-968.23093
-968.2313
-968.23167
-968.23204
-968.23241
-968.23277
-968.23314
-968.2335
-968.23386
-968.23422
-968.23458
-968.23493
-968.23529
-968.23564
-968.236
-968.23635
-968.2367
-968.23705
-968.2374
-968.23774
-968.23809
-968.23843
-968.23877
-968.23911
-968.23945
-968.23979
-968.24013
-968.24046
-968.2408
-968.24113
-968.24147
-968.2418
-968.24213
-968.24246
-968.24278
-968.24311
-968.24343
-968.24375
-968.24408
-968.2444
-968.24472
-968.24504
-968.24535
-968.24567
-968.24599
-968.2463
-968.24662
-968.24693
-968.24724
-968.24755
-968.24785
-968.24816
-968.24847
-968.24877
-968.24908
-968.24938
-968.24969
-968.24999
-968.25029
-968.25059
-968.25088
-968.25118
-968.25147
-968.25177
-968.25206
-968.25236
-968.25265
-968.25294
-968.25323
-968.25352
-968.2538
-968.25409
-968.25438
-968.25466
-968.25494
-968.25523
-968.25551
-968.25579
-968.25607
-968.25635
-968.25662
-968.2569
-968.25718
-968.25745
-968.25772
-968.258
-968.25827
-968.25854
-968.25881
-968.25908
-968.25934
-968.25961
-968.25988
-968.26014
-968.2604
-968.26067
-968.26093
-968.26119
-968.26145
-968.26171
-968.26197
-968.26223
-968.26249
-968.26274
-968.263
-968.26325
-968.26351
-968.26376
-968.26401
-968.26427
-968.26452
-968.26477
-968.26501
-968.26526
-968.26551
-968.26575
-968.266
-968.26625
-968.26649
-968.26673
-968.26697
-968.26722
-968.26746
-968.2677
-968.26794
-968.26818
-968.26841
-968.26865
-968.26889
-968.26912
-968.26936
-968.26959
-968.26982
-968.27006
-968.27029
-968.27052
-968.27075
-968.27098
-968.27121
-968.27144
-968.27166
-968.27189
-968.27212
-968.27234
-968.27256
-968.27279
-968.27301
-968.27323
-968.27345
-968.27367
-968.27389
-968.27411
-968.27433
-968.27454
-968.27476
-968.27498
-968.27519
-968.27541
-968.27562
-968.27583
-968.27605
-968.27626
-968.27647
-968.27668
-968.27689
-968.27711
-968.27731
-968.27752
-968.27773
-968.27794
-968.27814
-968.27835
-968.27855
-968.27876
-968.27896
-968.27916
-968.27937
-968.27957
-968.27977
-968.27997
-968.28017
-968.28037
-968.28057
-968.28077
-968.28096
-968.28116
-968.28136
-968.28155
-968.28175
-968.28194
-968.28213
-968.28233
-968.28252
-968.28271
-968.2829
-968.28309
-968.28328
-968.28347
-968.28366
-968.28385
-968.28404
-968.28422
-968.28441
-968.2846
-968.28479
-968.28497
-968.28515
-968.28534
-968.28552
-968.2857
-968.28588
-968.28606
-968.28625
-968.28642
-968.2866
-968.28678
-968.28696
-968.28714
-968.28732
-968.2875
-968.28767
-968.28785
-968.28802
-968.2882
-968.28837
-968.28855
-968.28872
-968.28889
-968.28907
-968.28924
-968.28941
-968.28958
-968.28975
-968.28992
-968.29009
-968.29026
-968.29043
-968.29059
-968.29076
-968.29093
-968.2911
-968.29126
-968.29143
-968.29159
-968.29176
-968.29192
-968.29208
-968.29225
-968.29241
-968.29257
-968.29273
-968.29289
-968.29305
-968.29321
-968.29337
-968.29353
-968.29369
-968.29385
-968.29401
-968.29416
-968.29432
-968.29448
-968.29463
-968.29479
-968.29494
-968.2951
-968.29525
-968.29541
-968.29556
-968.29571
-968.29586
-968.29601
-968.29617
-968.29632
-968.29647
-968.29662
-968.29677
-968.29692
-968.29706
-968.29721
-968.29736
-968.29751
-968.29766
-968.2978
-968.29795
-968.29809
-968.29824
-968.29838
-968.29853
-968.29867
-968.29882
-968.29896
-968.2991
-968.29924
-968.29938
-968.29953
-968.29967
-968.29981
-968.29995
-968.30009
-968.30023
-968.30036
-968.3005
-968.30064
-968.30078
-968.30091
-968.30105
-968.30119
-968.30132
-968.30146
-968.30159
-968.30173
-968.30186
-968.302
-968.30213
-968.30226
-968.3024
-968.30253
-968.30266
-968.30279
-968.30293
-968.30306
-968.30319
-968.30332
-968.30345
-968.30358
-968.30371
-968.30383
-968.30396
-968.30409
-968.30422
-968.30434
-968.30447
-968.3046
-968.30472
-968.30485
-968.30498
-968.3051
-968.30523
-968.30535
-968.30548
-968.3056
-968.30572
-968.30584
-968.30597
-968.30609
-968.30621
-968.30633
-968.30645
-968.30658
-968.3067
-968.30682
-968.30694
-968.30706
-968.30718
-968.30729
-968.30741
-968.30753
-968.30765
-968.30777
-968.30788
-968.308
-968.30812
-968.30824
-968.30835
-968.30847
-968.30858
-968.3087
-968.30881
-968.30893
-968.30904
-968.30916
-968.30927
-968.30939
-968.3095
-968.30961
-968.30972
-968.30984
-968.30995
-968.31006
-968.31017
-968.31028
-968.31039
-968.3105
-968.31061
-968.31072
-968.31083
-968.31094
-968.31105
-968.31116
-968.31127
-968.31138
-968.31148
-968.31159
-968.3117
-968.3118
-968.31191
-968.31202
-968.31212
-968.31223
-968.31234
-968.31244
-968.31255
-968.31265
-968.31276
-968.31286
-968.31296
-968.31307
-968.31317
-968.31327
-968.31337
-968.31348
-968.31358
-968.31368
-968.31378
-968.31388
-968.31398
-968.31409
-968.31419
-968.31429
-968.31439
-968.31449
-968.31459
-968.31468
-968.31478
-968.31488
-968.31498
-968.31508
-968.31518
-968.31527
-968.31537
-968.31547
-968.31556
-968.31566
-968.31576
-968.31585
-968.31595
-968.31604
-968.31614
-968.31623
-968.31633
-968.31642
-968.31652
-968.31661
-968.31671
-968.3168
-968.31689
-968.31698
-968.31708
-968.31717
-968.31726
-968.31735
-968.31745
-968.31754
-968.31763
-968.31772
-968.31781
-968.3179
-968.31799
-968.31808
-968.31817
-968.31826
-968.31835
-968.31844
-968.31853
-968.31862
-968.31871
-968.3188
-968.31888
-968.31897
-968.31906
-968.31915
-968.31923
-968.31932
-968.31941
-968.31949
-968.31958
-968.31967
-968.31975
-968.31984
-968.31992
-968.32001
-968.32009
-968.32018
-968.32026
-968.32034
-968.32043
-968.32051
-968.32059
-968.32068
-968.32076
-968.32084
-968.32093
-968.32101
-968.32109
-968.32117
-968.32125
-968.32134
-968.32142
-968.3215
-968.32158
-968.32166
-968.32174
-968.32182
-968.3219
-968.32198
-968.32206
-968.32214
-968.32222
-968.3223
-968.32238
-968.32245
-968.32253
-968.32261
-968.32269
-968.32277
-968.32285
-968.32292
-968.323
-968.32308
-968.32315
-968.32323
-968.32331
-968.32338
-968.32346
-968.32354
-968.32361
-968.32369
-968.32376
-968.32384
-968.32391
-968.32399
-968.32406
-968.32413
-968.32421
-968.32428
-968.32436
-968.32443
-968.3245
-968.32457
-968.32465
-968.32472
-968.32479
-968.32486
-968.32494
-968.32501
-968.32508
-968.32515
-968.32522
-968.32529
-968.32536
-968.32543
-968.3255
-968.32557
-968.32564
-968.32571
-968.32578
-968.32585
-968.32592
-968.32599
-968.32606
-968.32613
-968.3262
-968.32627
-968.32634
-968.3264
-968.32647
-968.32654
-968.32661
-968.32668
-968.32674
-968.32681
-968.32688
-968.32694
-968.32701
-968.32708
-968.32714
-968.32721
-968.32727
-968.32734
-968.3274
-968.32747
-968.32753
-968.3276
-968.32766
-968.32773
-968.32779
-968.32785
-968.32792
-968.32798
-968.32805
-968.32811
-968.32817
-968.32824
-968.3283
-968.32836
-968.32842
-968.32848
-968.32855
-968.32861
-968.32867
-968.32873
-968.32879
-968.32886
-968.32892
-968.32898
-968.32904
-968.3291
-968.32916
-968.32922
-968.32928
-968.32934
-968.3294
-968.32946
-968.32952
-968.32958
-968.32964
-968.3297
-968.32975
-968.32981
-968.32987
-968.32993
-968.32999
-968.33004
-968.3301
-968.33016
-968.33022
-968.33027
-968.33033
-968.33039
-968.33044
-968.3305
-968.33056
-968.33061
-968.33067
-968.33073
-968.33078
-968.33084
-968.33089
-968.33095
-968.331
-968.33106
-968.33112
-968.33117
-968.33123
-968.33128
-968.33134
-968.33139
-968.33144
-968.3315
-968.33155
-968.33161
-968.33166
-968.33171
-968.33177
-968.33182
-968.33187
-968.33192
-968.33198
-968.33203
-968.33208
-968.33213
-968.33218
-968.33223
-968.33228
-968.33233
-968.33239
-968.33244
-968.33249
-968.33254
-968.33259
-968.33264
-968.33269
-968.33274
-968.33279
-968.33284
