-0.88827918
-0.61952239
-0.60754618
-0.78618491
-1.0552217
-1.3237823
-1.4881092
-1.4938295
-1.4839772
-1.5080479
-1.5630453
-1.631617
-1.6905791
-1.7296524
-1.7589188
-1.7867459
-1.8122714
-1.8307053
-1.8412468
-1.8494374
-1.8626873
-1.8811051
-1.900844
-1.915389
-1.9190906
-1.9203318
-1.9239651
-1.9303657
-1.9381669
-1.9449252
-1.9497704
-1.9534431
-1.957247
-1.961583
-1.9661164
-1.9698407
-1.972972
-1.9762931
-1.9798857
-1.9835816
-1.9870735
-1.989982
-1.991799
-1.993244
-1.9946638
-1.9961385
-1.9975962
-1.9988911
-1.9998554
-2.0007002
-2.001616
-2.0026398
-2.0037528
-2.0049453
-2.006218
-2.007553
-2.0089189
-2.0102948
-2.0116697
-2.0130252
-2.0143036
-2.0154899
-2.016586
-2.0176026
-2.018536
-2.0193029
-2.0198475
-2.0202956
-2.0207197
-2.0211466
-2.0215866
-2.0220404
-2.0225164
-2.0230171
-2.0235551
-2.0241189
-2.0247011
-2.0252948
-2.025903
-2.0265197
-2.0271375
-2.0277419
-2.0283422
-2.028923
-2.0294655
-2.029963
-2.030422
-2.030822
-2.031127
-2.0313781
-2.0316166
-2.031852
-2.0320936
-2.0323425
-2.0326007
-2.0328759
-2.0331649
-2.0334673
-2.0337774
-2.0340913
-2.0344049
-2.0347264
-2.035049
-2.0353731
-2.035693
-2.0360091
-2.0363178
-2.0366167
-2.0368963
-2.0371463
-2.0373506
-2.0375208
-2.0376776
-2.0378366
-2.0380016
-2.0381731
-2.0383505
-2.0385331
-2.0387209
-2.0389132
-2.0391107
-2.0393099
-2.0395095
-2.0397097
-2.0399089
-2.0401092
-2.0403084
-2.0405039
-2.0406945
-2.0408795
-2.0410575
-2.0412251
-2.0413771
-2.0415139
-2.0416427
-2.0417674
-2.041891
-2.0420139
-2.0421394
-2.0422665
-2.0423952
-2.0425264
-2.0426581
-2.0427909
-2.0429249
-2.0430597
-2.0431921
-2.0433216
-2.0434488
-2.0435751
-2.0436994
-2.0438219
-2.0439405
-2.0440524
-2.0441568
-2.044257
-2.0443543
-2.0444511
-2.0445455
-2.0446386
-2.0447322
-2.0448269
-2.0449218
-2.0450157
-2.0451102
-2.0452041
-2.045298
-2.0453898
-2.0454817
-2.045575
-2.0456689
-2.0457635
-2.0458569
-2.0459478
-2.0460368
-2.046123
-2.046207
-2.0462872
-2.0463653
-2.0464415
-2.0465182
-2.046596
-2.0466731
-2.0467469
-2.0468195
-2.0468924
-2.0469648
-2.0470384
-2.0471143
-2.0471908
-2.0472678
-2.0473436
-2.0474177
-2.0474901
-2.047561
-2.0476304
-2.0476988
-2.0477658
-2.0478316
-2.0478959
-2.0479577
-2.0480187
-2.0480793
-2.0481401
-2.0481998
-2.0482603
-2.0483203
-2.0483797
-2.048441
-2.0485032
-2.0485654
-2.0486263
-2.048686
-2.0487452
-2.0488042
-2.0488623
-2.0489185
-2.0489725
-2.049026
-2.0490801
-2.0491351
-2.0491885
-2.0492414
-2.0492945
-2.0493482
-2.0494019
-2.0494555
-2.0495091
-2.0495609
-2.0496111
