1.1697719
1.4385287
1.4505049
1.2718662
1.0028293
0.73426879
0.56994193
0.56422164
0.57407386
0.55000319
0.49500576
0.42643406
0.36747195
0.32839869
0.29913231
0.27130518
0.24577971
0.22734581
0.21680426
0.20861369
0.19536376
0.176946
0.15720714
0.14266204
0.13896049
0.13771932
0.13408597
0.12768537
0.11988418
0.11312588
0.10828065
0.10460803
0.10080407
0.096468049
0.091934655
0.088210421
0.085079091
0.081757985
0.078165428
0.074469528
0.070977577
0.068069124
0.066252052
0.064807114
0.063387332
0.061912633
0.060454937
0.05915997
0.058195735
0.057350888
0.056435052
0.055411307
0.054298266
0.053105802
0.051833097
0.050498099
0.049132181
0.047756256
0.046381375
0.045025846
0.043747478
0.042561198
0.041465053
0.040448471
0.039515068
0.03874819
0.038203587
0.037755471
0.037331343
0.036904468
0.036464514
0.036010724
0.035534698
0.035033948
0.034495944
0.033932202
0.033349978
0.032756329
0.032148118
0.031531371
0.030913609
0.030309213
0.029708936
0.029128063
0.028585553
0.028088058
0.027629093
0.027229081
0.026924105
0.026672992
0.026434478
0.026199107
0.025957472
0.025708555
0.025450401
0.025175156
0.024886181
0.024583746
0.024273648
0.023959823
0.023646152
0.023324641
0.023002126
0.022677998
0.022358074
0.022042035
0.021733279
0.021434399
0.021154747
0.020904839
0.020700524
0.020530277
0.020373446
0.020214506
0.020049498
0.019877966
0.019700574
0.019518018
0.019330169
0.019137922
0.018940434
0.018741168
0.018541615
0.018341392
0.018142205
0.017941859
0.017742723
0.017547207
0.017356638
0.017171612
0.016993547
0.016826016
0.016673945
0.016537182
0.016408413
0.016283693
0.016160125
0.016037195
0.015911692
0.015784624
0.015655846
0.0155247
0.015392963
0.015260169
0.015126155
0.014991437
0.014858993
0.014729494
0.01460224
0.014475997
0.014351646
0.014229188
0.014110573
0.013998703
0.013894308
0.01379413
0.013696745
0.013599946
0.013505622
0.013412463
0.013318871
0.01322422
0.013129254
0.013035343
0.012940882
0.012846957
0.012753084
0.012661263
0.012569397
0.012476047
0.012382187
0.012287576
0.012194238
0.012103308
0.012014277
0.011928068
0.011844116
0.011763848
0.011685788
0.011609629
0.011532845
0.011455066
0.01137802
0.01130421
0.011231631
0.011158722
0.011086309
0.011012642
0.010936816
0.010860279
0.010783299
0.01070751
0.010633389
0.010560943
0.010490088
0.010420704
0.01035224
0.010285286
0.010219483
0.010155208
0.01009343
0.010032384
0.0099718242
0.0099110015
0.009851267
0.0097908366
0.0097307466
0.0096714217
0.0096100712
0.0095478939
0.0094856463
0.0094247989
0.0093651115
0.0093058599
0.0092468664
0.0091887712
0.0091326147
0.0090786261
0.0090250624
0.0089709628
0.0089160363
0.0088625892
0.0088097031
0.0087565709
0.0087028433
0.0086491421
0.0085955879
0.0085419562
0.0084901558
0.0084400138
