2.62926514e+00
1.72313640e+00
1.26357994e+00
9.73617347e-01
7.72649103e-01
6.24402828e-01
5.12898215e-01
4.28305209e-01
3.61587632e-01
3.07976627e-01
2.64214968e-01
2.28144420e-01
1.98121258e-01
1.72975667e-01
1.51738654e-01
1.33627331e-01
1.18006179e-01
1.04464651e-01
9.26689227e-02
8.23001670e-02
7.32560711e-02
6.54196191e-02
5.86087319e-02
5.26301904e-02
4.73278961e-02
4.25941304e-02
3.83681385e-02
3.46054972e-02
3.12631926e-02
2.82925439e-02
2.56432045e-02
2.32689046e-02
2.11334656e-02
1.92090796e-02
1.74734875e-02
1.59082160e-02
1.44958583e-02
1.32193223e-02
1.20641042e-02
1.10171405e-02
1.00670522e-02
9.20404901e-03
8.41960695e-03
7.70613102e-03
7.05673918e-03
6.46518235e-03
5.92583558e-03
5.43368811e-03
4.98429708e-03
4.57371059e-03
4.19838569e-03
3.85512290e-03
3.54102379e-03
3.25346509e-03
2.99007857e-03
2.74872926e-03
2.52707454e-03
2.32459590e-03
2.13864430e-03
1.96773250e-03
1.81071419e-03
1.66651169e-03
1.53405530e-03
1.41240069e-03
1.30065663e-03
1.19799390e-03
1.10365033e-03
1.01692920e-03
9.37195081e-04
8.63868734e-04
7.96421902e-04
7.34372393e-04
6.77279582e-04
6.24740396e-04
5.76385790e-04
5.31877651e-04
4.90906062e-04
4.53186856e-04
4.18459394e-04
3.86484550e-04
3.57042864e-04
3.29932862e-04
3.04969528e-04
2.81982920e-04
2.60816905e-04
2.41328004e-04
2.23384342e-04
2.06864682e-04
1.91657540e-04
1.77660377e-04
1.64778856e-04
1.52926166e-04
1.42022392e-04
1.31993949e-04
1.22773053e-04
1.14297235e-04
1.06508899e-04
9.93549090e-05
9.27862158e-05
8.67575083e-05
8.12268965e-05
7.61556207e-05
7.15077847e-05
6.72501142e-05
6.33517362e-05
5.97839812e-05
5.65202051e-05
5.35356305e-05
5.08072066e-05
4.83134850e-05
4.60345116e-05
4.39517316e-05
4.20479059e-05
4.03070383e-05
3.87143087e-05
3.72560139e-05
3.59195117e-05
3.46931674e-05
3.35663029e-05
3.25291451e-05
3.15727759e-05
3.06890804e-05
2.98706964e-05
2.91109636e-05
2.84038723e-05
2.77440143e-05
2.71265342e-05
2.65470821e-05
2.60017691e-05
2.54871243e-05
2.50000552e-05
2.45378093e-05
2.40979403e-05
2.36782756e-05
2.32768868e-05
2.28920636e-05
2.25222892e-05
2.21662187e-05
2.18226593e-05
2.14905532e-05
2.11689613e-05
2.08570500e-05
2.05540782e-05
2.02593869e-05
1.99723889e-05
1.96925608e-05
1.94194351e-05
1.91525938e-05
1.88916621e-05
1.86363040e-05
1.83862169e-05
1.81411282e-05
1.79007919e-05
1.76649849e-05
1.74335050e-05
1.72061681e-05
1.69828063e-05
1.67632662e-05
1.65474068e-05
1.63350987e-05
1.61262225e-05
1.59206680e-05
1.57183327e-05
1.55191216e-05
1.53229460e-05
1.51297230e-05
1.49393752e-05
1.47518295e-05
1.45670173e-05
1.43848739e-05
1.42053378e-05
1.40283511e-05
1.38538584e-05
1.36818072e-05
1.35121473e-05
1.33448308e-05
1.31798118e-05
1.30170462e-05
1.28564918e-05
1.26981078e-05
1.25418552e-05
1.23876959e-05
1.22355937e-05
1.20855130e-05
1.19374198e-05
1.17912808e-05
1.16470640e-05
1.15047380e-05
1.13642726e-05
1.12256381e-05
1.10888060e-05
1.09537480e-05
1.08204371e-05
1.06888465e-05
1.05589501e-05
1.04307227e-05
1.03041395e-05
1.01791760e-05
1.00558086e-05
9.93401415e-06
9.81376978e-06
9.69505324e-06
9.57784270e-06
9.46211677e-06
9.34785445e-06
9.23503517e-06
9.12363871e-06
9.01364526e-06
8.90503536e-06
8.79778989e-06
8.69189008e-06
8.58731749e-06
8.48405400e-06
8.38208178e-06
8.28138334e-06
8.18194144e-06
8.08373915e-06
7.98675982e-06
7.89098707e-06
7.79640475e-06
7.70299702e-06
7.61074826e-06
7.51964309e-06
7.42966638e-06
7.34080324e-06
7.25303900e-06
7.16635921e-06
7.08074964e-06
6.99619629e-06
6.91268533e-06
6.83020319e-06
6.74873645e-06
6.66827192e-06
6.58879658e-06
6.51029762e-06
6.43276240e-06
6.35617848e-06
6.28053357e-06
6.20581558e-06
6.13201259e-06
6.05911283e-06
5.98710472e-06
5.91597682e-06
5.84571788e-06
5.77631677e-06
5.70776255e-06
5.64004441e-06
5.57315170e-06
5.50707391e-06
5.44180068e-06
5.37732179e-06
5.31362716e-06
5.25070684e-06
5.18855104e-06
5.12715008e-06
5.06649442e-06
5.00657464e-06
4.94738146e-06
4.88890572e-06
4.83113839e-06
4.77407054e-06
4.71769339e-06
4.66199825e-06
4.60697656e-06
4.55261987e-06
4.49891985e-06
4.44586828e-06
4.39345703e-06
4.34167811e-06
4.29052360e-06
4.23998571e-06
4.19005675e-06
4.14072913e-06
4.09199534e-06
4.04384800e-06
3.99627981e-06
3.94928356e-06
3.90285215e-06
3.85697856e-06
3.81165587e-06
3.76687725e-06
3.72263595e-06
3.67892532e-06
3.63573879e-06
3.59306987e-06
3.55091216e-06
3.50925935e-06
3.46810520e-06
3.42744355e-06
3.38726834e-06
3.34757356e-06
3.30835330e-06
3.26960171e-06
3.23131302e-06
3.19348155e-06
3.15610166e-06
3.11916782e-06
3.08267454e-06
3.04661642e-06
3.01098811e-06
2.97578436e-06
2.94099996e-06
2.90662976e-06
2.87266871e-06
2.83911180e-06
2.80595408e-06
2.77319068e-06
2.74081677e-06
2.70882761e-06
2.67721850e-06
2.64598480e-06
2.61512193e-06
2.58462539e-06
2.55449069e-06
2.52471345e-06
2.49528931e-06
2.46621397e-06
2.43748320e-06
2.40909280e-06
2.38103865e-06
2.35331667e-06
2.32592281e-06
2.29885311e-06
2.27210362e-06
2.24567048e-06
2.21954985e-06
2.19373795e-06
2.16823103e-06
2.14302541e-06
2.11811745e-06
2.09350355e-06
2.06918016e-06
2.04514376e-06
2.02139090e-06
1.99791814e-06
1.97472213e-06
1.95179950e-06
1.92914698e-06
1.90676131e-06
1.88463928e-06
1.86277770e-06
1.84117345e-06
1.81982344e-06
1.79872460e-06
1.77787391e-06
1.75726840e-06
1.73690513e-06
1.71678117e-06
1.69689367e-06
1.67723978e-06
1.65781671e-06
1.63862168e-06
1.61965197e-06
1.60090487e-06
1.58237773e-06
1.56406790e-06
1.54597278e-06
1.52808982e-06
1.51041647e-06
1.49295023e-06
1.47568862e-06
1.45862920e-06
1.44176955e-06
1.42510729e-06
1.40864007e-06
1.39236556e-06
1.37628145e-06
1.36038549e-06
1.34467543e-06
1.32914905e-06
1.31380417e-06
1.29863863e-06
1.28365029e-06
1.26883705e-06
1.25419682e-06
1.23972754e-06
1.22542719e-06
1.21129376e-06
1.19732526e-06
1.18351973e-06
1.16987525e-06
1.15638990e-06
1.14306179e-06
1.12988906e-06
1.11686986e-06
1.10400239e-06
1.09128482e-06
1.07871541e-06
1.06629238e-06
1.05401400e-06
1.04187857e-06
1.02988439e-06
1.01802980e-06
1.00631313e-06
9.94732767e-07
