-939.96415
-941.74509
-942.66836
-943.2044
-943.53672
-943.75066
-943.89428
-943.99382
-944.06462
-944.11597
-944.15372
-944.18186
-944.20312
-944.21942
-944.23206
-944.2419
-944.24958
-944.25556
-944.2602
-944.26383
-944.26673
-944.26907
-944.27098
-944.27254
-944.27383
-944.27487
-944.2757
-944.27637
-944.27693
-944.27739
-944.27777
-944.27809
-944.27835
-944.27857
-944.27874
-944.27889
-944.27902
-944.27912
-944.27921
-944.27929
-944.27936
-944.27941
-944.27946
-944.2795
-944.27954
-944.27957
-944.2796
-944.27962
-944.27964
-944.27966
-944.27967
-944.27969
-944.2797
-944.27971
-944.27972
-944.27973
-944.27974
-944.27974
-944.27975
-944.27975
-944.27976
-944.27976
-944.27977
-944.27977
-944.27978
-944.27978
-944.27978
-944.27978
-944.27979
-944.27979
-944.27979
-944.2798
-944.2798
-944.2798
-944.2798
-944.2798
-944.27981
-944.27981
-944.27981
-944.27981
-944.27981
-944.27982
-944.27982
-944.27982
-944.27982
-944.27982
-944.27982
-944.27983
-944.27983
-944.27983
-944.27983
-944.27983
-944.27983
-944.27983
-944.27984
-944.27984
-944.27984
-944.27984
-944.27984
-944.27984
-944.27984
-944.27985
-944.27985
-944.27985
-944.27985
-944.27985
-944.27985
-944.27985
-944.27985
-944.27985
-944.27986
-944.27986
-944.27986
-944.27986
-944.27986
-944.27986
-944.27986
-944.27986
-944.27986
-944.27986
-944.27987
-944.27987
-944.27987
-944.27987
-944.27987
-944.27987
-944.27987
-944.27987
-944.27987
-944.27987
-944.27987
-944.27988
-944.27988
-944.27988
-944.27988
-944.27988
-944.27988
-944.27988
-944.27988
-944.27988
-944.27988
-944.27988
-944.27988
-944.27988
-944.27989
-944.27989
-944.27989
-944.27989
-944.27989
-944.27989
-944.27989
-944.27989
-944.27989
-944.27989
-944.27989
-944.27989
-944.27989
-944.27989
-944.27989
-944.27989
-944.27989
-944.2799
-944.2799
-944.2799
-944.2799
-944.2799
-944.2799
-944.2799
-944.2799
-944.2799
-944.2799
-944.2799
-944.2799
-944.2799
-944.2799
-944.2799
-944.2799
-944.2799
-944.2799
-944.2799
-944.2799
-944.2799
-944.27991
-944.27991
-944.27991
-944.27991
-944.27991
-944.27991
-944.27991
-944.27991
-944.27991
-944.27991
-944.27991
-944.27991
-944.27991
-944.27991
-944.27991
-944.27991
-944.27991
-944.27991
-944.27991
-944.27991
-944.27991
-944.27991
-944.27991
-944.27991
-944.27991
-944.27991
-944.27991
-944.27991
-944.27991
-944.27992
-944.27992
-944.27992
-944.27992
-944.27992
-944.27992
-944.27992
-944.27992
-944.27992
-944.27992
-944.27992
-944.27992
-944.27992
-944.27992
-944.27992
-944.27992
-944.27992
-944.27992
-944.27992
-944.27992
-944.27992
-944.27992
-944.27992
-944.27992
-944.27992
-944.27992
-944.27992
-944.27992
-944.27992
-944.27992
-944.27992
-944.27992
-944.27992
-944.27992
-944.27992
-944.27992
-944.27992
-944.27992
-944.27992
-944.27992
-944.27992
-944.27992
-944.27992
-944.27992
-944.27992
-944.27992
-944.27992
-944.27993
-944.27993
-944.27993
-944.27993
-944.27993
-944.27993
-944.27993
-944.27993
-944.27993
-944.27993
-944.27993
-944.27993
-944.27993
-944.27993
-944.27993
-944.27993
-944.27993
-944.27993
-944.27993
-944.27993
-944.27993
-944.27993
-944.27993
-944.27993
-944.27993
-944.27993
-944.27993
-944.27993
-944.27993
-944.27993
-944.27993
-944.27993
-944.27993
-944.27993
-944.27993
-944.27993
-944.27993
-944.27993
-944.27993
-944.27993
-944.27993
-944.27993
-944.27993
-944.27993
-944.27993
-944.27993
-944.27993
-944.27993
-944.27993
-944.27993
-944.27993
-944.27993
-944.27993
-944.27993
-944.27993
-944.27993
-944.27993
-944.27993
-944.27993
-944.27993
-944.27993
-944.27993
-944.27993
-944.27993
-944.27993
-944.27993
-944.27993
-944.27993
-944.27993
-944.27993
-944.27993
-944.27993
-944.27993
-944.27993
-944.27993
-944.27993
-944.27993
-944.27993
-944.27993
-944.27993
-944.27993
-944.27993
-944.27993
-944.27993
-944.27993
-944.27993
-944.27993
-944.27993
-944.27993
-944.27993
-944.27993
-944.27993
-944.27993
-944.27993
-944.27993
-944.27993
-944.27993
-944.27993
-944.27993
-944.27993
-944.27993
-944.27993
-944.27993
-944.27993
-944.27993
-944.27993
-944.27993
-944.27993
-944.27993
-944.27993
-944.27993
-944.27993
-944.27993
-944.27993
-944.27993
-944.27993
-944.27993
-944.27993
-944.27993
-944.27993
-944.27994
-944.27994
-944.27994
-944.27994
-944.27994
-944.27994
-944.27994
-944.27994
-944.27994
-944.27994
-944.27994
-944.27994
-944.27994
-944.27994
-944.27994
-944.27994
-944.27994
