1.26960516e+00
7.52002948e-01
3.41661275e-01
3.62000439e-01
5.03358997e-01
5.43270996e-01
4.91736336e-01
3.87809873e-01
2.82858301e-01
2.25746628e-01
2.20600250e-01
2.24644186e-01
2.12768745e-01
1.87197203e-01
1.61216743e-01
1.45367003e-01
1.38631583e-01
1.33093475e-01
1.24079213e-01
1.12678520e-01
1.02531645e-01
9.57944429e-02
9.14311523e-02
8.69538253e-02
8.09027240e-02
7.35104505e-02
6.60720163e-02
5.98825322e-02
5.54904032e-02
5.26196752e-02
5.06769778e-02
4.92103034e-02
4.80380995e-02
4.71304074e-02
4.64713896e-02
4.60190342e-02
4.57300634e-02
4.55101848e-02
4.52103355e-02
4.46887777e-02
4.38724201e-02
4.27419262e-02
4.13218661e-02
3.96855139e-02
3.79346193e-02
3.61642363e-02
3.44296885e-02
3.27618314e-02
3.12107528e-02
2.98358750e-02
2.86901012e-02
2.77986597e-02
2.71555310e-02
2.67326111e-02
2.64837364e-02
2.63574752e-02
2.62985084e-02
2.62573919e-02
2.61942051e-02
2.60710518e-02
2.58633278e-02
2.55578691e-02
2.51581364e-02
2.46712700e-02
2.41088584e-02
2.34886946e-02
2.28317515e-02
2.21647151e-02
2.15148993e-02
2.09019544e-02
2.03451008e-02
1.98608618e-02
1.94572165e-02
1.91359009e-02
1.88928658e-02
1.87126964e-02
1.85808864e-02
1.84844146e-02
1.84040578e-02
1.83212524e-02
1.82214903e-02
1.80955363e-02
1.79355667e-02
1.77400046e-02
1.75108631e-02
1.72534767e-02
1.69755870e-02
1.66837663e-02
1.63861522e-02
1.60918357e-02
1.58081382e-02
1.55410837e-02
1.52986472e-02
1.50843128e-02
1.48968363e-02
1.47374545e-02
1.46052246e-02
1.44945311e-02
1.43972547e-02
1.43068398e-02
1.42181725e-02
1.41270115e-02
1.40288985e-02
1.39210537e-02
1.38029918e-02
1.36755567e-02
1.35396526e-02
1.33964063e-02
1.32479499e-02
1.30972564e-02
1.29479565e-02
1.28035551e-02
1.26661423e-02
1.25375337e-02
1.24183915e-02
1.23091888e-02
1.22095787e-02
1.21191367e-02
1.20364498e-02
1.19592127e-02
1.18851487e-02
1.18123446e-02
1.17390198e-02
1.16641159e-02
1.15866276e-02
1.15063972e-02
1.14236169e-02
1.13374382e-02
1.12483545e-02
1.11583934e-02
1.10693937e-02
1.09817360e-02
1.08959549e-02
1.08122912e-02
1.07315829e-02
1.06548392e-02
1.05821211e-02
1.05128601e-02
1.04469009e-02
1.03840665e-02
1.03236368e-02
1.02647610e-02
1.02069280e-02
1.01495550e-02
1.00919801e-02
1.00342520e-02
9.97650974e-03
