-1.2903393
-0.9862482
-0.93838064
-1.0846353
-1.3286329
-1.5794859
-1.698884
-1.6371236
-1.5875988
-1.597513
-1.6592379
-1.7458586
-1.8128733
-1.8387573
-1.8509143
-1.8681087
-1.8899749
-1.9130587
-1.9292485
-1.9328199
-1.9363525
-1.9443723
-1.9556324
-1.9649536
-1.9697743
-1.9729887
-1.9744498
-1.9763749
-1.9797239
-1.9833749
-1.9865753
-1.9893891
-1.9916952
-1.9943837
-1.9976405
-2.0009331
-2.0036088
-2.0068235
-2.0106068
-2.0145246
-2.0178524
-2.0202774
-2.0217225
-2.0220573
-2.0212374
-2.0205576
-2.020142
-2.0198631
-2.0196238
-2.0193502
-2.0192181
-2.0193538
-2.0198089
-2.020578
-2.0216308
-2.0229126
-2.0243655
-2.0259192
-2.0274948
-2.0290266
-2.0303478
-2.0314108
-2.0323206
-2.0330719
-2.0332841
-2.0327598
-2.0322653
-2.0318543
-2.031541
-2.0313275
-2.0312231
-2.031232
-2.0313499
-2.0315751
-2.0319054
-2.0323268
-2.0328363
-2.0334274
-2.0340817
-2.0347815
-2.0355107
-2.0362491
-2.0369409
-2.0374973
-2.0379146
-2.0382214
-2.0379805
-2.0376851
-2.0374296
-2.0372299
-2.03709
-2.0370132
-2.0370023
-2.0370576
-2.0371774
-2.0373566
-2.0375912
-2.037875
-2.0381981
-2.0385536
-2.0389332
-2.0393272
-2.0397234
-2.0401061
-2.0404316
-2.0406811
-2.0408703
-2.0407863
-2.0406567
-2.0405421
-2.0404514
-2.0403907
-2.040362
-2.0403682
-2.0404082
-2.0404813
-2.0405847
-2.0407169
-2.0408738
-2.0410522
-2.0412483
-2.0414579
-2.0416751
-2.0418937
-2.042107
-2.0422969
-2.0424486
-2.0425708
-2.0425825
-2.042533
-2.0424912
-2.0424627
-2.042449
-2.0424506
-2.0424689
-2.0425049
-2.0425574
-2.0426257
-2.0427094
-2.0428075
-2.0429173
-2.0430361
-2.0431618
-2.043291
-2.0434202
-2.0435474
-2.0436662
