0.76771177
1.0718029
1.1196705
0.97341584
0.72941816
0.4785652
0.35916709
0.42092745
0.47045234
0.4605381
0.39881321
0.31219254
0.2451778
0.21929375
0.20713681
0.1899424
0.16807624
0.14499235
0.12880258
0.12523122
0.12169863
0.11367877
0.10241873
0.093097465
0.088276803
0.085062426
0.083601248
0.08167622
0.078327155
0.074676148
0.071475781
0.068661958
0.066355859
0.063667379
0.060410578
0.057117995
0.054442266
0.051227588
0.047444311
0.04352646
0.040198711
0.037773703
0.036328573
0.035993808
0.036813722
0.037493441
0.037909113
0.03818801
0.038427274
0.038700923
0.03883301
0.038697322
0.038242225
0.037473108
0.036420305
0.035138524
0.03368554
0.032131908
0.03055626
0.029024444
0.027703287
0.026640324
0.025730504
0.024979152
0.024767008
0.025291333
0.025785837
0.026196756
0.026510092
0.026723614
0.026828016
0.026819072
0.026701228
0.026475972
0.026145704
0.025724314
0.025214758
0.024623668
0.023969409
0.023269571
0.022540357
0.021801984
0.021110152
0.020553742
0.020136482
0.019829718
0.02007064
0.020365965
0.020621519
0.020821212
0.020961042
0.021037937
0.021048766
0.020993486
0.020873665
0.020694521
0.020459846
0.020176106
0.019852966
0.019497519
0.01911785
0.018723917
0.01832771
0.017944967
0.017619528
0.01736998
0.017180745
0.017264782
0.017394393
0.017509019
0.017599663
0.017660409
0.017689119
0.017682904
0.017642861
0.017569741
0.017466355
0.017334163
0.017177266
0.016998931
0.016802825
0.016593239
0.016375981
0.016157391
0.015944119
0.015754224
0.015602449
0.015480272
0.01546858
0.015518081
0.015559937
0.015588385
0.015602127
0.015600457
0.015582204
0.01554623
0.01549366
0.015425416
0.015341651
0.015243596
0.015133789
0.015015007
0.014889277
0.014760088
0.014630933
0.014503643
0.014384914
