1.51569447e+00
1.00817826e+00
6.61547039e-01
6.27411342e-01
6.78803087e-01
6.93192111e-01
6.62891489e-01
6.03502061e-01
5.39990435e-01
4.90081519e-01
4.56497594e-01
4.29838237e-01
4.03392088e-01
3.75729266e-01
3.50644117e-01
3.28993642e-01
3.08565891e-01
2.86943658e-01
2.64526902e-01
2.43627038e-01
2.26286001e-01
2.12719892e-01
2.01736278e-01
1.92068922e-01
1.83054711e-01
1.74455414e-01
1.66462724e-01
1.58546788e-01
1.50391578e-01
1.42764657e-01
1.36049656e-01
1.29906473e-01
1.24151292e-01
1.18864989e-01
1.14148741e-01
1.09927461e-01
1.06030831e-01
1.02406778e-01
9.90690056e-02
9.60298839e-02
9.32172379e-02
9.06159633e-02
8.81987155e-02
8.59269159e-02
8.38067807e-02
8.18394221e-02
8.00190568e-02
7.83168628e-02
7.66785329e-02
7.49027018e-02
7.29365725e-02
7.10525755e-02
6.94088844e-02
6.79939999e-02
6.67271112e-02
6.55273541e-02
6.43519435e-02
6.31751268e-02
6.19954560e-02
6.07899881e-02
5.95572284e-02
5.83620071e-02
5.72447072e-02
5.61924714e-02
5.52156479e-02
5.42713315e-02
5.33650218e-02
5.24947137e-02
5.16474707e-02
5.08051766e-02
4.99425246e-02
4.90969440e-02
4.82949707e-02
4.75566537e-02
4.68759289e-02
4.62297206e-02
4.55960716e-02
4.49650743e-02
4.43395105e-02
4.37075847e-02
4.30838688e-02
4.24930930e-02
4.19391847e-02
4.14110693e-02
4.08980163e-02
4.03862772e-02
3.98823222e-02
3.93874935e-02
3.88935957e-02
3.84184965e-02
3.79755086e-02
3.75387925e-02
3.71113824e-02
3.66878474e-02
3.62746592e-02
3.58770520e-02
3.55035486e-02
3.51223182e-02
3.47514537e-02
3.44035247e-02
3.40808182e-02
3.37756139e-02
3.34771884e-02
3.31824655e-02
3.28873330e-02
3.25958477e-02
3.23181999e-02
3.20573432e-02
3.18097725e-02
3.15703558e-02
3.13304236e-02
3.10861827e-02
3.08456005e-02
3.06188590e-02
3.04072682e-02
3.02005747e-02
2.99945750e-02
2.97938580e-02
2.96016739e-02
2.94130664e-02
2.92162659e-02
2.89187658e-02
2.86033344e-02
2.82778198e-02
2.78515999e-02
2.74154957e-02
2.69889161e-02
2.66235768e-02
2.63516443e-02
2.61479103e-02
2.59650090e-02
2.57727112e-02
2.55406267e-02
2.52662583e-02
2.50016269e-02
2.47790455e-02
2.45872418e-02
2.44046785e-02
2.42046037e-02
2.39857638e-02
2.37346941e-02
2.34349787e-02
2.31626068e-02
2.29687921e-02
2.28479690e-02
2.27600499e-02
2.26247312e-02
2.24449122e-02
2.22612154e-02
2.21047634e-02
2.19820328e-02
2.18823258e-02
2.17900531e-02
2.16943286e-02
2.15809720e-02
2.14468697e-02
2.13190993e-02
2.12124318e-02
2.10938929e-02
2.09787359e-02
2.08790218e-02
2.07951577e-02
2.07160217e-02
2.06016632e-02
2.04764631e-02
2.03671906e-02
2.02808526e-02
2.02094505e-02
2.01291112e-02
2.00373660e-02
1.99481522e-02
1.98672865e-02
1.97748350e-02
1.96809075e-02
1.95913650e-02
1.95097079e-02
1.94224279e-02
1.93337980e-02
1.92526997e-02
1.91797715e-02
1.91144129e-02
1.90541700e-02
1.89960582e-02
1.89380738e-02
1.88797552e-02
1.88124665e-02
1.87316231e-02
1.86531331e-02
1.85870548e-02
1.85340203e-02
1.84884147e-02
1.84429684e-02
1.83940571e-02
1.83421167e-02
1.82876672e-02
1.82096433e-02
1.81291687e-02
1.80618796e-02
1.80083215e-02
1.79651260e-02
1.79268137e-02
1.78890578e-02
1.78494756e-02
1.78072517e-02
1.77627706e-02
1.77173719e-02
1.76728649e-02
1.76307587e-02
1.75916079e-02
1.75548836e-02
1.75194081e-02
1.74774594e-02
1.74333473e-02
1.73913021e-02
1.73515435e-02
1.73149394e-02
1.72795655e-02
1.72420902e-02
1.71811101e-02
1.70734377e-02
1.69697122e-02
1.68997434e-02
1.68616168e-02
1.68374094e-02
1.68123420e-02
1.67817607e-02
1.67471890e-02
1.66743538e-02
1.65135762e-02
1.63433855e-02
1.62196928e-02
1.61503909e-02
1.61149060e-02
1.60913477e-02
1.60686453e-02
1.60439914e-02
1.60167234e-02
1.59814015e-02
1.59357101e-02
1.58893433e-02
1.58497856e-02
1.57957513e-02
1.56641765e-02
1.55219239e-02
1.54143047e-02
1.53462856e-02
1.52130927e-02
1.50668453e-02
1.49547079e-02
1.48897364e-02
1.48575978e-02
1.48202995e-02
1.47430597e-02
1.46630711e-02
1.46062884e-02
1.45739222e-02
1.45524383e-02
1.45288446e-02
1.44970576e-02
1.44167561e-02
1.42693596e-02
1.41260100e-02
1.40251591e-02
1.39656645e-02
1.39308816e-02
1.39072754e-02
1.38767634e-02
1.38384197e-02
1.38024184e-02
1.37724210e-02
1.37472053e-02
1.37247794e-02
1.37039613e-02
1.36835826e-02
1.36618485e-02
1.36371235e-02
1.36076470e-02
1.35764014e-02
1.35476723e-02
1.35241827e-02
1.35062040e-02
1.34921817e-02
1.34798882e-02
1.34626453e-02
1.34200484e-02
1.33697278e-02
1.33292941e-02
1.33043815e-02
1.32901627e-02
1.32791142e-02
1.32662038e-02
1.32313735e-02
1.31888285e-02
1.31521011e-02
1.31264803e-02
1.31099673e-02
1.30916286e-02
1.30555424e-02
1.30145925e-02
1.29801274e-02
1.29553860e-02
1.29374663e-02
1.29225452e-02
1.29084445e-02
1.28943385e-02
1.28797695e-02
1.28644191e-02
1.28484490e-02
1.28326360e-02
1.28047897e-02
1.27746359e-02
1.27505340e-02
1.27293804e-02
1.27020097e-02
1.26755001e-02
1.26546875e-02
1.26395724e-02
1.26274344e-02
1.26155902e-02
1.26026988e-02
1.25887488e-02
1.25743766e-02
1.25602832e-02
1.25469793e-02
1.25347202e-02
1.25234893e-02
1.25130206e-02
1.25029067e-02
1.24927723e-02
1.24824227e-02
1.24718862e-02
1.24613411e-02
1.24509893e-02
1.24409545e-02
1.24312464e-02
1.24217882e-02
1.24124724e-02
1.24032128e-02
1.23939705e-02
1.23847550e-02
1.23756060e-02
1.23665685e-02
1.23576723e-02
1.23489230e-02
1.23403038e-02
1.23317868e-02
1.23233450e-02
1.23103013e-02
1.22956163e-02
1.22829163e-02
1.22732340e-02
1.22655041e-02
1.22581828e-02
1.22503815e-02
1.22420119e-02
1.22333688e-02
1.22246932e-02
1.22160925e-02
1.22047584e-02
1.21925655e-02
1.21817618e-02
1.21728349e-02
1.21653083e-02
1.21479620e-02
1.21238845e-02
1.21023266e-02
1.20887255e-02
1.20798703e-02
1.20720302e-02
1.20634273e-02
1.20541456e-02
1.20450136e-02
1.20327652e-02
1.19861927e-02
1.17720119e-02
1.15150400e-02
1.11506451e-02
1.08216741e-02
1.06228361e-02
1.04472509e-02
1.03529049e-02
1.03244744e-02
1.03023502e-02
1.02278201e-02
1.00958555e-02
9.94306635e-03
