0.4070679
0.53469636
0.44913032
0.20480299
-0.12227981
-0.4522673
-0.7020207
-0.81796034
-0.90114516
-0.99539266
-1.1065321
-1.2208164
-1.3226439
-1.4013645
-1.4704979
-1.5358196
-1.5936936
-1.6402897
-1.6754834
-1.7038948
-1.7310583
-1.7601697
-1.7886345
-1.8132144
-1.8301629
-1.8444851
-1.8595374
-1.874753
-1.8901064
-1.9037529
-1.9144118
-1.9222469
-1.9293836
-1.9371648
-1.945262
-1.9532483
-1.9609651
-1.9678058
-1.9740958
-1.9800868
-1.9858381
-1.9911264
-1.9958593
-2.0001786
-2.0042465
-2.0080666
-2.0117522
-2.0152702
-2.0186045
-2.0215044
-2.0239999
-2.0265831
-2.029211
-2.0318021
-2.0343869
-2.0369502
-2.0394833
-2.0419254
-2.0442469
-2.0462757
-2.0478965
-2.0494608
-2.0510538
-2.0526218
-2.0542726
-2.0558965
-2.0575893
-2.0591866
-2.0606355
-2.0620072
-2.0632502
-2.0645196
-2.0657771
-2.0670968
-2.0684922
-2.0699092
-2.0713191
-2.0726356
-2.073834
-2.0748565
-2.0757957
-2.076746
-2.0776738
-2.0785625
-2.0794233
-2.0802082
-2.0809367
-2.0816036
-2.0822485
-2.0829682
-2.0837763
-2.0845897
-2.0854429
-2.0862691
-2.087039
-2.0877636
-2.0884753
-2.089015
-2.0895926
-2.0902012
-2.0908487
-2.0915218
-2.0921901
-2.0928339
-2.0933885
-2.0939304
-2.0944795
-2.0950366
-2.0955949
-2.0961638
-2.0967026
-2.097189
-2.0976642
-2.0981446
-2.0986324
-2.0991022
-2.0995741
-2.1000617
-2.1005511
-2.1010347
-2.1015122
-2.1018824
-2.102227
-2.1025334
-2.1027225
-2.102923
-2.1031386
-2.1034341
-2.1038258
-2.1042722
-2.1047161
-2.1051542
-2.105553
-2.105899
-2.1062562
-2.1066026
-2.1069167
-2.1072002
-2.1074452
-2.1076488
-2.1078033
-2.107937
-2.1081561
-2.1084359
-2.1087379
-2.1090736
-2.1094057
-2.1097313
-2.1100663
-2.1103694
-2.1106375
-2.1108994
-2.1111493
-2.1114018
-2.1116584
-2.111914
-2.1121875
-2.1124527
-2.1126518
-2.1128514
-2.1130495
-2.1132555
-2.1134792
-2.1136376
-2.1138146
-2.1140122
-2.1142148
-2.1144315
-2.1146354
-2.1148433
-2.1150688
-2.1152901
-2.1155015
-2.1157342
-2.1159564
-2.1161667
-2.1163328
-2.1165038
-2.1166952
-2.1168965
-2.1171049
-2.1173256
-2.1175457
-2.1177675
-2.1179776
-2.1181598
-2.1183196
-2.1184839
-2.1186508
-2.1188301
-2.1190275
-2.1192306
-2.1194317
-2.1196264
-2.1198083
-2.1199496
-2.1200979
-2.1202543
-2.1204089
-2.1205782
-2.1207657
-2.1209646
-2.121163
-2.1213471
-2.1215212
-2.1216735
-2.1218169
-2.1219627
-2.1221161
-2.1222783
-2.1224448
-2.1225886
-2.1227355
-2.1228774
-2.1230132
-2.1231623
-2.1233206
-2.1234764
-2.1235925
-2.1236512
-2.1237292
-2.123827
-2.1239423
-2.1240787
-2.1242403
-2.1244195
-2.1246107
-2.1247648
-2.1248397
-2.1248989
-2.1249711
-2.1250751
-2.1252135
-2.1253844
-2.125578
-2.1257784
-2.1259585
-2.1260911
-2.1261852
-2.126281
-2.1263921
-2.1264879
-2.1265523
-2.1266557
-2.1267855
-2.1269092
-2.1269788
-2.1270661
-2.1271729
-2.1272898
-2.127408
-2.127507
-2.1275782
-2.1276707
-2.1277861
-2.1279022
-2.1280209
-2.128161
-2.1283099
-2.1284221
-2.1284923
-2.1285698
-2.1286447
-2.1287344
-2.1288484
-2.1289803
-2.1291158
-2.1292508
-2.129372
-2.1294509
-2.1295162
-2.1295965
-2.1296951
-2.1298109
-2.1299332
-2.1300596
-2.1301692
-2.1302662
-2.1303529
-2.1304436
-2.1305437
-2.1306544
-2.1307723
-2.1308838
-2.1309485
-2.1310059
-2.1310754
-2.131159
-2.1312532
-2.1313627
-2.1314832
-2.1315835
-2.1316804
-2.1317616
-2.1318356
-2.1319131
-2.1319785
-2.1320307
-2.1320984
-2.1321738
-2.1322546
-2.1323302
-2.1324113
-2.1325092
-2.1326226
-2.1327446
-2.1328711
-2.1329859
-2.1330896
-2.1331618
-2.1332311
-2.1333048
-2.133381
-2.1334473
-2.1335209
-2.1336041
-2.1336955
-2.1337879
-2.1338767
-2.1339645
-2.1340551
-2.1341448
-2.1342301
-2.1343162
-2.1344032
-2.1344939
-2.1345814
-2.134668
-2.1347561
-2.1348452
-2.1349277
-2.1350072
-2.1350883
-2.1351711
-2.1352541
-2.1353371
-2.135419
-2.1355028
-2.1355869
-2.1356697
-2.1357514
-2.1358322
-2.1359123
-2.135992
-2.1360708
-2.1361491
-2.1362264
-2.1362858
-2.1363441
-2.136407
-2.136476
-2.1365508
-2.1366307
-2.1367153
-2.1368
-2.1368846
-2.136967
-2.1370428
-2.137102
-2.1371614
-2.1372259
-2.1372957
-2.1373726
-2.1374386
-2.1375005
-2.1375568
-2.1376217
-2.1376803
-2.1377439
-2.1378163
-2.1378908
-2.1379695
-2.1380425
-2.1380842
-2.1379989
-2.1379239
-2.1377416
-2.137619
-2.137587
-2.1375695
-2.1376407
-2.1377936
-2.1380243
-2.1382183
-2.1382809
-2.1382767
