2.465119
2.5927475
2.5071814
2.2628541
1.9357713
1.6057838
1.3560304
1.2400907
1.1569059
1.0626584
0.95151902
0.83723473
0.7354072
0.65668661
0.58755316
0.52223153
0.46435749
0.41776141
0.38256765
0.3541563
0.32699281
0.29788143
0.26941659
0.2448367
0.22788819
0.21356595
0.19851367
0.18329813
0.16794473
0.15429822
0.14363928
0.13580422
0.12866751
0.12088627
0.11278908
0.10480284
0.097086032
0.090245277
0.083955335
0.077964264
0.072212962
0.066924711
0.062191835
0.057872495
0.05380457
0.04998453
0.046298894
0.042780904
0.039446574
0.036546725
0.034051236
0.031468039
0.028840056
0.026249019
0.023664219
0.02110089
0.018567798
0.016125738
0.013804225
0.011775353
0.01015462
0.008590242
0.0069972502
0.0054293238
0.0037784846
0.0021546342
0.00046180326
0.0011354998
0.0025843677
0.0039561187
0.0051991489
0.0064685238
0.0077260353
0.0090457189
0.010441067
0.011858061
0.01326796
0.01458452
0.015782946
0.016805405
0.017744585
0.01869487
0.019622678
0.020511395
0.021372252
0.022157135
0.022885607
0.023552551
0.024197393
0.02491713
0.025725166
0.026538602
0.027391781
0.02821796
0.028987872
0.029712503
0.030424248
0.030963895
0.031541475
0.032150122
0.032797568
0.033470739
0.034139019
0.034782832
0.035337368
0.035879283
0.036428382
0.036985531
0.037543793
0.038112689
0.038651503
0.039137899
0.039613157
0.040093473
0.040581319
0.04105115
0.041523027
0.042010615
0.04249997
0.042983644
0.043461155
0.043831272
0.044175866
0.044482347
0.044671429
0.04487194
0.045087538
0.045383026
0.045774757
0.046221148
0.046664975
0.047103065
0.047501882
0.04784793
0.048205069
0.048551513
0.048865639
0.049149143
0.049394155
0.049597689
0.049752217
0.049885952
0.050105041
0.050384769
0.0506868
0.051022519
0.05135457
0.051680249
0.052015246
0.052318282
0.052586417
0.052848279
0.053098197
0.053350665
0.053607312
0.053862876
0.054136412
0.054401597
0.0546007
0.05480026
0.054998382
0.055204459
0.055428149
0.055586536
0.055763551
0.055961095
0.056163702
0.056380458
0.056584312
0.056792215
0.057017742
0.057239002
0.057450408
0.057683129
0.05790532
0.058115599
0.058281737
0.058452665
0.058644064
0.058845447
0.059053856
0.059274463
0.059494614
0.059716408
0.059926463
0.060108752
0.060268541
0.06043285
0.060599675
0.060778982
0.060976443
0.061179489
0.061380634
0.061575289
0.061757205
0.06189854
0.062046857
0.062203219
0.062357799
0.062527129
0.062714604
0.062913469
0.063111889
0.063295976
0.063470146
0.063622361
0.063765799
0.063911606
0.064065023
0.064227225
0.064393714
0.064537506
0.064684424
0.064826296
0.064962144
0.065111199
0.065269515
0.065425323
0.065541419
0.065600145
0.065678069
0.065775861
0.065891214
0.066027572
0.066189188
0.066368361
0.066559627
0.066713719
0.066788653
0.066847762
0.066919998
0.067023963
0.067162367
0.067333309
0.06752693
0.067727289
0.067907417
0.068039975
0.068134143
0.068229892
0.068341
0.068436801
0.068501238
0.068604581
0.068734399
0.068858119
0.068927705
0.069014991
0.069121769
0.069238691
0.069356896
0.069455913
0.069527069
0.069619569
0.069735015
0.069851103
0.06996983
0.070109902
0.070258854
0.07037103
0.070441219
0.070518691
0.070593621
0.070683359
0.07079735
0.070929203
0.071064688
0.071199714
0.071320867
0.071399854
0.071465107
0.071545443
0.071643996
0.071759859
0.071882086
0.072008549
0.072118142
0.072215098
0.072301821
0.072392551
0.072492651
0.072603297
0.07272125
0.072832689
0.072897413
0.072954765
0.073024281
0.073107957
0.073202153
0.073311569
0.073432122
0.073532449
0.073629329
0.073710481
0.073784515
0.073861961
0.073927429
0.073979638
0.074047339
0.074122725
0.07420351
0.074279092
0.074360204
0.074458128
0.074571536
0.074693477
0.074819991
0.074934786
0.07503853
0.075110734
0.075180026
0.075253741
0.075329952
0.075396168
0.075469848
0.075553045
0.075644457
0.07573685
0.075825581
0.075913414
0.076004042
0.076093729
0.076179059
0.076265076
0.076352099
0.07644279
0.076530349
0.076616911
0.076704997
0.076794068
0.076876575
0.076956068
0.077037202
0.07712002
0.077203045
0.077286001
0.077367892
0.077451705
0.077535839
0.077618624
0.077700268
0.077781074
0.077861252
0.077940945
0.078019732
0.078097986
0.078175336
0.078234717
0.078292961
0.078355874
0.078424881
0.078499685
0.078579655
0.078664212
0.078748933
0.078833556
0.078915955
0.07899175
0.079050881
0.079110351
0.079174846
0.079244565
0.079321483
0.079387519
0.079449373
0.07950572
0.079570568
0.079629233
0.079692781
0.079765241
0.079839689
0.079918447
0.079991455
0.080033072
0.079947793
0.079872837
0.079690496
0.079567862
0.079535957
0.079518366
0.079589596
0.079742492
0.079973163
0.080167191
0.080229826
0.080225651
