1.61017150e+00
1.13678652e+00
8.51943689e-01
8.11728339e-01
8.18081556e-01
8.14941665e-01
7.93705758e-01
7.56579452e-01
7.19341273e-01
6.91861045e-01
6.73617468e-01
6.57074208e-01
6.01475015e-01
4.99761936e-01
3.82719866e-01
3.04301353e-01
2.87217665e-01
2.98816345e-01
3.02870476e-01
2.89386703e-01
2.63730039e-01
2.34980049e-01
2.09589506e-01
1.90918629e-01
1.72133785e-01
1.56967339e-01
1.47322814e-01
1.41023939e-01
1.34331523e-01
1.25446865e-01
1.15513323e-01
1.07224955e-01
1.02368648e-01
1.00269758e-01
9.87057917e-02
9.59418698e-02
9.17343355e-02
8.70424217e-02
8.31049523e-02
8.05361136e-02
7.90351944e-02
7.78353098e-02
7.63431430e-02
7.44366152e-02
7.23666141e-02
7.04741733e-02
6.89470057e-02
6.77499382e-02
6.67220716e-02
6.57231637e-02
6.47183785e-02
6.37668556e-02
6.29451071e-02
6.22842182e-02
6.17481449e-02
6.12588540e-02
6.07429243e-02
6.01673182e-02
5.95472134e-02
5.89282748e-02
5.83579052e-02
5.78619962e-02
5.74373604e-02
5.70598930e-02
5.67005270e-02
5.63392008e-02
5.59707819e-02
5.56024984e-02
5.52465175e-02
5.49124650e-02
5.46033129e-02
5.43155090e-02
5.40420094e-02
5.37759415e-02
5.35130603e-02
5.32523028e-02
5.29948375e-02
5.27425412e-02
5.24967680e-02
5.22578383e-02
5.20251977e-02
5.17979126e-02
5.15751428e-02
5.13563828e-02
5.11414520e-02
5.09303399e-02
5.07230384e-02
5.05194441e-02
5.03193472e-02
5.01224768e-02
4.99285588e-02
4.97373576e-02
4.95486925e-02
4.93624345e-02
4.91784948e-02
4.89968106e-02
4.88173320e-02
4.86400113e-02
4.84647945e-02
4.82916174e-02
4.81204054e-02
4.79510783e-02
4.77835551e-02
4.76177588e-02
4.74536179e-02
4.72910666e-02
4.71300434e-02
4.69704905e-02
4.68123546e-02
4.66555877e-02
4.65001484e-02
4.63460015e-02
4.61931168e-02
4.60414670e-02
4.58910254e-02
4.57417656e-02
4.55936608e-02
4.54466844e-02
4.53008111e-02
4.51560172e-02
4.50122804e-02
4.48695796e-02
4.47278943e-02
4.45872046e-02
4.44474913e-02
4.43087360e-02
4.41709213e-02
4.40340314e-02
4.38980515e-02
4.37629681e-02
4.36287679e-02
4.34703859e-02
4.31696175e-02
4.28627581e-02
4.26383800e-02
4.24962148e-02
4.23871880e-02
4.22686169e-02
4.21275921e-02
4.19723335e-02
4.18148494e-02
4.16619670e-02
4.15158842e-02
4.13772172e-02
4.12457697e-02
4.11196343e-02
4.09952380e-02
4.08691160e-02
4.07399073e-02
4.06088328e-02
4.04784167e-02
4.03506475e-02
4.02259329e-02
4.01033102e-02
3.99814106e-02
3.98593519e-02
3.97370609e-02
3.96150440e-02
3.94939337e-02
3.93741302e-02
3.92556807e-02
3.91383637e-02
3.90218628e-02
3.89059254e-02
3.86425261e-02
3.83517811e-02
3.81344410e-02
3.80030212e-02
3.79120391e-02
3.78152590e-02
3.76956194e-02
3.75601645e-02
3.74218977e-02
3.72884543e-02
3.71615829e-02
3.70409024e-02
3.69258545e-02
3.68151959e-02
3.67064783e-02
3.65969818e-02
3.64852963e-02
3.63719910e-02
3.62588501e-02
3.61474699e-02
3.60383511e-02
3.59309565e-02
3.58243890e-02
3.57180366e-02
3.56117949e-02
3.55059044e-02
3.54006671e-02
3.52962631e-02
3.51927206e-02
3.50899743e-02
3.49879281e-02
3.48864901e-02
3.47855853e-02
3.46851639e-02
3.45852080e-02
3.44857318e-02
3.43867704e-02
3.42883614e-02
3.41905274e-02
3.40932685e-02
3.39965665e-02
3.39003962e-02
3.38047366e-02
3.37095777e-02
3.36149196e-02
3.35207675e-02
3.34271244e-02
3.33339870e-02
3.32413451e-02
3.31491854e-02
3.30574961e-02
3.29662704e-02
3.28755070e-02
3.27852078e-02
3.26953752e-02
3.26060089e-02
3.25171054e-02
3.24286588e-02
3.23406622e-02
3.22531094e-02
3.21659959e-02
3.20793185e-02
3.19930746e-02
3.19072615e-02
3.18218761e-02
3.17369146e-02
3.16523731e-02
3.15682480e-02
3.14845361e-02
3.14012343e-02
3.13183398e-02
3.12358498e-02
3.11537612e-02
3.10720706e-02
3.09907747e-02
3.09098700e-02
3.08293534e-02
3.07492217e-02
3.06694720e-02
3.05901015e-02
3.05111074e-02
3.04324870e-02
3.03542373e-02
3.02763556e-02
3.01988391e-02
3.01216851e-02
3.00448907e-02
2.99684533e-02
2.98923701e-02
2.98166384e-02
2.97412556e-02
2.96662190e-02
2.95915260e-02
2.95171741e-02
2.94431606e-02
2.93694832e-02
2.92961394e-02
2.92231268e-02
2.91504428e-02
2.90780852e-02
2.90060516e-02
2.89057016e-02
2.82824860e-02
2.71613752e-02
2.61908293e-02
2.57558543e-02
2.57453849e-02
2.58301325e-02
2.57902318e-02
2.56078764e-02
2.53761164e-02
2.48243614e-02
2.41341066e-02
2.36200131e-02
2.33815036e-02
2.33202487e-02
2.32918164e-02
2.32194842e-02
2.31040295e-02
2.29757467e-02
2.28531329e-02
2.27354330e-02
2.23509312e-02
2.18178657e-02
2.14115481e-02
2.12405534e-02
2.12322911e-02
2.12525166e-02
2.12159478e-02
2.11134233e-02
2.09790080e-02
2.08481596e-02
2.07373504e-02
2.06464295e-02
2.05693472e-02
2.05009811e-02
2.04377805e-02
2.03762544e-02
2.03128842e-02
2.01324336e-02
1.95166492e-02
1.88914241e-02
1.85501844e-02
1.84978144e-02
1.85590025e-02
1.85730166e-02
1.84870991e-02
1.83354002e-02
1.81772045e-02
1.80517677e-02
1.79668493e-02
1.79096638e-02
1.78621148e-02
1.78104797e-02
1.77259115e-02
1.76143969e-02
1.75095015e-02
1.74278010e-02
1.73661277e-02
1.73127348e-02
1.72581729e-02
1.71990268e-02
1.71361936e-02
1.70720363e-02
1.70087688e-02
1.69479552e-02
1.68902949e-02
1.68354588e-02
1.67822597e-02
1.67292732e-02
1.66755704e-02
1.66210813e-02
1.65664011e-02
1.65122679e-02
1.64591052e-02
1.64068833e-02
1.63552818e-02
1.63039587e-02
1.62527371e-02
1.62016361e-02
1.61507880e-02
1.61003292e-02
1.60503289e-02
1.60007771e-02
1.59516123e-02
1.59027622e-02
1.58541740e-02
1.58058259e-02
1.57577219e-02
1.57098773e-02
1.56623051e-02
1.56150085e-02
1.55679817e-02
1.55212150e-02
1.54747007e-02
1.54284360e-02
1.53824229e-02
1.53366653e-02
1.52911655e-02
1.52459227e-02
1.52009331e-02
1.51561912e-02
1.51116914e-02
1.50674293e-02
1.50234019e-02
1.49796077e-02
1.49360455e-02
1.48927141e-02
1.48496118e-02
1.48067369e-02
1.47640873e-02
1.47216610e-02
1.46794560e-02
1.46374706e-02
1.45957032e-02
1.45541518e-02
1.45128148e-02
1.44716902e-02
1.44307762e-02
1.43900710e-02
1.43495729e-02
1.43092802e-02
1.42691913e-02
1.42293044e-02
1.41896180e-02
1.41501303e-02
1.41108399e-02
1.40717452e-02
1.40328447e-02
1.39941371e-02
1.39556212e-02
1.39172957e-02
1.38791595e-02
1.38412113e-02
1.38034500e-02
1.37658744e-02
1.37284833e-02
1.36912754e-02
1.36542493e-02
1.36174038e-02
1.35807373e-02
1.35442486e-02
1.35079362e-02
1.34717987e-02
1.34358347e-02
1.34000428e-02
1.33644219e-02
1.33289706e-02
1.32936878e-02
1.31564774e-02
1.28605373e-02
1.25901314e-02
1.24339435e-02
1.23665562e-02
1.23272217e-02
1.22864284e-02
1.22496499e-02
1.22264651e-02
1.22096427e-02
1.21803386e-02
1.21254908e-02
1.20478641e-02
1.19624459e-02
1.18857119e-02
1.18270866e-02
1.17870046e-02
1.17599355e-02
1.17384380e-02
1.17158329e-02
1.16874085e-02
1.16509491e-02
1.16069278e-02
1.15581490e-02
1.15086703e-02
1.14622990e-02
1.14212961e-02
1.13858240e-02
1.13542591e-02
1.13240784e-02
1.12928652e-02
1.12590617e-02
1.12222944e-02
1.11832737e-02
1.11433883e-02
1.11041650e-02
1.10667732e-02
1.10317169e-02
1.09987831e-02
1.09672243e-02
1.09360793e-02
1.09045060e-02
1.08720176e-02
1.08385639e-02
1.08044626e-02
1.07702285e-02
1.07363724e-02
1.07032393e-02
1.06709280e-02
1.06393031e-02
1.06080802e-02
1.05769437e-02
1.05456538e-02
1.05141113e-02
1.04823668e-02
1.04505807e-02
1.04189545e-02
1.03876615e-02
1.03567969e-02
1.03263609e-02
1.02962740e-02
1.02664138e-02
1.02366590e-02
1.02069248e-02
1.01771811e-02
1.01474500e-02
1.01177879e-02
1.00882607e-02
1.00589198e-02
1.00297888e-02
1.00008598e-02
9.97210253e-03
9.94347749e-03
9.91495096e-03
9.88650506e-03
9.85814124e-03
9.82987693e-03
9.80173762e-03
9.77374757e-03
9.74592236e-03
9.71826521e-03
9.69076773e-03
9.66341391e-03
9.63618579e-03
9.60906865e-03
9.58205426e-03
9.55514155e-03
9.52833500e-03
9.50164166e-03
9.47506801e-03
9.44861766e-03
9.42229052e-03
9.39608331e-03
9.36999114e-03
9.34400933e-03
9.31813491e-03
9.29236725e-03
9.26670796e-03
9.24115989e-03
9.21572602e-03
9.19040833e-03
9.16520718e-03
9.14012123e-03
9.11514786e-03
9.09028387e-03
9.06552623e-03
9.04087265e-03
9.01632176e-03
8.99187307e-03
8.96752665e-03
8.94328270e-03
8.91914123e-03
8.89510188e-03
8.87116394e-03
8.84732645e-03
8.82358845e-03
8.79994916e-03
8.77640807e-03
8.75296497e-03
8.72961982e-03
8.70637260e-03
8.68322316e-03
8.66017114e-03
8.63721589e-03
8.61435657e-03
8.59159219e-03
8.56892175e-03
8.54634433e-03
8.52385911e-03
8.50146545e-03
8.47916278e-03
8.45695062e-03
8.43482849e-03
8.41279593e-03
8.39085242e-03
8.36899745e-03
8.34723051e-03
8.32555109e-03
8.30395877e-03
8.28245310e-03
8.26103369e-03
8.23970015e-03
8.21845204e-03
8.19728892e-03
8.17621027e-03
8.15521555e-03
8.13430419e-03
8.11347561e-03
8.09272923e-03
8.07206450e-03
8.05148089e-03
8.03097788e-03
8.01055501e-03
7.99021179e-03
7.96994778e-03
7.94976252e-03
7.92965558e-03
7.90962652e-03
7.88967490e-03
7.86980033e-03
7.85000238e-03
7.83028064e-03
7.81063471e-03
7.79106416e-03
7.77156859e-03
7.75214757e-03
7.73280065e-03
7.71352741e-03
7.69432739e-03
7.67520016e-03
7.65614528e-03
7.63716232e-03
7.61825086e-03
7.59941049e-03
7.58064079e-03
7.56194137e-03
7.54331183e-03
7.52475177e-03
7.50626083e-03
7.48783860e-03
7.46948472e-03
7.45119881e-03
7.43298051e-03
7.41482943e-03
7.39674522e-03
7.37872750e-03
7.36077590e-03
7.34289005e-03
7.32506959e-03
7.30731414e-03
7.28962334e-03
7.27199682e-03
7.25443423e-03
7.23693521e-03
7.21949940e-03
7.20212645e-03
7.18481603e-03
7.16756778e-03
7.15038136e-03
7.13325644e-03
7.11619269e-03
7.09918978e-03
7.08224737e-03
7.06536514e-03
7.04854276e-03
7.03177991e-03
7.01507627e-03
6.99843152e-03
6.98184534e-03
6.96531741e-03
6.94884741e-03
6.93243503e-03
6.91607996e-03
6.89978188e-03
6.88354050e-03
6.86735550e-03
6.85122658e-03
6.83515344e-03
6.81913579e-03
6.80317333e-03
6.78726576e-03
6.77141280e-03
6.75561415e-03
6.73986953e-03
6.72417866e-03
6.70854126e-03
6.69295703e-03
6.67742570e-03
6.66194700e-03
6.64652064e-03
6.63114636e-03
6.61582387e-03
6.60055292e-03
6.58533321e-03
6.57016450e-03
6.55504651e-03
6.53997897e-03
6.52496163e-03
6.50999423e-03
6.49507650e-03
6.48020819e-03
6.46538904e-03
6.45061880e-03
6.43589722e-03
6.42122404e-03
6.40659903e-03
6.39202193e-03
6.37749249e-03
6.36301048e-03
6.34857565e-03
6.33418777e-03
6.31984659e-03
6.30555187e-03
6.29130338e-03
6.27710089e-03
6.26294415e-03
6.24883295e-03
6.23476706e-03
6.22074623e-03
6.20677025e-03
6.19283889e-03
6.17895193e-03
6.16510915e-03
6.15131031e-03
6.13755522e-03
6.12384364e-03
6.11017536e-03
6.09655017e-03
6.08296785e-03
6.06942819e-03
6.05593098e-03
6.04247601e-03
6.02906307e-03
6.01569196e-03
6.00236246e-03
5.98907438e-03
5.97582751e-03
5.96262165e-03
5.94945660e-03
5.93633216e-03
5.92324813e-03
5.91020432e-03
5.89720053e-03
5.88423658e-03
5.87131225e-03
5.85842737e-03
5.84558175e-03
5.83277519e-03
5.82000751e-03
5.80727852e-03
5.79458804e-03
5.78193588e-03
5.76932186e-03
5.75674579e-03
5.74420751e-03
5.73170682e-03
5.71924356e-03
5.70681753e-03
5.69442857e-03
5.68207651e-03
5.66976116e-03
5.65748236e-03
5.64523994e-03
5.63303371e-03
5.62086352e-03
5.60872920e-03
5.59663058e-03
5.58456749e-03
5.57253977e-03
5.56054725e-03
5.54858978e-03
5.53666718e-03
5.52477930e-03
5.51292598e-03
5.50110706e-03
5.48932239e-03
5.47757180e-03
5.46585513e-03
5.45417225e-03
5.44252298e-03
5.43090718e-03
5.41932470e-03
5.40777538e-03
5.39625908e-03
5.38477564e-03
5.37332492e-03
5.36190678e-03
5.35052105e-03
5.33916761e-03
5.32784630e-03
5.31655698e-03
5.30529951e-03
5.29407374e-03
5.28287954e-03
5.27171677e-03
5.26058528e-03
5.24948494e-03
5.23841562e-03
5.22737716e-03
5.21636945e-03
5.20539234e-03
5.19444569e-03
5.18352939e-03
5.17264329e-03
5.16178726e-03
5.15096117e-03
5.14016490e-03
5.12939831e-03
5.11866127e-03
5.10795366e-03
5.09727535e-03
5.08662622e-03
5.07600613e-03
5.06541497e-03
5.05485261e-03
5.04431893e-03
5.03381381e-03
5.02333712e-03
5.01288874e-03
5.00246856e-03
4.99207646e-03
4.98171231e-03
4.97137600e-03
4.96106741e-03
4.95078643e-03
4.94053293e-03
4.93030682e-03
4.92010796e-03
4.90993625e-03
4.89979158e-03
4.88967383e-03
4.87958289e-03
4.86951865e-03
4.85948100e-03
4.84946983e-03
4.83948503e-03
4.82952650e-03
4.81959413e-03
4.80968780e-03
4.79980742e-03
4.78995287e-03
4.78012406e-03
4.77032088e-03
4.76054322e-03
4.75079099e-03
4.74106407e-03
4.73136237e-03
4.72168579e-03
4.71203423e-03
4.70240758e-03
4.69280575e-03
4.68322863e-03
4.67367613e-03
4.66414816e-03
4.65464461e-03
4.64516539e-03
4.63571040e-03
4.62627955e-03
4.61687274e-03
4.60748988e-03
4.59813087e-03
4.58879562e-03
4.57948404e-03
4.57019604e-03
4.56093152e-03
4.55169039e-03
4.54247257e-03
4.53327796e-03
4.52410648e-03
4.51495803e-03
4.50583252e-03
4.49672988e-03
4.48765000e-03
4.47859281e-03
4.46955822e-03
4.46054614e-03
4.45155649e-03
4.44258918e-03
4.43364412e-03
4.42472124e-03
4.41582045e-03
4.40694167e-03
4.39808481e-03
4.38924979e-03
4.38043654e-03
4.37164496e-03
4.36287498e-03
4.35412653e-03
4.34539951e-03
4.33669385e-03
4.32800948e-03
4.31934630e-03
4.31070426e-03
4.30208326e-03
4.29348323e-03
4.28490409e-03
4.27634578e-03
4.26780820e-03
4.25929129e-03
4.25079497e-03
4.24231918e-03
4.23386382e-03
4.22542883e-03
4.21701414e-03
4.20861968e-03
4.20024536e-03
4.19189112e-03
4.18355690e-03
4.17524260e-03
4.16694818e-03
4.15867354e-03
4.15041863e-03
4.14218338e-03
4.13396771e-03
4.12577156e-03
4.11759486e-03
4.10943754e-03
4.10129953e-03
4.09318077e-03
4.08508118e-03
4.07700070e-03
4.06893927e-03
4.06089682e-03
4.05287328e-03
4.04486859e-03
4.03688268e-03
4.02891549e-03
4.02096695e-03
4.01303700e-03
4.00512558e-03
3.99723263e-03
3.98935807e-03
3.98150186e-03
3.97366391e-03
3.96584419e-03
3.95804261e-03
3.95025913e-03
3.94249367e-03
3.93474619e-03
3.92701661e-03
3.91930489e-03
3.91161095e-03
3.90393475e-03
3.89627622e-03
3.88863530e-03
3.88101193e-03
3.87340607e-03
3.86581764e-03
3.85824659e-03
3.85069286e-03
3.84315641e-03
3.83563716e-03
3.82813507e-03
3.82065008e-03
3.81318213e-03
3.80573116e-03
3.79829713e-03
3.79087998e-03
3.78347965e-03
3.77609609e-03
3.76872924e-03
3.76137905e-03
3.75404547e-03
3.74672845e-03
3.73942792e-03
3.73214384e-03
3.72487616e-03
3.71762483e-03
3.71038978e-03
3.70317098e-03
3.69596836e-03
3.68878188e-03
3.68161149e-03
3.67445714e-03
3.66731877e-03
3.66019634e-03
3.65308980e-03
3.64599909e-03
3.63892417e-03
3.63186498e-03
3.62482149e-03
3.61779364e-03
3.61078138e-03
3.60378466e-03
3.59680344e-03
3.58983767e-03
3.58288730e-03
3.57595229e-03
3.56903258e-03
3.56212813e-03
3.55523890e-03
3.54836483e-03
3.54150588e-03
3.53466202e-03
3.52783318e-03
3.52101932e-03
3.51422040e-03
3.50743638e-03
3.50066721e-03
3.49391284e-03
3.48717324e-03
3.48044835e-03
3.47373813e-03
3.46704254e-03
3.46036154e-03
3.45369508e-03
3.44704312e-03
3.44040562e-03
3.43378252e-03
3.42717380e-03
3.42057941e-03
3.41399931e-03
3.40743345e-03
3.40088179e-03
3.39434429e-03
3.38782092e-03
3.38131162e-03
3.37481636e-03
3.36833510e-03
3.36186779e-03
3.35541440e-03
3.34897489e-03
3.34254922e-03
3.33613734e-03
3.32973921e-03
3.32335481e-03
3.31698408e-03
3.31062699e-03
3.30428350e-03
3.29795357e-03
3.29163717e-03
3.28533425e-03
3.27904477e-03
3.27276870e-03
3.26650601e-03
3.26025664e-03
3.25402057e-03
3.24779776e-03
3.24158816e-03
3.23539175e-03
3.22920849e-03
3.22303833e-03
3.21688125e-03
3.21073721e-03
3.20460616e-03
3.19848808e-03
3.19238292e-03
3.18629066e-03
3.18021126e-03
3.17414467e-03
3.16809088e-03
3.16204983e-03
3.15602150e-03
3.15000585e-03
3.14400284e-03
3.13801245e-03
3.13203463e-03
3.12606936e-03
3.12011659e-03
3.11417630e-03
3.10824845e-03
3.10233301e-03
3.09642994e-03
3.09053922e-03
3.08466079e-03
3.07879465e-03
3.07294074e-03
3.06709904e-03
3.06126952e-03
3.05545214e-03
3.04964687e-03
3.04385367e-03
3.03807253e-03
3.03230340e-03
3.02654624e-03
3.02080104e-03
3.01506776e-03
3.00934636e-03
3.00363682e-03
2.99793911e-03
2.99225318e-03
2.98657902e-03
2.98091659e-03
2.97526586e-03
2.96962680e-03
2.96399938e-03
2.95838357e-03
2.95277934e-03
2.94718666e-03
2.94160549e-03
2.93603581e-03
2.93047760e-03
2.92493081e-03
2.91939542e-03
2.91387140e-03
2.90835872e-03
2.90285735e-03
2.89736727e-03
2.89188844e-03
2.88642083e-03
2.88096442e-03
2.87551918e-03
2.87008508e-03
2.86466209e-03
2.85925018e-03
2.85384932e-03
2.84845949e-03
2.84308066e-03
2.83771280e-03
2.83235588e-03
2.82700987e-03
2.82167476e-03
2.81635050e-03
2.81103707e-03
2.80573445e-03
2.80044261e-03
2.79516152e-03
2.78989116e-03
2.78463149e-03
2.77938249e-03
2.77414414e-03
2.76891640e-03
2.76369925e-03
2.75849267e-03
2.75329663e-03
2.74811110e-03
2.74293606e-03
2.73777148e-03
2.73261733e-03
2.72747360e-03
2.72234024e-03
2.71721724e-03
2.71210458e-03
2.70700222e-03
2.70191015e-03
2.69682833e-03
2.69175674e-03
2.68669536e-03
2.68164416e-03
2.67660312e-03
2.67157221e-03
2.66655141e-03
2.66154069e-03
2.65654003e-03
2.65154941e-03
2.64656879e-03
2.64159816e-03
2.63663749e-03
2.63168676e-03
2.62674594e-03
2.62181502e-03
2.61689396e-03
2.61198274e-03
2.60708134e-03
2.60218973e-03
2.59730790e-03
2.59243582e-03
2.58757346e-03
2.58272080e-03
2.57787783e-03
2.57304450e-03
2.56822082e-03
2.56340674e-03
2.55860225e-03
2.55380732e-03
2.54902194e-03
2.54424608e-03
2.53947971e-03
2.53472282e-03
2.52997538e-03
2.52523737e-03
2.52050877e-03
2.51578955e-03
2.51107970e-03
2.50637919e-03
2.50168800e-03
2.49700611e-03
2.49233350e-03
2.48767014e-03
2.48301601e-03
2.47837110e-03
2.47373538e-03
2.46910882e-03
2.46449142e-03
2.45988314e-03
2.45528396e-03
2.45069387e-03
2.44611285e-03
2.44154086e-03
2.43697790e-03
2.43242394e-03
2.42787896e-03
2.42334294e-03
2.41881585e-03
2.41429769e-03
2.40978842e-03
2.40528803e-03
2.40079650e-03
2.39631381e-03
2.39183993e-03
2.38737485e-03
2.38291854e-03
2.37847099e-03
2.37403218e-03
2.36960209e-03
2.36518069e-03
2.36076797e-03
2.35636390e-03
2.35196847e-03
2.34758167e-03
2.34320346e-03
2.33883383e-03
2.33447276e-03
2.33012023e-03
2.32577622e-03
2.32144072e-03
2.31711369e-03
2.31279514e-03
2.30848502e-03
2.30418334e-03
2.29989006e-03
2.29560516e-03
2.29132864e-03
2.28706047e-03
2.28280063e-03
2.27854911e-03
2.27430587e-03
2.27007092e-03
2.26584422e-03
2.26162577e-03
2.25741553e-03
2.25321350e-03
2.24901966e-03
2.24483398e-03
2.24065644e-03
2.23648704e-03
2.23232576e-03
2.22817256e-03
2.22402745e-03
2.21989039e-03
2.21576137e-03
2.21164038e-03
2.20752739e-03
2.20342240e-03
2.19932537e-03
2.19523629e-03
2.19115516e-03
2.18708194e-03
2.18301662e-03
2.17895918e-03
2.17490961e-03
2.17086789e-03
2.16205969e-03
2.01736437e-03
1.84635630e-03
1.74410619e-03
1.72717448e-03
1.74777625e-03
1.75966339e-03
1.74972995e-03
1.72793757e-03
1.70725484e-03
1.69241837e-03
1.68085627e-03
1.66892678e-03
1.65575939e-03
1.64284438e-03
1.59974305e-03
1.55274779e-03
1.52406204e-03
1.51671427e-03
1.51961790e-03
1.52076661e-03
1.51500481e-03
1.50370301e-03
1.49081986e-03
1.47955501e-03
1.47113061e-03
1.46518612e-03
1.46065802e-03
1.45645739e-03
1.45183082e-03
1.44649426e-03
1.44058926e-03
1.43449409e-03
1.42858264e-03
1.42305836e-03
1.41793193e-03
1.41310633e-03
1.40847590e-03
1.40397147e-03
1.39954961e-03
1.39516714e-03
1.39077629e-03
1.38634292e-03
1.38186626e-03
1.37737998e-03
1.37293258e-03
1.36856126e-03
1.36427574e-03
1.36005880e-03
1.35587938e-03
1.35170837e-03
1.34752926e-03
1.34334082e-03
1.33915366e-03
1.33498403e-03
1.33084774e-03
1.32675561e-03
1.32271111e-03
1.31871025e-03
1.31474342e-03
1.31079863e-03
1.30686515e-03
1.30293630e-03
1.29901062e-03
1.29509119e-03
1.29118348e-03
1.28729290e-03
1.24440799e-03
1.03852882e-03
7.88947675e-04
6.31212659e-04
6.21802405e-04
6.72892069e-04
7.01116195e-04
6.91347106e-04
6.60843398e-04
6.28546222e-04
6.01891998e-04
5.79291828e-04
5.58574542e-04
5.40531700e-04
5.26597334e-04
5.16166816e-04
5.07146517e-04
4.98312161e-04
4.90339458e-04
4.84608518e-04
4.81351676e-04
4.79094655e-04
4.75756192e-04
4.70161898e-04
4.62712659e-04
4.54938002e-04
4.48450716e-04
4.44048990e-04
4.41469412e-04
4.39774805e-04
4.37966158e-04
4.35419208e-04
4.32009049e-04
4.27999422e-04
4.23833877e-04
4.19935402e-04
4.16572125e-04
4.13807992e-04
4.11529519e-04
4.09520792e-04
4.07551326e-04
4.05446753e-04
4.03126252e-04
4.00605041e-04
3.97969919e-04
3.95339884e-04
3.92824415e-04
3.90490673e-04
3.88347857e-04
3.86351812e-04
3.84426476e-04
3.82493275e-04
3.80497488e-04
3.78422821e-04
3.76290699e-04
3.74146784e-04
3.72041367e-04
3.70011512e-04
3.68070883e-04
3.66209420e-04
3.64401078e-04
3.62615361e-04
3.60827882e-04
3.59026623e-04
3.57212726e-04
3.55396813e-04
3.53593034e-04
3.51813338e-04
3.50063769e-04
3.48343563e-04
3.46646700e-04
3.44964889e-04
3.43290712e-04
3.41619890e-04
3.39952130e-04
3.38290544e-04
3.36640110e-04
3.35005794e-04
3.33390994e-04
3.31796705e-04
3.30221552e-04
3.28662515e-04
3.27116019e-04
3.25578982e-04
3.24049525e-04
3.22527167e-04
3.21012571e-04
3.19506987e-04
3.18011636e-04
3.16527249e-04
3.15053872e-04
3.13590956e-04
3.12137645e-04
3.10693124e-04
3.09256900e-04
3.07828923e-04
3.06409537e-04
3.04999304e-04
3.03598771e-04
3.02208271e-04
3.00827824e-04
2.99457135e-04
2.98095691e-04
2.96742900e-04
2.95398229e-04
2.94061290e-04
2.92731873e-04
2.91409914e-04
2.90095437e-04
2.88788481e-04
2.87489056e-04
2.86197115e-04
2.84912573e-04
2.83635324e-04
2.82365282e-04
2.81102396e-04
2.79846662e-04
2.78598105e-04
2.77356759e-04
2.76122642e-04
2.74895733e-04
2.73675966e-04
2.72463236e-04
2.71257406e-04
2.70058331e-04
2.68865873e-04
2.67679910e-04
2.66500346e-04
2.65327105e-04
2.64160127e-04
2.62999365e-04
2.61844771e-04
2.60696305e-04
2.59553924e-04
2.58417590e-04
2.57287268e-04
2.56162930e-04
2.55044548e-04
2.53932099e-04
2.52825555e-04
2.51724885e-04
2.50630048e-04
2.49540997e-04
2.48457677e-04
2.47380031e-04
2.46307996e-04
2.45241514e-04
2.44180528e-04
2.43124985e-04
2.42074838e-04
2.41030042e-04
2.39990556e-04
2.38956344e-04
2.37927370e-04
2.36903602e-04
2.35885009e-04
2.34871561e-04
2.33863229e-04
2.32859985e-04
2.31861801e-04
2.30868647e-04
2.29880491e-04
2.28897301e-04
2.27919042e-04
2.26945678e-04
2.25977173e-04
2.25013490e-04
2.24054592e-04
2.23100444e-04
2.22151011e-04
2.21206260e-04
2.20266159e-04
2.19330676e-04
2.18399783e-04
2.17473452e-04
2.16551655e-04
2.15634365e-04
2.14721557e-04
2.13813204e-04
2.12909283e-04
2.12009766e-04
2.11114628e-04
2.10223844e-04
2.09337386e-04
2.08455228e-04
2.07577343e-04
2.06703705e-04
2.05834285e-04
2.04969058e-04
2.04107997e-04
2.03251076e-04
2.02398269e-04
2.01549552e-04
2.00704899e-04
1.99864288e-04
1.99027695e-04
1.98195096e-04
1.97366469e-04
1.96541792e-04
1.95721042e-04
1.94904198e-04
1.94091237e-04
1.93282137e-04
1.92476877e-04
1.91675435e-04
1.90877788e-04
1.90083914e-04
1.89293793e-04
1.88507402e-04
1.87724720e-04
1.86945726e-04
1.86170397e-04
1.85398715e-04
1.84630657e-04
1.83866204e-04
1.83105336e-04
1.82348033e-04
1.81594275e-04
1.80844042e-04
1.80097317e-04
1.79354078e-04
1.78614308e-04
1.77877988e-04
1.77145098e-04
1.76415621e-04
1.75689536e-04
1.74966827e-04
1.74247474e-04
1.73531458e-04
1.72818763e-04
1.72109369e-04
1.71403259e-04
1.70700414e-04
1.70000818e-04
1.69304452e-04
1.68611299e-04
1.67921342e-04
1.67234565e-04
1.66550949e-04
1.65870478e-04
1.65193135e-04
1.64518905e-04
1.63847769e-04
1.63179713e-04
1.62514719e-04
1.61852772e-04
1.61193855e-04
1.60537952e-04
1.59885048e-04
1.59235126e-04
1.58588172e-04
1.57944168e-04
1.57303100e-04
1.56664953e-04
1.56029711e-04
1.55397358e-04
1.54767880e-04
1.54141262e-04
1.53517488e-04
1.52896545e-04
1.52278417e-04
1.51663090e-04
1.51050549e-04
1.50440779e-04
1.49833768e-04
1.49229499e-04
1.48627960e-04
1.48029135e-04
1.47433012e-04
1.46839575e-04
1.46248812e-04
1.45660709e-04
1.45075251e-04
1.44492425e-04
1.43912218e-04
1.43334617e-04
1.42759608e-04
1.42187177e-04
1.41617313e-04
1.41050000e-04
1.40485228e-04
1.39922982e-04
1.39363250e-04
1.38806018e-04
1.38251276e-04
1.37699009e-04
1.37149205e-04
1.36601852e-04
1.36056938e-04
1.35514449e-04
1.34974375e-04
1.34436702e-04
1.33901418e-04
1.33368512e-04
1.32837971e-04
1.32309784e-04
1.31783939e-04
1.31260424e-04
1.30739227e-04
1.30220337e-04
1.29703742e-04
1.29189431e-04
1.28677391e-04
1.28167613e-04
1.27660085e-04
1.27154795e-04
1.26651732e-04
1.26150885e-04
1.25652243e-04
1.25155796e-04
1.24661532e-04
1.24169440e-04
1.23679510e-04
1.23191731e-04
1.22706092e-04
1.22222582e-04
1.21741192e-04
1.21261911e-04
1.20784727e-04
1.20309632e-04
1.19836614e-04
1.19365663e-04
1.18896769e-04
1.18429923e-04
1.17965113e-04
1.17502330e-04
1.17041564e-04
1.16582805e-04
1.16126044e-04
1.15671270e-04
1.15218473e-04
1.14767644e-04
1.14318774e-04
1.13871852e-04
1.13426870e-04
1.12983817e-04
1.12542684e-04
1.12103463e-04
1.11666143e-04
1.11230716e-04
1.10797171e-04
1.10365501e-04
1.09935696e-04
1.09507746e-04
1.09081643e-04
1.08657378e-04
1.08234942e-04
1.07814326e-04
1.07395521e-04
1.06978519e-04
1.06563310e-04
1.06149886e-04
1.05738239e-04
1.05328360e-04
1.04920240e-04
1.04513871e-04
1.04109244e-04
1.03706351e-04
1.03305184e-04
1.02905734e-04
1.02507993e-04
1.02111954e-04
1.01717606e-04
1.01324944e-04
1.00933957e-04
1.00544640e-04
1.00156982e-04
9.97709776e-05
9.93866174e-05
9.90038938e-05
9.86227992e-05
9.82433256e-05
9.78654654e-05
9.74892109e-05
9.71145543e-05
9.67414881e-05
9.63700047e-05
9.60000966e-05
9.56317563e-05
9.52649762e-05
9.48997490e-05
9.45360674e-05
9.41739239e-05
9.38133112e-05
9.34542222e-05
9.30966496e-05
9.27405861e-05
9.23860247e-05
9.20329583e-05
9.16813797e-05
9.13312820e-05
9.09826582e-05
9.06355012e-05
9.02898041e-05
8.99455602e-05
8.96027625e-05
8.92614042e-05
8.89214785e-05
8.85829788e-05
8.82458982e-05
8.79102301e-05
8.75759680e-05
8.72431051e-05
8.69116349e-05
8.65815509e-05
8.62528466e-05
8.59255155e-05
8.55995512e-05
8.52749473e-05
8.49516974e-05
8.46297953e-05
8.43092345e-05
8.39900089e-05
8.36721122e-05
8.33555382e-05
8.30402807e-05
8.27263337e-05
8.24136910e-05
8.21023465e-05
8.17922942e-05
8.14835281e-05
8.11760422e-05
8.08698306e-05
8.05648874e-05
8.02612066e-05
7.99587824e-05
7.96576091e-05
7.93576807e-05
7.90589916e-05
7.87615360e-05
7.84653082e-05
7.81703025e-05
7.78765133e-05
7.75839350e-05
7.72925619e-05
7.70023886e-05
7.67134095e-05
7.64256191e-05
7.61390119e-05
7.58535825e-05
7.55693254e-05
7.52862353e-05
7.50043069e-05
7.47235347e-05
7.44439134e-05
7.41654379e-05
7.38881028e-05
7.36119030e-05
7.33368331e-05
7.30628881e-05
7.27900628e-05
7.25183521e-05
7.22477509e-05
7.19782541e-05
7.17098567e-05
7.14425536e-05
7.11763400e-05
7.09112107e-05
7.06471609e-05
7.03841857e-05
7.01222802e-05
6.98614394e-05
6.96016587e-05
6.93429331e-05
6.90852578e-05
6.88286282e-05
6.85730394e-05
6.83184868e-05
6.80649656e-05
6.78124711e-05
6.75609989e-05
6.73105441e-05
6.70611022e-05
6.68126686e-05
6.65652389e-05
6.63188084e-05
6.60733726e-05
6.58289271e-05
6.55854673e-05
6.53429890e-05
6.51014875e-05
6.48609586e-05
6.46213979e-05
6.43828010e-05
6.41451636e-05
6.39084814e-05
6.36727500e-05
6.34379653e-05
6.32041230e-05
6.29712189e-05
6.27392487e-05
6.25082083e-05
6.22780936e-05
6.20489003e-05
6.18206245e-05
6.15932619e-05
6.13668085e-05
6.11412602e-05
6.09166131e-05
6.06928631e-05
6.04700062e-05
6.02480384e-05
6.00269557e-05
5.98067544e-05
5.95874303e-05
5.93689797e-05
5.91513986e-05
5.89346832e-05
5.87188297e-05
5.85038342e-05
5.82896929e-05
5.80764021e-05
5.78639579e-05
5.76523567e-05
5.74415948e-05
5.72316683e-05
5.70225737e-05
5.68143072e-05
5.66068652e-05
5.64002440e-05
5.61944401e-05
5.59894499e-05
5.57852697e-05
5.55818960e-05
5.53793253e-05
5.51775540e-05
5.49765786e-05
5.47763956e-05
5.45770016e-05
5.43783930e-05
5.41805665e-05
5.39835187e-05
5.37872460e-05
5.35917451e-05
5.33970127e-05
5.32030454e-05
5.30098398e-05
5.28173926e-05
5.26257005e-05
5.24347603e-05
5.22445685e-05
5.20551221e-05
5.18664176e-05
5.16784520e-05
5.14912219e-05
5.13047243e-05
5.11189558e-05
5.09339133e-05
5.07495938e-05
5.05659939e-05
5.03831107e-05
5.02009410e-05
5.00194818e-05
4.98387299e-05
4.96586823e-05
4.94793359e-05
4.93006877e-05
4.91227348e-05
4.89454740e-05
4.87689024e-05
4.85930171e-05
4.84178150e-05
4.82432933e-05
4.80694489e-05
4.78962791e-05
4.77237808e-05
4.75519513e-05
4.73807875e-05
4.72102867e-05
4.70404460e-05
4.68712626e-05
4.67027337e-05
4.65348564e-05
4.63676280e-05
4.62010456e-05
4.60351066e-05
4.58698082e-05
4.57051476e-05
4.55411221e-05
4.53777290e-05
4.52149655e-05
4.50528291e-05
4.48913170e-05
4.47304266e-05
4.45701553e-05
4.44105003e-05
4.42514590e-05
4.40930290e-05
4.39352074e-05
4.37779919e-05
4.36213797e-05
4.34653684e-05
4.33099554e-05
4.31551381e-05
4.30009141e-05
4.28472808e-05
4.26942357e-05
4.25417763e-05
4.23899002e-05
4.22386048e-05
4.20878878e-05
4.19377467e-05
4.17881790e-05
4.16391824e-05
4.14907544e-05
4.13428926e-05
4.11955947e-05
4.10488583e-05
4.09026810e-05
4.07570605e-05
4.06119943e-05
4.04674803e-05
4.03235161e-05
4.01800993e-05
4.00372278e-05
3.98948991e-05
3.97531110e-05
3.96118613e-05
3.94711477e-05
3.93309679e-05
3.91913198e-05
3.90522010e-05
3.89136095e-05
3.87755430e-05
3.86379992e-05
3.85009761e-05
3.83644715e-05
3.82284831e-05
3.80930089e-05
3.79580467e-05
3.78235943e-05
3.76896497e-05
3.75562108e-05
3.74232754e-05
3.72908414e-05
3.71589069e-05
3.70274696e-05
3.68965276e-05
3.67660787e-05
3.66361210e-05
3.65066525e-05
3.63776710e-05
3.62491746e-05
3.61211613e-05
3.59936290e-05
3.58665759e-05
3.57399998e-05
3.56138989e-05
3.54882712e-05
3.53631148e-05
3.52384276e-05
3.51142079e-05
3.49904535e-05
3.48671627e-05
3.47443336e-05
3.46219641e-05
3.45000525e-05
3.43785969e-05
3.42575954e-05
3.41370461e-05
3.40169472e-05
3.38972968e-05
3.37780932e-05
3.36593344e-05
3.35410187e-05
3.34231442e-05
3.33057092e-05
3.31887118e-05
3.30721503e-05
3.29560228e-05
3.28403277e-05
3.27250631e-05
3.26102274e-05
3.24958187e-05
3.23818353e-05
3.22682755e-05
3.21551376e-05
3.20424198e-05
3.19301205e-05
3.18182379e-05
3.17067704e-05
3.15957163e-05
3.14850739e-05
3.13748415e-05
3.12650174e-05
3.11556001e-05
3.10465879e-05
3.09379791e-05
3.08297721e-05
3.07219653e-05
3.06145571e-05
3.05075459e-05
3.04009300e-05
3.02947078e-05
3.01888779e-05
3.00834385e-05
2.99783882e-05
2.98737254e-05
2.97694484e-05
2.96655558e-05
2.95620460e-05
2.94589175e-05
2.93561688e-05
2.92537982e-05
2.91518044e-05
2.90501858e-05
2.89489408e-05
2.88480681e-05
2.87475660e-05
2.86474332e-05
2.85476681e-05
2.84482693e-05
2.83492353e-05
2.82505647e-05
2.81522560e-05
2.80543077e-05
2.79567185e-05
2.78594869e-05
2.77626114e-05
2.76660907e-05
2.75699234e-05
2.74741079e-05
2.73786430e-05
2.72835273e-05
2.71887593e-05
2.70943377e-05
2.70002611e-05
2.69065282e-05
2.68131375e-05
2.67200877e-05
2.66273775e-05
2.65350055e-05
2.64429704e-05
2.63512709e-05
2.62599055e-05
2.61688731e-05
2.60781723e-05
2.59878017e-05
2.58977602e-05
2.58080463e-05
2.57186588e-05
2.56295964e-05
2.55408578e-05
2.54524417e-05
2.53643470e-05
2.52765722e-05
2.51891162e-05
2.51019777e-05
2.50151555e-05
2.49286483e-05
2.48424548e-05
2.47565739e-05
2.46710043e-05
2.45857449e-05
2.45007943e-05
2.44161513e-05
2.43318149e-05
2.42477837e-05
2.41640566e-05
2.40806324e-05
2.39975099e-05
2.39146879e-05
2.38321653e-05
2.37499409e-05
2.36680135e-05
2.35863819e-05
2.35050451e-05
2.34240018e-05
2.33432510e-05
2.32627914e-05
2.31826220e-05
2.31027417e-05
2.30231492e-05
2.29438435e-05
2.28648235e-05
2.27860880e-05
2.27076360e-05
2.26294663e-05
2.25515779e-05
2.24739697e-05
2.23966406e-05
2.23195894e-05
2.22428153e-05
2.21663169e-05
2.20900934e-05
2.20141436e-05
2.19384664e-05
2.18630609e-05
2.17879260e-05
2.17130605e-05
2.16384636e-05
2.15641341e-05
2.14900711e-05
2.14162734e-05
2.13427402e-05
2.12694703e-05
2.11964627e-05
2.11237165e-05
2.10512306e-05
2.09790040e-05
2.09070358e-05
2.08353249e-05
2.07638703e-05
2.06926712e-05
2.06217264e-05
2.05510351e-05
2.04805962e-05
2.04104088e-05
2.03404719e-05
2.02707846e-05
2.02013459e-05
2.01321548e-05
2.00632105e-05
1.99945119e-05
1.99260582e-05
1.98578483e-05
1.97898814e-05
1.97221566e-05
1.96546729e-05
1.95874293e-05
1.95204251e-05
1.94536592e-05
1.93871308e-05
1.93208390e-05
1.92547828e-05
1.91889614e-05
1.91233738e-05
1.90580193e-05
1.89928968e-05
1.89280056e-05
1.88633447e-05
1.87989133e-05
1.87347104e-05
1.86707354e-05
1.86069872e-05
1.85434650e-05
1.84801679e-05
1.84170952e-05
1.83542459e-05
1.82916192e-05
1.82292143e-05
1.81670304e-05
1.81050665e-05
1.80433219e-05
1.79817958e-05
1.79204872e-05
1.78593955e-05
1.77985198e-05
1.77378592e-05
1.76774129e-05
1.76171803e-05
1.75571603e-05
1.74973524e-05
1.74377555e-05
1.73783690e-05
1.73191921e-05
1.72602240e-05
1.72014639e-05
1.71429109e-05
1.70845644e-05
1.70264236e-05
1.69684877e-05
1.69107559e-05
1.68532274e-05
1.67959016e-05
1.67387776e-05
1.66818547e-05
1.66251321e-05
1.65686091e-05
1.65122849e-05
1.64561588e-05
1.64002301e-05
1.63444980e-05
1.62889618e-05
1.62336207e-05
1.61784741e-05
1.61235212e-05
1.60687612e-05
1.60141935e-05
1.59598174e-05
1.59056321e-05
1.58516369e-05
1.57978311e-05
1.57442140e-05
1.56907850e-05
1.56375432e-05
1.55844881e-05
1.55316189e-05
1.54789349e-05
1.54264355e-05
1.53741199e-05
1.53219875e-05
1.52700376e-05
1.52182695e-05
1.51666826e-05
1.51152762e-05
1.50640495e-05
1.50130020e-05
1.49621330e-05
1.49114418e-05
1.48609278e-05
1.48105903e-05
1.47604287e-05
1.47104422e-05
1.46606303e-05
1.46109924e-05
1.45615277e-05
1.45122356e-05
1.44631156e-05
1.44141669e-05
1.43653890e-05
1.43167812e-05
1.42683428e-05
1.42200733e-05
1.41719721e-05
1.41240384e-05
1.40762718e-05
1.40286715e-05
1.39812371e-05
1.39339678e-05
1.38868630e-05
1.38399222e-05
1.37931448e-05
1.37465301e-05
1.37000776e-05
1.36537867e-05
1.36076567e-05
1.35616871e-05
1.35158773e-05
1.34702267e-05
1.34247348e-05
1.33794009e-05
1.33342244e-05
1.32892049e-05
1.32443417e-05
1.31996342e-05
1.31550819e-05
1.31106843e-05
1.30664406e-05
1.30223505e-05
1.29784133e-05
1.29346285e-05
1.28909955e-05
1.28475137e-05
1.28041826e-05
1.27610018e-05
1.27179705e-05
1.26750883e-05
1.26323546e-05
1.25897689e-05
1.25473307e-05
1.25050394e-05
1.24628944e-05
1.24208953e-05
1.23790416e-05
1.23373326e-05
1.22957679e-05
1.22543469e-05
1.22130691e-05
1.21719341e-05
1.21309412e-05
1.20900900e-05
1.20493799e-05
1.20088105e-05
1.19683812e-05
1.19280916e-05
1.18879410e-05
1.18479291e-05
1.18080553e-05
1.17683191e-05
1.17287201e-05
1.16892576e-05
1.16499313e-05
1.16107406e-05
1.15716851e-05
1.15327643e-05
1.14939776e-05
1.14553246e-05
1.14168048e-05
1.13784177e-05
1.13401629e-05
1.13020399e-05
1.12640481e-05
1.12261872e-05
1.11884567e-05
1.11508560e-05
1.11133847e-05
1.10760424e-05
1.10388286e-05
1.10017428e-05
1.09647846e-05
1.09279535e-05
1.08912490e-05
1.08546708e-05
1.08182183e-05
1.07818910e-05
1.07456886e-05
1.07096107e-05
1.06736566e-05
1.06378261e-05
1.06021186e-05
1.05665337e-05
1.05310711e-05
1.04957301e-05
1.04605105e-05
1.04254118e-05
1.03904335e-05
1.03555752e-05
1.03208364e-05
1.02862169e-05
1.02517160e-05
1.02173335e-05
1.01830689e-05
1.01489217e-05
1.01148915e-05
1.00809780e-05
1.00471807e-05
1.00134991e-05
9.97993295e-06
9.94648176e-06
9.91314513e-06
9.87992264e-06
9.84681389e-06
9.81381848e-06
9.78093600e-06
9.74816605e-06
9.71550823e-06
9.68296214e-06
9.65052738e-06
9.61820356e-06
9.58599028e-06
9.55388715e-06
9.52189378e-06
9.49000977e-06
9.45823475e-06
9.42656831e-06
9.39501008e-06
9.36355967e-06
9.33221671e-06
9.30098080e-06
9.26985156e-06
9.23882863e-06
9.20791162e-06
9.17710016e-06
9.14639386e-06
9.11579238e-06
9.08529531e-06
9.05490231e-06
9.02461300e-06
8.99442701e-06
8.96434398e-06
8.93436355e-06
8.90448534e-06
8.87470901e-06
8.84503418e-06
8.81546050e-06
8.78598762e-06
8.75661517e-06
8.72734280e-06
8.69817016e-06
8.66909690e-06
8.64012266e-06
8.61124710e-06
8.58246986e-06
8.55379060e-06
8.52520898e-06
8.49672466e-06
8.46833727e-06
8.44004650e-06
8.41185199e-06
8.38375340e-06
8.35575041e-06
8.32784266e-06
8.30002984e-06
8.27231159e-06
8.24468760e-06
8.21715752e-06
8.18972103e-06
8.16237780e-06
8.13512750e-06
8.10796980e-06
8.08090438e-06
8.05393092e-06
8.02704909e-06
8.00025856e-06
7.97355903e-06
7.94695016e-06
7.92043165e-06
7.89400317e-06
7.86766441e-06
7.84141505e-06
7.81525478e-06
7.78918328e-06
7.76320026e-06
7.73730539e-06
7.71149837e-06
7.68577889e-06
7.66014664e-06
7.63460131e-06
7.60914261e-06
7.58377023e-06
7.55848387e-06
7.53328323e-06
7.50816800e-06
7.48313789e-06
7.45819260e-06
7.43333184e-06
7.40855530e-06
7.38386270e-06
7.35925374e-06
7.33472813e-06
7.31028557e-06
7.28592579e-06
7.26164848e-06
7.23745336e-06
7.21334015e-06
7.18930855e-06
7.16535829e-06
7.14148908e-06
7.11770063e-06
7.09399268e-06
7.07036492e-06
7.04681709e-06
7.02334891e-06
6.99996010e-06
6.97665038e-06
6.95341948e-06
6.93026712e-06
6.90719303e-06
6.88419694e-06
6.86127858e-06
6.83843767e-06
6.81567395e-06
6.79298714e-06
6.77037699e-06
6.74784322e-06
6.72538556e-06
6.70300377e-06
6.68069756e-06
6.65846668e-06
6.63631086e-06
6.61422985e-06
6.59222339e-06
6.57029121e-06
6.54843306e-06
6.52664869e-06
6.50493783e-06
6.48330023e-06
6.46173564e-06
6.44024380e-06
6.41882446e-06
6.39747738e-06
6.37620229e-06
6.35499896e-06
6.33386712e-06
6.31280655e-06
6.29181697e-06
6.27089817e-06
6.25004987e-06
6.22927185e-06
6.20856386e-06
6.18792566e-06
6.16735700e-06
6.14685764e-06
6.12642735e-06
6.10606589e-06
6.08577302e-06
6.06554849e-06
6.04539209e-06
6.02530356e-06
6.00528268e-06
5.98532920e-06
5.96544291e-06
5.94562357e-06
5.92587093e-06
5.90618479e-06
5.88656490e-06
5.86701104e-06
5.84752298e-06
5.82810049e-06
5.80874334e-06
5.78945132e-06
5.77022419e-06
5.75106174e-06
5.73196373e-06
5.71292995e-06
5.69396018e-06
5.67505420e-06
5.65621178e-06
5.63743270e-06
5.61871676e-06
5.60006372e-06
5.58147339e-06
5.56294553e-06
5.54447993e-06
5.52607638e-06
5.50773467e-06
5.48945459e-06
5.47123591e-06
5.45307844e-06
5.43498195e-06
5.41694625e-06
5.39897111e-06
5.38105634e-06
5.36320173e-06
5.34540706e-06
5.32767214e-06
5.30999676e-06
5.29238070e-06
5.27482378e-06
5.25732579e-06
5.23988652e-06
5.22250577e-06
5.20518334e-06
5.18791904e-06
5.17071265e-06
5.15356400e-06
5.13647286e-06
5.11943906e-06
5.10246239e-06
5.08554265e-06
5.06867966e-06
5.05187321e-06
5.03512311e-06
5.01842917e-06
5.00179120e-06
4.98520901e-06
4.96868240e-06
4.95221119e-06
4.93579517e-06
4.91943418e-06
4.90312801e-06
4.88687648e-06
4.87067940e-06
4.85453659e-06
4.83844786e-06
4.82241303e-06
4.80643190e-06
4.79050431e-06
4.77463006e-06
4.75880897e-06
4.74304086e-06
4.72732555e-06
4.71166286e-06
4.69605261e-06
4.68049462e-06
4.66498871e-06
4.64953470e-06
4.63413242e-06
4.61878169e-06
4.60348233e-06
4.58823418e-06
4.57303704e-06
4.55789076e-06
4.54279515e-06
4.52775004e-06
4.51275526e-06
4.49781065e-06
4.48291602e-06
4.46807121e-06
4.45327604e-06
4.43853036e-06
4.42383398e-06
4.40918675e-06
4.39458849e-06
4.38003904e-06
4.36553823e-06
4.35108589e-06
4.33668186e-06
4.32232598e-06
4.30801808e-06
4.29375800e-06
4.27954558e-06
4.26538064e-06
4.25126304e-06
4.23719261e-06
4.22316919e-06
4.20919262e-06
4.19526274e-06
4.18137939e-06
4.16754242e-06
4.15375166e-06
4.14000696e-06
4.12630816e-06
4.11265511e-06
4.09904765e-06
4.08548562e-06
4.07196887e-06
4.05849726e-06
4.04507061e-06
4.03168879e-06
4.01835163e-06
4.00505899e-06
3.99181072e-06
3.97860666e-06
3.96544667e-06
3.95233060e-06
3.93925829e-06
3.92622959e-06
3.91324437e-06
3.90030247e-06
3.88740375e-06
3.87454805e-06
3.86173524e-06
3.84896516e-06
3.83623768e-06
3.82355264e-06
3.81090991e-06
3.79830934e-06
3.78575079e-06
3.77323411e-06
3.76075917e-06
3.74832581e-06
3.73593391e-06
3.72358332e-06
3.71127390e-06
3.69900551e-06
3.68677801e-06
3.67459126e-06
3.66244514e-06
3.65033948e-06
3.63827417e-06
3.62624907e-06
3.61426403e-06
3.60231893e-06
3.59041362e-06
3.57854797e-06
3.56672186e-06
3.55493514e-06
3.54318768e-06
3.53147935e-06
3.51981001e-06
3.50817954e-06
3.49658781e-06
3.48503467e-06
3.47352001e-06
3.46204369e-06
3.45060558e-06
3.43920555e-06
3.42784348e-06
3.41651923e-06
3.40523268e-06
3.39398371e-06
3.38277217e-06
3.37159795e-06
3.36046093e-06
3.34936097e-06
3.33829795e-06
3.32727174e-06
3.31628223e-06
3.30532929e-06
3.29441279e-06
3.28353260e-06
3.27268862e-06
3.26188072e-06
3.25110877e-06
3.24037265e-06
3.22967224e-06
3.21900743e-06
3.20837809e-06
3.19778410e-06
3.18722534e-06
3.17670170e-06
3.16621305e-06
3.15575928e-06
3.14534027e-06
3.13495591e-06
3.12460607e-06
3.11429064e-06
3.10400950e-06
3.09376254e-06
3.08354965e-06
3.07337070e-06
3.06322559e-06
3.05311420e-06
3.04303641e-06
3.03299212e-06
3.02298120e-06
3.01300356e-06
3.00305907e-06
2.99314763e-06
2.98326912e-06
2.97342343e-06
2.96361045e-06
2.95383007e-06
2.94408219e-06
2.93436669e-06
2.92468346e-06
2.91503240e-06
2.90541339e-06
2.89582634e-06
2.88627112e-06
2.87674764e-06
2.86725579e-06
2.85779546e-06
2.84836654e-06
2.83896894e-06
2.82960254e-06
2.82026723e-06
2.81096293e-06
2.80168951e-06
2.79244688e-06
2.78323494e-06
2.77405357e-06
2.76490268e-06
2.75578217e-06
2.74669193e-06
2.73763186e-06
2.72860186e-06
2.71960184e-06
2.71063168e-06
2.70169128e-06
2.69278056e-06
2.68389940e-06
2.67504772e-06
2.66622540e-06
2.65743236e-06
2.64866849e-06
2.63993370e-06
2.63122788e-06
2.62255095e-06
2.61390279e-06
2.60528333e-06
2.59669246e-06
2.58813008e-06
2.57959610e-06
2.57109042e-06
2.56261296e-06
2.55416361e-06
2.54574228e-06
2.53734888e-06
2.52898330e-06
2.52064547e-06
2.51233529e-06
2.50405266e-06
2.49579749e-06
2.48756969e-06
2.47936917e-06
2.47119583e-06
2.46304959e-06
2.45493035e-06
2.44683803e-06
2.43877253e-06
2.43073376e-06
2.42272164e-06
2.41473607e-06
2.40677697e-06
2.39884425e-06
2.39093781e-06
2.38305758e-06
2.37520346e-06
2.36737536e-06
2.35957321e-06
2.35179690e-06
2.34404637e-06
2.33632151e-06
2.32862224e-06
2.32094848e-06
2.31330014e-06
2.30567714e-06
2.29807939e-06
2.29050681e-06
2.28295931e-06
2.27543682e-06
2.26793923e-06
2.26046649e-06
2.25301848e-06
2.24559515e-06
2.23819640e-06
2.23082215e-06
2.22347233e-06
2.21614684e-06
2.20884560e-06
2.20156855e-06
2.19431559e-06
2.18708664e-06
2.17988163e-06
2.17270047e-06
2.16554308e-06
2.15840939e-06
2.15129932e-06
2.14421278e-06
2.13714970e-06
2.13011001e-06
2.12309361e-06
2.11610044e-06
2.10913041e-06
2.10218345e-06
2.09525948e-06
2.08835843e-06
2.08148022e-06
2.07462477e-06
2.06779200e-06
2.06098185e-06
2.05419423e-06
2.04742907e-06
2.04068630e-06
2.03396583e-06
2.02726760e-06
2.02059153e-06
2.01393755e-06
2.00730559e-06
2.00069556e-06
1.99410740e-06
1.98754103e-06
1.98099639e-06
1.97447339e-06
1.96797197e-06
1.96149205e-06
1.95503357e-06
1.94859645e-06
1.94218062e-06
1.93578600e-06
1.92941254e-06
1.92306015e-06
1.91672877e-06
1.91041833e-06
1.90412875e-06
1.89785997e-06
1.89161192e-06
1.88538453e-06
1.87917773e-06
1.87299146e-06
1.86682563e-06
1.86068019e-06
1.85455507e-06
1.84845020e-06
1.84236551e-06
1.83630093e-06
1.83025640e-06
1.82423185e-06
1.81822722e-06
1.81224244e-06
1.80627743e-06
1.80033214e-06
1.79440651e-06
1.78850046e-06
1.78261392e-06
1.77674684e-06
1.77089916e-06
1.76507079e-06
1.75926169e-06
1.75347178e-06
1.74770101e-06
1.74194931e-06
1.73621661e-06
1.73050285e-06
1.72480797e-06
1.71913191e-06
1.71347460e-06
1.70783598e-06
1.70221600e-06
1.69661457e-06
1.69103166e-06
1.68546718e-06
1.67992109e-06
1.67439332e-06
1.66888382e-06
1.66339250e-06
1.65791933e-06
1.65246424e-06
1.64702716e-06
1.64160805e-06
1.63620683e-06
1.63082345e-06
1.62545785e-06
1.62010997e-06
1.61477975e-06
1.60946713e-06
1.60417206e-06
1.59889447e-06
1.59363432e-06
1.58839153e-06
1.58316605e-06
1.57795783e-06
1.57276680e-06
1.56759292e-06
1.56243612e-06
1.55729634e-06
1.55217353e-06
1.54706764e-06
1.54197860e-06
1.53690636e-06
1.53185087e-06
1.52681207e-06
1.52178990e-06
1.51678431e-06
1.51179524e-06
1.50682264e-06
1.50186646e-06
1.49692663e-06
1.49200311e-06
1.48709584e-06
1.48220476e-06
1.47732983e-06
1.47247099e-06
1.46762819e-06
1.46280136e-06
1.45799047e-06
1.45319545e-06
1.44841626e-06
1.44365283e-06
1.43890513e-06
1.43417309e-06
1.42945667e-06
1.42475581e-06
1.42007046e-06
1.41540057e-06
1.41074609e-06
1.40610697e-06
1.40148315e-06
1.39687459e-06
1.39228123e-06
1.38770302e-06
1.38313992e-06
1.37859187e-06
1.37405883e-06
1.36954074e-06
1.36503756e-06
1.36054923e-06
1.35607570e-06
1.35161693e-06
1.34717287e-06
1.34274347e-06
1.33832868e-06
1.33392845e-06
1.32954273e-06
1.32517148e-06
1.32081464e-06
1.31647217e-06
1.31214403e-06
1.30783016e-06
1.30353051e-06
1.29924505e-06
1.29497371e-06
1.29071647e-06
1.28647326e-06
1.28224404e-06
1.27802877e-06
1.27382740e-06
1.26963988e-06
1.26546617e-06
1.26130623e-06
1.25715999e-06
1.25302743e-06
1.24890850e-06
1.24480314e-06
1.24071132e-06
1.23663299e-06
1.23256810e-06
1.22851662e-06
1.22447849e-06
1.22045367e-06
1.21644213e-06
1.21244380e-06
1.20845866e-06
1.20448665e-06
1.20052774e-06
1.19658188e-06
1.19264902e-06
1.18872913e-06
1.18482215e-06
1.18092806e-06
1.17704679e-06
1.17317833e-06
1.16932261e-06
1.16547960e-06
1.16164925e-06
1.15783153e-06
1.15402639e-06
1.15023379e-06
1.14645369e-06
1.14268604e-06
1.13893081e-06
1.13518796e-06
1.13145744e-06
1.12773921e-06
1.12403324e-06
1.12033948e-06
1.11665789e-06
1.11298843e-06
1.10933106e-06
1.10568574e-06
1.10205243e-06
1.09843109e-06
1.09482168e-06
1.09122417e-06
1.08763851e-06
1.08406466e-06
1.08050258e-06
1.07695225e-06
1.07341360e-06
1.06988662e-06
1.06637125e-06
1.06286747e-06
1.05937522e-06
1.05589448e-06
1.05242521e-06
1.04896737e-06
1.04552091e-06
1.04208581e-06
1.03866202e-06
1.03524951e-06
1.03184824e-06
1.02845817e-06
1.02507927e-06
1.02171150e-06
1.01835481e-06
1.01500919e-06
1.01167458e-06
1.00835096e-06
1.00503828e-06
1.00173651e-06
9.98445616e-07
