3.2592932
3.1343953
2.9058807
2.5924941
2.242075
1.8930962
1.5804385
1.3223661
1.0806825
0.82748963
0.58019968
0.3490182
0.24784726
0.24210034
0.25155307
0.2234555
0.1625748
0.084270692
0.0027864399
0.030053683
0.038133813
0.038290557
0.035363479
0.045796679
0.054666
0.079090462
0.1123537
0.14275501
0.1611935
0.16432078
0.16860874
0.17819757
0.19062108
0.20504132
0.22039921
0.23049537
0.23021776
0.22943584
0.23127142
0.23796297
0.24805995
0.25749773
0.26621573
0.27224071
0.27507027
0.2759055
0.27720639
0.28030932
0.2844237
0.28768655
0.28957233
0.29098909
0.2928894
0.29593416
0.29994032
0.30426475
0.30834222
0.31157894
0.31374459
0.31527913
0.31662065
0.31833474
0.32042226
0.322582
0.32470407
0.32673498
0.32837778
0.32958189
0.33083045
0.33227547
0.3338944
0.33559848
0.33742949
0.33930753
0.34114876
0.34284182
0.34428138
0.34559034
0.34693039
0.34831019
0.34972311
0.35110642
0.35244973
0.3537586
0.35508051
0.35638615
0.35767172
0.35898096
0.36030333
0.361622
0.36292459
0.36421271
0.36547695
0.36674341
0.36800552
0.36922566
0.37043366
0.37163127
0.37282088
0.37400569
0.37518814
0.37636696
0.37754013
0.37870606
0.37986142
0.38100608
0.38214221
0.38326843
0.38438508
0.38549417
0.38659602
0.38769088
0.38877864
0.38985801
0.39092937
0.39199342
0.39305013
0.39409949
0.39514161
0.39617667
0.39720488
0.39822551
0.39923992
0.4002483
0.40125074
0.4022472
0.40323761
0.40422178
0.40519948
0.40617072
0.40713545
0.40797947
0.40813622
0.40849777
0.4090887
0.40993936
0.41103357
0.41231966
0.41372157
0.41491978
0.41606571
0.41687529
0.41751566
0.41822476
0.41904577
0.4199744
0.42094996
0.42193137
0.42282237
0.42355387
0.42426892
0.42504408
0.42589077
0.4267869
0.42771125
0.4286176
0.42945673
0.43022632
0.43096955
0.43172792
0.43251002
0.43330963
0.43411576
0.43490399
0.43492259
0.43510955
0.43554881
0.43621191
0.43708195
0.43812343
0.43926348
0.44024533
0.44117238
0.44193869
0.44250596
0.44301849
0.44359653
0.44427349
0.44500852
0.44576435
0.4464911
0.44713327
0.44778599
0.44844637
0.4491098
0.44981129
0.45052946
0.45125227
0.451951
0.45260032
0.45323417
0.45383463
0.45443494
0.45504363
0.45565848
0.45628272
0.45688952
0.45749617
0.4581065
0.45871497
0.45931623
0.45990948
0.46050137
0.46109617
0.46169135
0.46228293
0.46286337
0.46343278
0.46399157
0.46454611
0.4650987
0.46565159
0.46620498
0.46675817
0.46731004
0.46785888
0.46840408
0.46894466
0.46948133
0.47001511
0.47054634
0.47107461
0.47159924
0.47212033
0.47263789
0.47315284
0.47366544
0.47417578
0.47468383
0.47518962
0.47569296
0.47619354
0.47669105
0.4771856
0.47767735
0.47816638
0.47865276
0.47913658
0.47961789
0.48009664
0.48057295
0.4810469
0.48151852
0.4819878
0.48245473
0.48291928
0.48338142
0.48384114
0.48429843
0.4847533
0.48520578
0.4856559
0.48610371
0.48654924
0.48699254
0.48743363
0.48787255
0.4883093
0.48874389
0.48917634
0.48960664
0.4900348
0.49046081
0.49088469
0.49130644
0.49167271
0.4908409
0.48933082
0.48835476
0.48813788
0.48861092
0.48960958
0.49086535
0.49195808
0.49289828
0.49299348
0.49285205
0.49245478
0.49207342
0.49213183
0.4926387
0.49340077
0.49426675
0.49512004
0.49597152
0.49667414
0.4961332
0.49530659
0.49497774
0.49514179
0.49571207
0.49655727
0.49747505
0.4981303
0.49860848
0.4987854
0.49880274
0.498756
0.49885652
0.49913228
0.49945603
0.49984767
0.50031003
0.50053689
0.49988821
0.49943709
0.49931168
0.49952064
0.50001735
0.50070498
0.50144632
0.50184684
0.50208378
0.50224608
0.50222873
0.50235909
0.50262758
0.50298987
0.50317965
0.5032192
0.50329669
0.50331902
0.50346361
0.50375174
0.50412746
0.50450849
0.50478869
0.50495801
0.50499496
0.50505229
0.50517425
0.50534872
0.50558703
0.50583655
0.50607649
0.506261
0.50640734
0.50655826
0.50670297
0.50685257
0.50700565
0.50715207
0.50729919
0.50743542
0.50756422
0.5076987
0.50783494
0.50797528
0.50811853
0.50825715
0.50838799
0.50851503
0.50863931
0.50876385
0.50889082
0.50901958
0.50914551
0.50926772
0.50938828
0.50950768
0.50962721
0.50974657
0.50986541
0.50998439
0.51010324
0.5102217
0.51033928
0.51045532
0.51056916
0.51068187
0.51079442
0.51090669
0.5110175
0.5111278
0.51123728
0.51134649
0.5114553
0.51156348
0.51167083
0.51177737
0.51188275
0.5119873
0.51209124
0.51219475
0.51229785
0.51240053
0.51250276
0.51260454
0.51270584
0.51280665
0.51290694
0.51300677
0.51310611
0.51320482
0.51330306
0.51340077
0.51349794
0.51359453
0.51369053
0.51378589
0.51388065
0.51397477
0.51406834
0.51416137
0.51425388
0.51434588
0.51443738
0.51452836
0.51461883
0.51470882
0.51479832
0.51488734
0.51497589
0.51483905
0.51438082
0.5140217
0.51379717
0.51372428
0.51380411
0.51402339
0.51435676
0.5147691
0.51515476
0.51555283
0.51571682
0.51544321
0.51523744
0.51514608
0.51517007
0.51529707
0.51550395
0.51576293
0.51604385
0.51632297
0.51649731
0.51642841
0.51633831
0.51629253
0.51629788
0.51635406
0.51645662
0.51659632
0.51676292
0.51694656
0.5171308
0.51725614
0.51724783
0.51723075
0.51723181
0.51726051
0.5173178
0.51740152
0.51750698
0.51762772
0.51775625
0.51787712
0.51791503
0.51792514
0.51794173
0.51797224
0.51801873
0.51808096
0.51815724
0.51824434
0.51833791
0.51843173
0.5185088
0.51856323
0.51859524
0.51863038
0.51867233
0.5187221
0.51878054
0.51884633
0.51891714
0.51898945
0.51905698
0.51910455
0.51914625
0.51918594
0.51922735
0.51927327
0.51932388
0.51937878
0.51943713
0.5194977
0.51955558
0.51961162
0.51966455
0.51971362
0.51975744
0.51980165
0.51984783
0.51989597
0.51994587
0.5199968
0.52004739
0.52009421
0.52013891
0.52018242
0.52022531
0.52026852
0.52031241
0.52035705
0.52040241
0.52044835
0.52049461
0.52054083
0.52058657
0.52063154
0.52067578
0.52071937
0.52076243
0.5208051
0.5208475
0.52088966
0.52093149
0.52097293
0.52101398
0.52105462
0.52109491
0.52113493
0.52117481
0.52121466
0.52125457
0.52129453
0.52133452
0.52137445
0.52141422
0.52145374
0.52149297
0.52153192
0.52157056
0.52160892
0.521647
0.52168483
0.5217224
0.52175972
0.5217968
0.52183365
0.52187028
0.52190668
0.52194291
0.52197898
0.5220149
0.5220507
0.52208637
0.52212192
0.52215732
0.52219256
0.52222763
0.5222625
0.52229718
0.52233166
0.52236592
0.52239998
0.52243384
0.52246749
0.52250095
0.52253422
0.52256731
0.52260022
0.52263296
0.52266554
0.52269796
0.52273024
0.52276237
0.52279436
0.52282621
0.52285791
0.52288946
0.52292086
0.5229521
0.52298318
0.5230141
0.52304485
0.52307544
0.52310587
0.52313614
0.52316624
0.52319618
0.52322597
0.52325561
0.5232851
0.52331444
0.52334364
0.5233727
0.52340162
0.5234304
0.52345905
0.52348756
0.52351594
0.52354418
0.52357228
0.52360024
0.52362807
0.52365576
0.52368331
0.52371072
0.523738
0.52376514
0.52379215
0.52381903
0.52384577
0.52387239
0.52389887
0.52392523
0.52395147
0.52397757
0.52400356
0.52402942
0.52405516
0.52408077
0.52410626
0.52413164
0.52415689
0.52418201
0.52420702
0.52423191
0.52425668
0.52428133
0.52430586
0.52433028
0.52435457
0.52437876
0.52440283
0.52442678
0.52445063
0.52447436
0.52449798
0.52452149
0.5245449
0.52456819
0.52459137
0.52461445
0.52463742
0.52466028
0.52468304
0.52470569
0.52472823
0.52475067
0.52477301
0.52479524
0.52481736
0.52483939
0.52486131
0.52488313
0.52490485
0.52492647
0.52494799
0.52496941
0.52499073
0.52501196
0.52503309
0.52505412
0.52507506
0.5250959
0.52511664
0.5251373
0.52515785
0.52517832
0.52519869
0.52521897
0.52523916
0.52525925
0.52527926
0.52529917
0.525319
0.52533873
0.52535838
0.52537793
0.5253974
0.52541678
0.52543608
0.52545529
0.52547441
0.52549345
0.5255124
0.52553126
0.52555005
0.52556874
0.52558736
0.52560589
0.52562434
0.52564271
0.525661
0.5256792
0.52569732
0.52571537
0.52573333
0.52575122
0.52576902
0.52578675
0.5258044
0.52582197
0.52583947
0.52585689
0.52587423
0.52589149
0.52590868
0.5259258
0.52594284
0.5259598
0.52597669
0.52599351
0.52601025
0.52602692
0.52604352
0.52606005
0.5260765
0.52609288
0.52610919
0.52612543
0.5261416
0.5261577
0.52617373
0.5261897
0.52620559
0.52622141
0.52623717
0.52625285
0.52626847
0.52628403
0.52629951
0.52631493
0.52633029
0.52634557
0.5263608
0.52637595
0.52639104
0.52640607
0.52642104
0.52643594
0.52645077
0.52646554
0.52648025
0.5264949
0.52650948
0.52652401
0.52653847
0.52655287
0.52656721
0.52658148
0.5265957
0.52660986
0.52662396
0.52663799
0.52665197
0.52666589
0.52667975
0.52669356
0.5267073
0.52672099
0.52673461
0.52674819
0.5267617
0.52677516
0.52678856
0.52680191
0.5268152
0.52682843
0.52684161
0.52685473
0.5268678
0.52688081
0.52689377
0.52690668
0.52691953
0.52693233
0.52694507
0.52695777
0.52697041
0.52698299
0.52699553
0.52700801
0.52702044
0.52703282
0.52704515
0.52705743
0.52706965
0.52708183
0.52709395
0.52710603
0.52711806
0.52713003
0.52714196
0.52715384
0.52716567
0.52717745
0.52718918
0.52720086
0.5272125
0.52722408
0.52723562
0.52724712
0.52725856
0.52726996
0.52728132
0.52729262
0.52730388
0.52731509
0.52732626
0.52733739
0.52734846
0.52735949
0.52737048
0.52738142
0.52739232
0.52740317
0.52741398
0.52742475
0.52743547
0.52744615
0.52745678
0.52746737
0.52747792
0.52748843
0.52749889
0.52750931
0.52751969
0.52753003
0.52754033
0.52755058
0.52756079
0.52757096
0.52758109
0.52759118
0.52760123
0.52761124
0.52762121
0.52763113
0.52764102
0.52765087
0.52766068
0.52767045
0.52768018
0.52768987
0.52769952
0.52770913
0.52771871
0.52772824
0.52773774
0.5277472
0.52775663
0.52776601
0.52777536
0.52778467
0.52779394
0.52780318
0.52781238
0.52782154
0.52783066
0.52783975
0.52784881
0.52785782
0.5278668
0.52787575
0.52788466
0.52789354
0.52790237
0.52791118
0.52791995
0.52792868
0.52793738
0.52794605
0.52795468
0.52796328
0.52797184
0.52798037
0.52798886
0.52799733
0.52800575
0.52801415
0.52802251
0.52803084
0.52803914
0.5280474
0.52805563
0.52806383
0.52807199
0.52808013
0.52808823
0.5280963
0.52810434
0.52811234
0.52812032
0.52812826
0.52813617
0.52814406
0.52815191
0.52815973
0.52816752
0.52817527
0.528183
0.5281907
0.52819837
0.528206
0.52821361
0.52822119
0.52822874
0.52823626
0.52824375
0.52825121
0.52825864
0.52826604
0.52827341
0.52828076
0.52828807
0.52829536
0.52830262
0.52830985
0.52831705
0.52832422
0.52833137
0.52833849
0.52834558
0.52835264
0.52835968
0.52836668
0.52837366
0.52838062
0.52838755
0.52839445
0.52840132
0.52840816
0.52841498
0.52842178
0.52842854
0.52843529
0.528442
0.52844869
0.52845535
0.52846199
0.5284686
0.52847519
0.52848175
0.52848828
0.52849479
0.52850127
0.52850773
0.52851417
0.52852058
0.52852696
0.52853332
0.52853966
0.52854597
0.52855226
0.52855852
0.52856476
0.52857097
0.52857716
0.52858332
0.52858947
0.52859559
0.52860168
0.52860775
0.5286138
0.52861982
0.52862583
0.5286318
0.52863776
0.52864369
0.5286496
0.52865549
0.52866135
0.5286672
0.52867302
0.52867881
0.52868459
0.52869034
0.52869607
0.52870178
0.52870747
0.52871313
0.52871878
0.5287244
0.52873
0.52873558
0.52874113
0.52874667
0.52875219
0.52875768
0.52876315
0.52876861
0.52877404
0.52877945
0.52878484
0.52879021
0.52879556
0.52880088
0.52880619
0.52881148
0.52881675
0.528822
0.52882722
0.52883243
0.52883762
0.52884279
0.52884794
0.52885306
0.52885817
0.52886326
0.52886833
0.52887339
0.52887842
0.52888343
0.52888842
0.5288934
0.52889835
0.52890329
0.52890821
0.52891311
0.52891799
0.52892285
0.5289277
0.52893252
0.52893733
0.52894212
0.52894689
0.52895164
0.52895638
0.52896109
0.52896579
0.52897047
0.52897514
0.52897978
0.52898441
0.52898902
0.52899361
0.52899819
0.52900275
0.52900729
0.52901181
0.52901632
0.52902081
0.52902528
0.52902974
0.52903418
0.5290386
0.52904301
0.5290474
0.52905177
0.52905612
0.52906046
0.52906479
0.52906909
0.52907338
0.52907766
0.52908192
0.52908616
0.52909038
0.52909459
0.52909879
0.52910297
0.52910713
0.52911128
0.52911541
0.52911952
0.52912362
0.52912771
0.52913178
0.52913583
0.52913987
0.52914389
0.5291479
0.5291519
0.52915587
0.52915984
0.52916379
0.52916772
0.52917164
0.52917554
0.52917943
0.52918331
0.52918717
0.52919101
0.52919484
0.52919866
0.52920246
0.52920625
0.52921003
0.52921379
0.52921753
0.52922126
0.52922498
0.52922869
0.52923238
0.52923605
0.52923971
0.52924336
0.529247
0.52925062
0.52925423
0.52925782
0.5292614
0.52926497
0.52926852
0.52927206
0.52927559
0.5292791
0.5292826
0.52928609
0.52928957
0.52929303
0.52929648
0.52929991
0.52930334
0.52930675
0.52931014
0.52931353
0.5293169
0.52932026
0.52932361
0.52932694
0.52933026
0.52933357
0.52933687
0.52934016
0.52934343
0.52934669
0.52934994
0.52935317
0.5293564
0.52935961
0.52936281
0.529366
0.52936917
0.52937234
0.52937549
0.52937863
0.52938176
0.52938488
0.52938798
0.52939108
0.52939416
0.52939723
0.52940029
0.52940334
0.52940638
0.5294094
0.52941242
0.52941542
0.52941841
0.52942139
0.52942436
0.52942732
0.52943027
0.5294332
0.52943613
0.52943904
0.52944195
0.52944484
0.52944772
0.52945059
0.52945346
0.52945631
0.52945915
0.52946197
0.52946479
0.5294676
0.5294704
0.52947319
0.52947596
0.52947873
0.52948149
0.52948423
0.52948697
0.52948969
0.52949241
0.52949511
0.52949781
0.5295005
0.52950317
0.52950584
0.52950849
0.52951114
0.52951377
0.5295164
0.52951902
0.52952162
0.52952422
0.52952681
0.52952938
0.52953195
0.52953451
0.52953706
0.5295396
0.52954213
0.52954465
0.52954716
0.52954967
0.52955216
0.52955464
0.52955712
0.52955958
0.52956204
0.52956449
0.52956692
0.52956935
0.52957177
0.52957418
0.52957659
0.52957898
0.52958136
0.52958374
0.52958102
0.52940462
0.52926092
0.52916441
0.52912168
0.52913141
0.52918444
0.5292616
0.52932438
0.52937254
0.52942087
0.52945269
0.5294208
0.52938508
0.52937254
0.52931938
0.52930316
0.52930655
0.5293385
0.52939254
0.52945829
0.52950643
0.52951429
0.52950973
0.52950059
0.52949187
0.52949131
0.5295003
0.52951399
0.52953114
0.52954539
0.52955165
0.52955337
0.52954893
0.52955065
0.52955725
0.52956416
0.52957109
0.52957717
0.52958402
0.52959189
0.52959799
0.52960307
0.52960688
0.52960918
0.52961208
0.52961518
0.52961841
0.52962193
0.52962515
0.52962814
0.52963038
0.52963165
0.52963237
0.52963329
0.52963439
0.52963556
0.52963652
0.5296376
0.52963914
0.52964105
0.52964276
0.52964358
0.5296443
0.52964543
0.52964692
0.52964851
0.52961996
0.5294746
0.52935673
0.52928043
0.5292514
0.52926798
0.52932146
0.52939341
0.52944468
0.52947663
0.52950153
0.52950553
0.52947137
0.52945019
0.52945409
0.52948015
0.52950416
0.52952427
0.5295497
0.52957523
0.52959749
0.52961161
0.52961438
0.52961426
0.52960855
0.52959993
0.529596
0.5295984
0.52960388
0.52961107
0.52961879
0.52962521
0.52962899
0.52962757
0.52962373
0.52962228
0.52962299
0.52962543
0.52962964
0.5296352
0.52964114
0.52964727
0.52965281
0.52965407
0.5296533
0.52965254
0.52965202
0.52965165
0.52965156
0.52965242
0.52965415
0.52965651
0.52965926
0.52966071
0.52966063
0.52966001
0.52965946
0.52965909
0.52965889
0.52965933
0.5296605
0.52966226
0.52966431
0.5296652
0.52966497
0.52966456
0.52966432
0.52966413
0.52966415
0.52966433
0.52966464
0.52966519
0.5296659
0.5296666
0.52966712
0.52966741
0.52966751
0.52966749
0.52966749
0.52966758
0.52966778
0.52966807
0.5296684
0.5296686
0.5296686
0.52966853
0.52966843
0.52966839
0.52966843
0.52966854
0.52966872
0.52966892
0.52966913
0.52966936
0.52966961
0.52966985
0.52967006
0.52967019
0.5296703
0.52967037
0.52967043
0.52967049
0.52967054
0.52967057
0.52967057
0.52967056
0.52967055
0.52967056
0.5296706
0.52967065
0.52967071
0.5296708
0.52967092
0.52967104
0.52967116
0.52967128
0.5296714
0.52967151
0.52967161
0.52967168
0.52967175
0.5296718
0.52967185
0.52967188
0.52967191
0.52967193
0.52967195
0.52967198
0.52967201
0.52967205
0.5296721
0.52967216
0.52967222
0.52967228
0.52967235
0.52967242
0.52967249
0.52967255
0.52967261
0.52967267
0.52967273
0.52967278
0.52967282
0.52967286
0.5296729
0.52967294
0.52967297
0.52967301
0.52967305
0.52967308
0.52967312
0.52967317
0.52967321
0.52967326
0.52967331
0.52967335
0.5296734
0.52967345
0.5296735
0.52967354
0.52967359
0.52967363
0.52967367
0.52967371
0.52967374
0.52967378
0.52967381
0.52967384
0.52967388
0.52967391
0.52967395
0.52967398
0.52967402
0.52967405
0.52967409
0.52967412
0.52967416
0.5296742
0.52967424
0.52967427
0.52967431
0.52967434
0.52967438
0.52967441
0.52967444
0.52967448
0.52967451
0.52967454
0.52967457
0.5296746
0.52967463
0.52967466
0.52967469
0.52967472
0.52967475
0.52967478
0.52967481
0.52967484
0.52967487
0.5296749
0.52967493
0.52967495
0.52967498
0.52967501
0.52967504
0.52967506
0.52967509
0.52967512
0.52967515
0.52967517
0.5296752
0.52967522
0.52967525
0.52967527
0.5296753
0.52967533
0.52967535
0.52967538
0.5296754
0.52967543
0.52967545
0.52967548
0.5296755
0.52967552
0.52967555
0.52967557
0.52967559
0.52967562
0.52967564
0.52967566
0.52967568
0.52967571
0.52967573
0.52967575
0.52967577
0.52967579
0.52967581
0.52967584
0.52967586
0.52967588
0.5296759
0.52967592
0.52967594
0.52967596
0.52967598
0.529676
0.52967602
0.52967604
0.52967606
0.52967608
0.5296761
0.52967612
0.52967614
0.52967616
0.52967617
0.52967619
0.52967621
0.52967623
0.52967625
0.52967627
0.52967628
0.5296763
0.52967632
0.52967634
0.52967635
0.52967637
0.52967639
0.52967641
0.52967642
0.52967644
0.52967646
0.52967647
0.52967649
0.5296765
0.52967652
0.52967654
0.52967655
0.52967657
0.52967658
0.5296766
0.52967661
0.52967663
0.52967665
0.52967666
0.52967668
0.52967669
0.52967671
0.52967672
0.52967673
0.52967675
0.52967676
0.52967678
0.52967679
0.52967681
0.52967682
0.52967683
0.52967685
0.52967686
0.52967687
0.52967689
0.5296769
0.52967691
0.52967693
0.52967694
0.52967695
0.52967697
0.52967698
0.52967699
0.529677
0.52967702
0.52967703
0.52967704
0.52967705
0.52967707
0.52967708
0.52967709
0.5296771
0.52967711
0.52967712
0.52967714
0.52967715
0.52967716
0.52967717
0.52967718
0.52967719
0.5296772
0.52967722
0.52967723
0.52967724
0.52967725
0.52967726
0.52967727
0.52967728
0.52967729
0.5296773
0.52967731
0.52967732
0.52967733
0.52967734
0.52967735
0.52967736
0.52967737
0.52967738
0.52967739
0.5296774
0.52967741
0.52967742
0.52967743
0.52967744
0.52967745
0.52967746
0.52967747
0.52967748
0.52967749
0.5296775
0.5296775
0.52967751
0.52967752
0.52967753
0.52967754
0.52967755
0.52967756
0.52967757
0.52967757
0.52967758
0.52967759
0.5296776
0.52967761
0.52967762
0.52967762
0.52967763
0.52967764
0.52967765
0.52967766
0.52967766
0.52967767
0.52967768
0.52967769
0.5296777
0.5296777
0.52967771
0.52967772
0.52967773
0.52967773
0.52967774
0.52967775
0.52967776
0.52967776
0.52967777
0.52967778
0.52967778
0.52967779
0.5296778
0.52967781
0.52967781
0.52967782
0.52967783
0.52967783
0.52967784
0.52967785
0.52967785
0.52967786
0.52967787
0.52967787
0.52967788
0.52967789
0.52967789
0.5296779
0.5296779
0.52967791
0.52967792
0.52967792
0.52967793
0.52967794
0.52967794
0.52967795
0.52967795
0.52967796
0.52967797
0.52967797
0.52967798
0.52967798
0.52967799
0.52967799
0.529678
0.52967801
0.52967801
0.52967802
0.52967802
0.52967803
0.52967803
0.52967804
0.52967804
0.52967805
0.52967805
0.52967806
0.52967807
0.52967807
0.52967808
0.52967808
0.52967809
0.52967809
0.5296781
0.5296781
0.52967811
0.52967811
0.52967812
0.52967812
0.52967813
0.52967813
0.52967814
0.52967814
0.52967815
0.52967815
0.52967815
0.52967816
0.52967816
0.52967817
0.52967817
0.52967818
0.52967818
0.52967819
0.52967819
0.5296782
0.5296782
0.5296782
0.52967821
0.52967821
0.52967822
0.52967822
0.52967823
0.52967823
0.52967823
0.52967824
0.52967824
0.52967825
0.52967825
0.52967825
0.52967826
0.52967826
0.52967827
0.52967827
0.52967827
0.52967828
0.52967828
0.52967829
0.52967829
0.52967829
0.5296783
0.5296783
0.52967831
0.52967831
0.52967831
0.52967832
0.52967832
0.52967832
0.52967833
0.52967833
0.52967833
0.52967834
0.52967834
0.52967834
0.52967835
0.52967835
0.52967836
0.52967836
0.52967836
0.52967837
0.52967837
0.52967837
0.52967838
0.52967838
0.52967838
0.52967839
0.52967839
0.52967839
0.52967839
0.5296784
0.5296784
0.5296784
0.52967841
0.52967841
0.52967841
0.52967842
0.52967842
0.52967842
0.52967843
0.52967843
0.52967843
0.52967843
0.52967844
0.52967844
0.52967844
0.52967845
0.52967845
0.52967845
0.52967845
0.52967846
0.52967846
0.52967846
0.52967847
0.52967847
0.52967847
0.52967847
0.52967848
0.52967848
0.52967848
0.52967848
0.52967849
0.52967849
0.52967849
0.52967849
0.5296785
0.5296785
0.5296785
0.5296785
0.52967851
0.52967851
0.52967851
0.52967851
0.52967852
0.52967852
0.52967852
0.52967852
0.52967853
0.52967853
0.52967853
0.52967853
0.52967854
0.52967854
0.52967854
0.52967854
0.52967855
0.52967855
0.52967855
0.52967855
0.52967855
0.52967856
0.52967856
0.52967856
0.52967856
0.52967857
0.52967857
0.52967857
0.52967857
0.52967857
0.52967858
0.52967858
0.52967858
0.52967858
0.52967858
0.52967859
0.52967859
0.52967859
0.52967859
0.52967859
0.5296786
0.5296786
0.5296786
0.5296786
0.5296786
0.52967861
0.52967861
0.52967861
0.52967861
0.52967861
0.52967862
0.52967862
0.52967862
0.52967862
0.52967862
0.52967862
0.52967863
0.52967863
0.52967863
0.52967863
0.52967863
0.52967864
0.52967864
0.52967864
0.52967864
0.52967864
0.52967864
0.52967865
0.52967865
0.52967865
0.52967865
0.52967865
0.52967865
0.52967866
0.52967866
0.52967866
0.52967866
0.52967866
0.52967866
0.52967867
0.52967867
0.52967867
0.52967867
0.52967867
0.52967867
0.52967868
0.52967868
0.52967868
0.52967868
0.52967868
0.52967868
0.52967868
0.52967869
0.52967869
0.52967869
0.52967869
0.52967869
0.52967869
0.52967869
0.5296787
0.5296787
0.5296787
0.5296787
0.5296787
0.5296787
0.5296787
0.52967871
0.52967871
0.52967871
0.52967871
0.52967871
0.52967871
0.52967871
0.52967871
0.52967872
0.52967872
0.52967872
0.52967872
0.52967872
0.52967872
0.52967872
0.52967873
0.52967873
0.52967873
0.52967873
0.52967873
0.52967873
0.52967873
0.52967873
0.52967873
0.52967874
0.52967874
0.52967874
0.52967874
0.52967874
0.52967874
0.52967874
0.52967874
0.52967875
0.52967875
0.52967875
0.52967875
0.52967875
0.52967875
0.52967875
0.52967875
0.52967875
0.52967876
0.52967876
0.52967876
0.52967876
0.52967876
0.52967876
0.52967876
0.52967876
0.52967876
0.52967877
0.52967877
0.52967877
0.52967877
0.52967877
0.52967877
0.52967877
0.52967877
0.52967877
0.52967877
0.52967878
0.52967878
0.52967878
0.52967878
0.52967878
0.52967878
0.52967878
0.52967878
0.52967878
0.52967878
0.52967878
0.52967879
0.52967879
0.52967879
0.52967879
0.52967879
0.52967879
0.52967879
0.52967879
0.52967879
0.52967879
0.52967879
0.5296788
0.5296788
0.5296788
0.5296788
0.5296788
0.5296788
0.5296788
0.5296788
0.5296788
0.5296788
0.5296788
0.5296788
0.52967881
0.52967881
0.52967881
0.52967881
0.52967881
0.52967881
0.52967881
0.52967881
0.52967881
0.52967881
0.52967881
0.52967881
0.52967882
0.52967882
0.52967882
0.52967882
0.52967882
0.52967882
0.52967882
0.52967882
0.52967882
0.52967882
0.52967882
0.52967882
0.52967882
0.52967883
0.52967883
0.52967883
0.52967883
0.52967883
0.52967883
0.52967883
0.52967883
0.52967883
0.52967883
0.52967883
0.52967883
0.52967883
0.52967883
0.52967883
0.52967884
0.52967884
0.52967884
0.52967884
0.52967884
0.52967884
0.52967884
0.52967884
0.52967884
0.52967884
0.52967884
0.52967884
0.52967884
0.52967884
0.52967884
0.52967885
0.52967885
0.52967885
0.52967885
0.52967885
0.52967885
0.52967885
0.52967885
0.52967885
0.52967885
0.52967885
0.52967885
0.52967885
0.52967885
0.52967885
0.52967885
0.52967885
0.52967886
0.52967886
0.52967886
0.52967886
0.52967886
0.52967886
0.52967886
0.52967886
0.52967886
0.52967886
0.52967886
0.52967886
0.52967886
0.52967886
0.52967886
0.52967886
0.52967886
0.52967886
0.52967887
0.52967887
0.52967887
0.52967887
0.52967887
0.52967887
0.52967887
0.52967887
0.52967887
0.52967887
0.52967887
0.52967887
0.52967887
0.52967887
0.52967887
0.52967887
0.52967887
0.52967887
0.52967887
0.52967887
0.52967887
0.52967888
0.52967888
0.52967888
0.52967888
0.52967888
0.52967888
0.52967888
0.52967888
0.52967888
0.52967888
0.52967888
0.52967888
0.52967888
0.52967888
0.52967888
0.52967888
0.52967888
0.52967888
0.52967888
0.52967888
0.52967888
0.52967888
0.52967889
0.52967889
0.52967889
0.52967889
0.52967889
0.52967889
0.52967889
0.52967889
0.52967889
0.52967889
0.52967889
0.52967889
0.52967889
0.52967889
0.52967889
0.52967889
0.52967889
0.52967889
0.52967889
0.52967889
0.52967889
0.52967889
0.52967889
0.52967889
0.52967889
0.52967889
0.5296789
0.5296789
0.5296789
0.5296789
0.5296789
0.5296789
0.5296789
0.5296789
0.5296789
0.5296789
0.5296789
0.5296789
0.5296789
0.5296789
0.5296789
0.5296789
0.5296789
0.5296789
0.5296789
0.5296789
0.5296789
0.5296789
0.5296789
0.5296789
0.5296789
0.5296789
0.5296789
0.5296789
0.52967891
0.52967891
0.52967891
0.52967891
0.52967891
0.52967891
0.52967891
0.52967891
0.52967891
0.52967891
0.52967891
0.52967891
0.52967891
0.52967891
0.52967891
0.52967891
0.52967891
0.52967891
0.52967891
0.52967891
0.52967891
0.52967891
0.52967891
0.52967891
0.52967891
0.52967891
0.52967891
0.52967891
0.52967891
0.52967891
0.52967891
0.52967891
0.52967891
0.52967891
0.52967892
0.52967892
0.52967892
0.52967892
0.52967892
0.52967892
0.52967892
0.52967892
0.52967892
0.52967892
0.52967892
0.52967892
0.52967892
0.52967892
0.52967892
0.52967892
0.52967892
0.52967892
0.52967892
0.52967892
0.52967892
0.52967892
0.52967892
0.52967892
0.52967892
0.52967892
0.52967892
0.52967892
0.52967892
0.52967892
0.52967892
0.52967892
0.52967892
0.52967892
0.52967892
0.52967892
0.52967892
0.52967892
0.52967892
0.52967893
0.52967893
0.52967893
0.52967893
0.52967893
0.52967893
0.52967893
0.52967893
0.52967893
0.52967893
0.52967893
0.52967893
0.52967893
0.52967893
0.52967893
0.52967893
0.52967893
0.52967893
0.52967893
0.52967893
0.52967893
0.52967893
0.52967893
0.52967893
0.52967893
0.52967893
0.52967893
0.52967893
0.52967893
0.52967893
0.52967893
0.52967893
0.52967893
0.52967893
0.52967893
0.52967893
0.52967893
0.52967893
0.52967893
0.52967893
0.52967893
0.52967893
0.52967893
0.52967893
0.52967893
0.52967893
0.52967893
0.52967893
0.52967893
0.52967894
0.52967894
0.52967894
0.52967894
0.52967894
0.52967894
0.52967894
0.52967894
0.52967894
0.52967894
0.52967894
0.52967894
0.52967894
0.52967894
0.52967894
0.52967894
0.52967894
0.52967894
0.52967894
0.52967894
0.52967894
0.52967894
0.52967894
0.52967894
0.52967894
0.52967894
0.52967894
0.52967894
0.52967894
0.52967894
0.52967894
0.52967894
0.52967894
0.52967894
0.52967894
0.52967894
0.52967894
0.52967894
0.52967894
0.52967894
0.52967894
0.52967894
0.52967894
0.52967894
0.52967894
0.52967894
0.52967894
0.52967894
0.52967894
0.52967894
0.52967894
0.52967894
0.52967894
0.52967894
0.52967894
0.52967894
0.52967894
0.52967894
0.52967894
0.52967894
0.52967894
0.52967895
0.52967895
0.52967895
0.52967895
0.52967895
0.52967895
0.52967895
0.52967895
0.52967895
0.52967895
0.52967895
0.52967895
0.52967895
0.52967895
0.52967895
0.52967895
0.52967895
0.52967895
0.52967895
0.52967895
0.52967895
0.52967895
0.52967895
0.52967895
0.52967895
0.52967895
0.52967895
0.52967895
0.52967895
0.52967895
0.52967895
0.52967895
0.52967895
0.52967895
0.52967895
0.52967895
0.52967895
0.52967895
0.52967895
0.52967895
0.52967895
0.52967895
0.52967895
0.52967895
0.52967895
0.52967895
0.52967895
0.52967895
0.52967895
0.52967895
0.52967895
0.52967895
0.52967895
0.52967895
0.52967895
0.52967895
0.52967895
0.52967895
0.52967895
0.52967895
0.52967895
0.52967895
0.52967895
0.52967895
0.52967895
0.52967895
0.52967895
0.52967895
0.52967895
0.52967895
0.52967895
0.52967895
0.52967895
0.52967895
0.52967895
0.52967895
0.52967895
0.52967895
0.52967895
0.52967895
0.52967895
0.52967895
0.52967895
0.52967895
0.52967895
0.52967896
0.52967896
0.52967896
0.52967896
0.52967896
0.52967896
0.52967896
0.52967896
0.52967896
0.52967896
0.52967896
0.52967896
0.52967896
0.52967896
0.52967896
0.52967896
0.52967896
0.52967896
0.52967896
0.52967896
0.52967896
0.52967896
0.52967896
0.52967896
0.52967896
0.52967896
0.52967896
0.52967896
0.52967896
0.52967896
0.52967896
0.52967896
0.52967896
0.52967896
0.52967896
0.52967896
0.52967896
0.52967896
0.52967896
0.52967896
0.52967896
0.52967896
0.52967896
0.52967896
0.52967896
0.52967896
0.52967896
0.52967896
0.52967896
0.52967896
0.52967896
0.52967896
0.52967896
0.52967896
0.52967896
0.52967896
0.52967896
0.52967896
0.52967896
0.52967896
0.52967896
0.52967896
0.52967896
0.52967896
0.52967896
0.52967896
0.52967896
0.52967896
0.52967896
0.52967896
0.52967896
0.52967896
0.52967896
0.52967896
0.52967896
0.52967896
0.52967896
0.52967896
0.52967896
0.52967896
0.52967896
0.52967896
0.52967896
0.52967896
0.52967896
0.52967896
0.52967896
0.52967896
0.52967896
0.52967896
0.52967896
0.52967896
0.52967896
0.52967896
0.52967896
0.52967896
0.52967896
0.52967896
0.52967896
0.52967896
0.52967896
0.52967896
0.52967896
0.52967896
0.52967896
0.52967896
0.52967896
0.52967896
0.52967896
0.52967896
0.52967896
0.52967896
0.52967896
0.52967896
0.52967896
0.52967896
0.52967896
0.52967896
0.52967896
0.52967896
0.52967896
0.52967896
0.52967896
0.52967896
0.52967896
0.52967896
0.52967896
0.52967896
0.52967896
0.52967896
0.52967896
0.52967896
0.52967896
0.52967897
0.52967897
0.52967897
0.52967897
0.52967897
0.52967897
0.52967897
0.52967897
0.52967897
0.52967897
0.52967897
0.52967897
0.52967897
0.52967897
0.52967897
0.52967897
0.52967897
0.52967897
0.52967897
0.52967897
0.52967897
0.52967897
0.52967897
0.52967897
0.52967897
0.52967897
0.52967897
0.52967897
0.52967897
0.52967897
0.52967897
0.52967897
0.52967897
0.52967897
0.52967897
0.52967897
0.52967897
0.52967897
0.52967897
0.52967897
0.52967897
0.52967897
0.52967897
0.52967897
0.52967897
0.52967897
0.52967897
0.52967897
0.52967897
0.52967897
0.52967897
0.52967897
0.52967897
0.52967897
0.52967897
0.52967897
0.52967897
0.52967897
0.52967897
0.52967897
0.52967897
0.52967897
0.52967897
0.52967897
0.52967897
0.52967897
0.52967897
0.52967897
0.52967897
0.52967897
0.52967897
0.52967897
0.52967897
0.52967897
0.52967897
0.52967897
0.52967897
0.52967897
0.52967897
0.52967897
0.52967897
0.52967897
0.52967897
0.52967897
0.52967897
0.52967897
0.52967897
0.52967897
0.52967897
0.52967897
0.52967897
0.52967897
0.52967897
0.52967897
0.52967897
0.52967897
0.52967897
0.52967897
0.52967897
0.52967897
0.52967897
0.52967897
0.52967897
0.52967897
0.52967897
0.52967897
0.52967897
0.52967897
0.52967897
0.52967897
0.52967897
0.52967897
0.52967897
0.52967897
0.52967897
0.52967897
0.52967897
0.52967897
0.52967897
0.52967897
0.52967897
0.52967897
0.52967897
0.52967897
0.52967897
0.52967897
0.52967897
0.52967897
0.52967897
0.52967897
0.52967897
0.52967897
0.52967897
0.52967897
0.52967897
0.52967897
0.52967897
0.52967897
0.52967897
0.52967897
0.52967897
0.52967897
0.52967897
0.52967897
0.52967897
0.52967897
0.52967897
0.52967897
0.52967897
0.52967897
0.52967897
0.52967897
0.52967897
0.52967897
0.52967897
0.52967897
0.52967897
0.52967897
0.52967897
0.52967897
0.52967897
0.52967897
0.52967897
0.52967897
0.52967897
0.52967897
0.52967897
0.52967897
0.52967897
0.52967897
0.52967897
0.52967897
0.52967897
0.52967897
0.52967897
0.52967897
0.52967897
0.52967897
0.52967897
0.52967897
0.52967897
0.52967897
0.52967897
0.52967897
0.52967897
0.52967897
0.52967897
0.52967897
0.52967897
0.52967897
0.52967897
0.52967897
0.52967897
0.52967897
0.52967897
0.52967897
0.52967897
0.52967897
0.52967897
0.52967897
0.52967897
0.52967897
0.52967897
0.52967897
0.52967897
0.52967897
0.52967897
0.52967897
0.52967897
0.52967897
0.52967897
0.52967897
0.52967897
0.52967897
0.52967897
0.52967897
0.52967897
0.52967897
0.52967897
0.52967897
0.52967897
0.52967897
0.52967897
0.52967897
0.52967897
0.52967897
0.52967897
0.52967897
0.52967897
0.52967897
0.52967897
0.52967897
0.52967897
0.52967897
0.52967897
0.52967897
0.52967897
0.52967897
0.52967897
0.52967897
0.52967897
0.52967897
0.52967897
0.52967897
0.52967897
0.52967897
0.52967897
0.52967897
0.52967897
0.52967897
0.52967897
0.52967897
0.52967897
0.52967897
0.52967897
0.52967897
0.52967897
0.52967897
0.52967897
0.52967897
0.52967897
0.52967897
0.52967897
0.52967897
0.52967897
0.52967897
0.52967897
0.52967897
0.52967897
0.52967897
0.52967897
0.52967897
0.52967897
0.52967897
0.52967897
0.52967897
0.52967897
0.52967897
0.52967897
0.52967897
0.52967897
0.52967897
0.52967897
0.52967897
0.52967897
0.52967897
0.52967897
0.52967897
0.52967897
0.52967897
0.52967897
0.52967897
0.52967897
0.52967897
0.52967897
0.52967897
0.52967897
0.52967898
0.52967898
0.52967898
0.52967898
0.52967898
0.52967898
0.52967898
0.52967898
0.52967898
0.52967898
0.52967898
0.52967898
0.52967898
0.52967898
0.52967898
0.52967898
0.52967898
0.52967898
0.52967898
0.52967898
0.52967898
0.52967898
0.52967898
0.52967898
0.52967898
0.52967898
0.52967898
0.52967898
0.52967898
0.52967898
0.52967898
0.52967898
0.52967898
0.52967898
0.52967898
0.52967898
0.52967898
0.52967898
0.52967898
0.52967898
0.52967898
0.52967898
0.52967898
0.52967898
0.52967898
0.52967898
0.52967898
0.52967898
0.52967898
0.52967898
0.52967898
0.52967898
0.52967898
0.52967898
0.52967898
0.52967898
0.52967898
0.52967898
0.52967898
0.52967898
0.52967898
0.52967898
0.52967898
0.52967898
0.52967898
0.52967898
0.52967898
0.52967898
0.52967898
0.52967898
0.52967898
0.52967898
0.52967898
