-1.2717142
-0.98806598
-0.94408638
-1.0765923
-1.2954671
-1.5212592
-1.6569319
-1.6441812
-1.6138705
-1.619915
-1.6638992
-1.7286354
-1.7866379
-1.8204059
-1.8440292
-1.8667994
-1.8876572
-1.9050778
-1.9163683
-1.9216261
-1.9290433
-1.9405283
-1.9530807
-1.9615697
-1.9637159
-1.9643321
-1.9659906
-1.969418
-1.974
-1.9782793
-1.9815213
-1.9840274
-1.9866395
-1.9897116
-1.99324
-1.9966937
-1.99934
-2.0025319
-2.0061839
-2.0098987
-2.013294
-2.0159349
-2.0178185
-2.0184065
-2.0180098
-2.0175479
-2.0172144
-2.0169513
-2.0167196
-2.0165581
-2.0165933
-2.0168848
-2.0174408
-2.0182544
-2.0192894
-2.0205206
-2.0219111
-2.0234016
-2.024937
-2.0264447
-2.0278228
-2.0289636
-2.0299059
-2.030682
-2.0310828
-2.0307211
-2.0303305
-2.0300039
-2.0297667
-2.0296302
-2.0295935
-2.0296575
-2.0298178
-2.0300726
-2.0304215
-2.03086
-2.0313827
-2.03198
-2.0326355
-2.0333296
-2.0340469
-2.0347663
-2.0354489
-2.0360179
-2.0364496
-2.0367816
-2.0367056
-2.0364881
-2.0362994
-2.0361573
-2.036065
-2.0360305
-2.0360559
-2.0361406
-2.0362803
-2.0364704
-2.0367079
-2.0369896
-2.0373053
-2.0376464
-2.0380063
-2.0383773
-2.0387536
-2.039123
-2.0394558
-2.0397285
-2.0399401
-2.0399628
-2.0398936
-2.0398244
-2.0397706
-2.0397412
-2.0397375
-2.0397621
-2.0398173
-2.039901
-2.0400114
-2.0401483
-2.0403074
-2.0404853
-2.0406788
-2.0408827
-2.0410926
-2.0413035
-2.0415075
-2.0416941
-2.0418548
-2.0419862
-2.0420506
-2.0420437
-2.0420302
-2.0420241
-2.0420291
-2.0420471
-2.0420784
-2.0421236
-2.0421826
-2.0422553
-2.0423414
-2.0424385
-2.0425455
-2.0426609
-2.0427822
-2.0429073
-2.0430339
-2.0431589
-2.0432782
-2.0433851
-2.0434769
-2.0435337
-2.0435504
-2.0435608
-2.0435729
-2.0435907
-2.0436149
-2.0436465
-2.0436856
-2.0437319
-2.0437854
-2.043846
-2.043913
