0.78633686
1.0699851
1.1139647
0.98145881
0.76258396
0.53679187
0.40111924
0.41386985
0.44418059
0.43813606
0.39415187
0.32941568
0.27141323
0.23764521
0.21402192
0.19125174
0.17039388
0.15297331
0.1416828
0.13642504
0.1290078
0.11752275
0.10497044
0.096481421
0.094335149
0.093719024
0.092060482
0.088633093
0.084051123
0.079771823
0.076529742
0.074023708
0.071411547
0.068339537
0.064811062
0.061357407
0.058711045
0.055519186
0.051867166
0.048152405
0.044757098
0.042116236
0.04023258
0.039644543
0.040041322
0.04050322
0.040836716
0.041099749
0.041331537
0.041492961
0.041457754
0.041166276
0.040610257
0.039796697
0.03876165
0.037530518
0.036139978
0.03464944
0.033114068
0.031606401
0.030228288
0.029087498
0.028145157
0.027369103
0.026968287
0.027329986
0.027720553
0.028047161
0.028284357
0.028420845
0.028457624
0.028393618
0.028233333
0.027978465
0.027629591
0.027191046
0.026668419
0.026071069
0.025415619
0.024721481
0.024004198
0.023284808
0.022602237
0.02203315
0.021601515
0.021269495
0.021345465
0.021562967
0.021751652
0.021893822
0.021986093
0.022020581
0.021995151
0.021910482
0.021770755
0.021580709
0.021343154
0.021061456
0.020745818
0.02040468
0.020044818
0.019673759
0.019297456
0.018928061
0.018595251
0.018322551
0.018110979
0.018088328
0.01815746
0.018226724
0.018280469
0.018309907
0.018313564
0.018288992
0.018233835
0.018150107
0.018039714
0.017902833
0.017743681
0.017565754
0.017372328
0.017168412
0.016958481
0.016747567
0.016543562
0.016357023
0.016196256
0.016064893
0.0160005
0.016007341
0.016020896
0.016027005
0.016021947
0.016004039
0.015972702
0.015927456
0.01586849
0.015795769
0.015709672
0.015612638
0.015505575
0.015390167
0.015268878
0.015143779
0.015017208
0.01489222
0.014772935
0.014665985
0.014574205
0.014517393
0.014500703
0.01449024
0.014478177
0.01446044
0.014436175
0.014404565
0.014365492
0.01431914
0.014265705
0.014205065
0.014138094
