3.72283173e+00
6.49407314e-01
1.65470980e-01
4.68747672e-02
1.40912436e-02
5.01928026e-03
2.40137083e-03
1.52175608e-03
1.10939188e-03
8.72509214e-04
7.18859732e-04
6.10410924e-04
5.29255505e-04
4.66119649e-04
4.15655050e-04
3.74431715e-04
3.40073652e-04
3.10868342e-04
2.85566836e-04
2.63261107e-04
2.43296554e-04
2.25205054e-04
2.08653262e-04
1.93403383e-04
1.79284154e-04
1.66169905e-04
1.53965800e-04
1.42597630e-04
1.32004890e-04
1.22136170e-04
1.12946141e-04
1.04393621e-04
9.64403718e-05
8.90503659e-05
8.21893632e-05
7.58246752e-05
6.99250468e-05
6.44606027e-05
5.94028285e-05
5.47245667e-05
5.04000144e-05
4.64047194e-05
4.27155671e-05
3.93107613e-05
3.61697962e-05
3.32734214e-05
3.06036011e-05
2.81434680e-05
2.58772738e-05
2.37903377e-05
2.18689925e-05
2.01005310e-05
1.84731517e-05
1.69759058e-05
1.55986450e-05
1.43319711e-05
1.31671873e-05
1.20962515e-05
1.11117318e-05
1.02067640e-05
9.37501175e-06
8.61062896e-06
7.90822384e-06
7.26282585e-06
6.66985434e-06
6.12508943e-06
5.62464473e-06
5.16494197e-06
4.74268745e-06
4.35485003e-06
3.99864088e-06
3.67149450e-06
3.37105133e-06
3.09514153e-06
2.84177002e-06
2.60910266e-06
2.39545348e-06
2.19927287e-06
2.01913669e-06
1.85373628e-06
1.70186914e-06
1.56243044e-06
1.43440516e-06
1.31686084e-06
1.20894093e-06
1.10985864e-06
1.01889132e-06
9.35375206e-07
