-881.45924
-882.0566
-882.09142
-882.09435
-882.09474
-882.09485
-882.09491
-882.09495
-882.09498
-882.095
-882.09501
-882.09503
-882.09504
-882.09505
-882.09506
-882.09506
-882.09507
-882.09507
-882.09508
-882.09508
-882.09508
-882.09509
-882.09509
-882.09509
-882.09509
-882.09509
-882.09509
-882.0951
-882.0951
-882.0951
-882.0951
-882.0951
-882.0951
-882.0951
-882.0951
-882.0951
-882.0951
-882.0951
-882.0951
-882.0951
-882.0951
-882.0951
-882.0951
-882.0951
-882.0951
-882.0951
-882.0951
-882.0951
-882.0951
-882.0951
-882.0951
-882.0951
-882.0951
-882.0951
-882.0951
-882.0951
-882.0951
-882.0951
-882.0951
-882.0951
-882.0951
-882.0951
-882.0951
-882.0951
-882.0951
-882.0951
-882.0951
-882.0951
-882.0951
-882.0951
-882.0951
-882.0951
-882.0951
-882.0951
-882.0951
-882.0951
-882.0951
-882.0951
-882.0951
-882.0951
-882.0951
-882.0951
-882.0951
-882.0951
-882.0951
-882.0951
-882.0951
-882.0951
