4.86818801e-01
3.36385086e-01
2.51720815e-01
2.43765100e-01
2.51792908e-01
2.46419439e-01
2.30600681e-01
2.12040422e-01
1.97592952e-01
1.89069847e-01
1.83880233e-01
1.79134699e-01
1.73787516e-01
1.68283377e-01
1.63385906e-01
1.59355802e-01
1.55947980e-01
1.52778745e-01
1.49670275e-01
1.46624190e-01
1.43769901e-01
1.41116634e-01
1.38630680e-01
1.36252010e-01
1.33940204e-01
1.31752524e-01
1.29705408e-01
1.27773463e-01
1.25908923e-01
1.24087889e-01
1.22317141e-01
1.20590053e-01
1.18919879e-01
1.17320746e-01
1.15777027e-01
1.14279537e-01
1.12828963e-01
1.11407246e-01
1.09995258e-01
1.08579157e-01
1.07190064e-01
1.05867633e-01
1.04607222e-01
1.03373883e-01
1.02168973e-01
1.00996070e-01
9.98544348e-02
9.87460539e-02
9.76546268e-02
9.65687790e-02
9.54984100e-02
9.44636009e-02
9.34632154e-02
9.24833341e-02
9.15096295e-02
9.05405432e-02
8.96003257e-02
8.86886327e-02
8.77978136e-02
8.69221074e-02
8.60616112e-02
8.52202677e-02
8.43993033e-02
8.35961794e-02
8.28148584e-02
8.20487254e-02
8.12795784e-02
8.05150346e-02
7.97574928e-02
7.90171444e-02
7.82785632e-02
7.75376161e-02
7.67946866e-02
7.60446333e-02
7.53233113e-02
7.46383669e-02
7.39685783e-02
7.32964863e-02
7.26214491e-02
7.19315884e-02
7.12575130e-02
7.06091699e-02
6.99808408e-02
6.93624480e-02
6.87587958e-02
6.81531962e-02
6.75496709e-02
6.69598659e-02
6.63824822e-02
6.58085901e-02
6.52269787e-02
6.46519759e-02
6.40790002e-02
6.35116561e-02
6.29665344e-02
6.24281782e-02
6.18826167e-02
6.13435811e-02
6.08039341e-02
6.02635509e-02
5.97217521e-02
5.91974038e-02
5.86899972e-02
5.81988488e-02
5.77147958e-02
5.72364988e-02
5.67510919e-02
5.62757789e-02
5.58150011e-02
5.53483118e-02
5.48789522e-02
5.43994408e-02
5.39230033e-02
5.34687389e-02
5.30417540e-02
5.26269222e-02
5.22061806e-02
5.17743941e-02
5.13351908e-02
5.08942633e-02
5.04590203e-02
5.00337302e-02
4.96307214e-02
4.92474841e-02
4.88760850e-02
4.85090734e-02
4.81355253e-02
4.77562491e-02
4.73852985e-02
4.70283756e-02
4.66804328e-02
4.63369950e-02
4.59971067e-02
4.56602136e-02
4.53315460e-02
4.50104721e-02
4.46933015e-02
4.43825674e-02
4.40778647e-02
4.37793063e-02
4.34840165e-02
4.31910102e-02
4.28997425e-02
4.26106889e-02
4.23252291e-02
4.20380402e-02
4.17476636e-02
4.14588998e-02
4.11673392e-02
4.08667685e-02
4.05569773e-02
4.02605146e-02
3.99857223e-02
3.97251504e-02
3.94608841e-02
3.91874976e-02
3.89043153e-02
3.86265543e-02
3.83571745e-02
3.80976479e-02
3.78464986e-02
3.75992706e-02
3.73513636e-02
3.71017503e-02
3.68552766e-02
3.66152878e-02
3.63810552e-02
3.61490206e-02
3.59046129e-02
3.56572575e-02
3.54179055e-02
3.51892046e-02
3.49698971e-02
3.47478527e-02
3.45252594e-02
3.42721410e-02
3.39787329e-02
3.36960540e-02
3.34526737e-02
3.32422269e-02
3.30454355e-02
3.28419381e-02
3.26253830e-02
3.24005864e-02
3.21817317e-02
3.19770038e-02
3.17845730e-02
3.15984738e-02
3.14080455e-02
3.12156056e-02
3.10264855e-02
3.08417109e-02
3.06609153e-02
3.04823693e-02
3.03039525e-02
3.01242627e-02
2.99425462e-02
2.97549771e-02
2.95705934e-02
2.93951362e-02
2.92279188e-02
2.90631861e-02
2.88945626e-02
2.87241280e-02
2.85481627e-02
2.83677604e-02
2.81834975e-02
2.80075003e-02
2.78446092e-02
2.76910602e-02
2.75397466e-02
2.73860185e-02
2.72243796e-02
2.70622403e-02
2.68540460e-02
2.66378504e-02
2.64382514e-02
2.62686671e-02
2.61169904e-02
2.59632377e-02
2.57998768e-02
2.56328905e-02
2.54633619e-02
2.52867825e-02
2.51078040e-02
2.49378150e-02
2.47816645e-02
2.46377228e-02
2.44867257e-02
2.43294433e-02
2.41786960e-02
2.40357479e-02
2.38974480e-02
2.37618832e-02
2.36261845e-02
2.34899432e-02
2.33558836e-02
2.32196836e-02
2.30864383e-02
2.29588197e-02
2.28333457e-02
2.27043597e-02
2.25688184e-02
2.24248841e-02
2.22891128e-02
2.21674331e-02
2.20555790e-02
2.19398214e-02
2.18126726e-02
2.16841282e-02
2.15600544e-02
2.14432772e-02
2.13339381e-02
2.12279927e-02
2.11214767e-02
2.10079884e-02
2.08908067e-02
2.07763622e-02
2.06603847e-02
2.05458563e-02
2.04375236e-02
2.03363979e-02
2.02395567e-02
2.01420046e-02
2.00404635e-02
1.99360951e-02
1.98333867e-02
1.97347003e-02
1.96390300e-02
1.95426873e-02
1.94424384e-02
1.93396013e-02
1.92353050e-02
1.91335385e-02
1.90369810e-02
1.89450620e-02
1.88553970e-02
1.87657826e-02
1.86723640e-02
1.85764895e-02
1.84815469e-02
1.83893255e-02
1.82992465e-02
1.82107572e-02
1.81240452e-02
1.80345511e-02
1.79410287e-02
1.78492789e-02
1.77625513e-02
1.76804592e-02
1.75988647e-02
1.75163831e-02
1.74334684e-02
1.73507064e-02
1.72567148e-02
1.71570691e-02
1.70638875e-02
1.69817384e-02
1.69076925e-02
1.68361536e-02
1.67606307e-02
1.66785052e-02
1.65928025e-02
1.65100069e-02
1.64326207e-02
1.63593476e-02
1.62876068e-02
1.62156351e-02
1.61430678e-02
1.60703954e-02
1.59974589e-02
1.59244285e-02
1.58468015e-02
1.57643591e-02
1.56846011e-02
1.56111642e-02
1.55430518e-02
1.54772136e-02
1.54108580e-02
1.53431796e-02
1.52750701e-02
1.52071324e-02
1.51398885e-02
1.50734105e-02
1.50075960e-02
1.49423864e-02
1.48777891e-02
1.48137738e-02
1.47501932e-02
1.46870372e-02
1.46243241e-02
1.45620366e-02
1.44993540e-02
1.44351440e-02
1.43708905e-02
1.43075828e-02
1.42458300e-02
1.41854142e-02
1.41257743e-02
1.40664306e-02
1.40071511e-02
1.39479391e-02
1.38888958e-02
1.38297870e-02
1.37709659e-02
1.37127708e-02
1.36551897e-02
1.35979045e-02
1.35409104e-02
1.34841358e-02
1.34276760e-02
1.33716382e-02
1.33086708e-02
1.32430130e-02
1.31804626e-02
1.31217803e-02
1.30662177e-02
1.30124173e-02
1.29591454e-02
1.29056120e-02
1.28516301e-02
1.27973235e-02
1.27430055e-02
1.26890361e-02
1.26356660e-02
1.25789565e-02
1.25190503e-02
1.24610696e-02
1.24060548e-02
1.23531318e-02
1.22967073e-02
1.22324776e-02
1.21693939e-02
1.21120785e-02
1.20575857e-02
1.20047829e-02
1.19520639e-02
1.18987291e-02
1.18451853e-02
1.17922780e-02
1.17405775e-02
1.16901390e-02
1.16406892e-02
1.15919070e-02
1.15432036e-02
1.14926521e-02
1.14187305e-02
1.13421072e-02
1.12779030e-02
1.12283031e-02
1.11864563e-02
1.11446112e-02
1.10990727e-02
1.10504177e-02
1.10010804e-02
1.09530387e-02
1.09069087e-02
1.08622341e-02
1.08180548e-02
1.07731765e-02
1.07279981e-02
1.06828224e-02
1.06329326e-02
1.05827071e-02
1.05355808e-02
1.04922829e-02
1.04513355e-02
1.04105443e-02
1.03685887e-02
1.03254436e-02
1.02809580e-02
1.02358032e-02
1.01890413e-02
1.01427594e-02
1.00992089e-02
1.00582247e-02
1.00181867e-02
9.97760396e-03
9.93562808e-03
9.89323529e-03
9.85118383e-03
9.80995541e-03
9.76949485e-03
9.72935439e-03
9.68912615e-03
9.64868167e-03
9.60813936e-03
9.56768836e-03
9.52744044e-03
9.48739222e-03
9.44747552e-03
9.40762787e-03
9.36721405e-03
9.32557266e-03
9.27611390e-03
9.21832558e-03
9.16294716e-03
9.09754862e-03
9.03684765e-03
8.98280070e-03
8.93904975e-03
8.90287618e-03
8.86863813e-03
8.83211253e-03
8.79256788e-03
8.75191892e-03
8.69541523e-03
8.63427899e-03
8.58301259e-03
8.54563685e-03
8.51577419e-03
8.47964296e-03
8.43754314e-03
8.39448852e-03
8.35473895e-03
8.31934695e-03
8.28670683e-03
8.25454093e-03
8.22147737e-03
8.18742991e-03
8.15308348e-03
8.11918463e-03
8.08611539e-03
8.05384601e-03
8.01779008e-03
7.97696737e-03
7.93767112e-03
7.90214822e-03
7.86917077e-03
7.83679138e-03
7.80446624e-03
7.77274680e-03
7.74231907e-03
7.71303655e-03
7.68273264e-03
7.64433584e-03
7.60428667e-03
7.56792426e-03
7.53657937e-03
7.50822448e-03
7.47998153e-03
7.45022301e-03
7.41892414e-03
7.38670822e-03
7.35545564e-03
7.32604894e-03
7.29816090e-03
7.27085661e-03
7.24332256e-03
7.21523960e-03
7.18672838e-03
7.15812080e-03
7.12966726e-03
7.10152600e-03
7.07375682e-03
7.03629583e-03
6.99313689e-03
6.95402115e-03
6.92229543e-03
6.89570733e-03
6.87061133e-03
6.84494843e-03
6.81838782e-03
6.79152686e-03
6.76479862e-03
6.73820222e-03
6.70975113e-03
6.67833463e-03
6.64769439e-03
6.61930447e-03
6.59244295e-03
6.56598076e-03
6.52425860e-03
6.47931443e-03
6.44393019e-03
6.42012791e-03
6.40163111e-03
6.38133270e-03
6.35641809e-03
6.32848135e-03
6.30060343e-03
6.27464895e-03
6.25054536e-03
6.22603255e-03
6.19643927e-03
6.16575226e-03
6.13779986e-03
6.11369776e-03
6.09213654e-03
6.07101936e-03
6.04894329e-03
6.02429078e-03
5.99890424e-03
5.97446152e-03
5.95146736e-03
5.92945315e-03
5.90770214e-03
5.88578325e-03
5.86365869e-03
5.84151295e-03
5.81942237e-03
5.79616646e-03
5.77172868e-03
5.74433304e-03
5.71727611e-03
5.69249426e-03
5.66974134e-03
5.64147208e-03
5.61253415e-03
5.58694571e-03
5.56521710e-03
5.54544255e-03
5.52563322e-03
5.49791741e-03
5.46202602e-03
5.42910915e-03
5.40373161e-03
5.37820277e-03
5.34873676e-03
5.31913926e-03
5.29301551e-03
5.27185453e-03
5.25397142e-03
5.23640126e-03
5.21715380e-03
5.19614122e-03
5.17456957e-03
5.15371451e-03
5.13407030e-03
5.11534227e-03
5.09372920e-03
5.06187845e-03
5.02935503e-03
5.00313462e-03
4.98418394e-03
4.96905022e-03
4.95359746e-03
4.93571675e-03
4.91464049e-03
4.89132072e-03
4.86808902e-03
4.83746241e-03
4.80827423e-03
4.78566754e-03
4.76891887e-03
4.75407022e-03
4.73608995e-03
4.71484782e-03
4.69308144e-03
4.67248691e-03
4.64986377e-03
4.62498957e-03
4.60244154e-03
4.58363283e-03
4.56723509e-03
4.55119019e-03
4.53441444e-03
4.51603895e-03
4.49064482e-03
4.46441471e-03
4.44209191e-03
4.42474627e-03
4.41048049e-03
4.39656907e-03
4.37989797e-03
4.36120975e-03
4.34244162e-03
4.32482268e-03
4.30853427e-03
4.29264785e-03
4.27610869e-03
4.25903725e-03
4.24258768e-03
4.22708974e-03
4.21212790e-03
4.19714843e-03
4.18192228e-03
4.16657887e-03
4.15124934e-03
4.13603178e-03
4.12109229e-03
4.10643926e-03
4.09198507e-03
4.07763213e-03
4.06332293e-03
4.04904501e-03
4.03481355e-03
4.02064741e-03
4.00655995e-03
3.99255437e-03
3.97391134e-03
3.95322793e-03
3.93506764e-03
3.92057414e-03
3.90807560e-03
3.89543954e-03
3.88172357e-03
3.86726085e-03
3.85283038e-03
3.83709073e-03
3.82161537e-03
3.80735137e-03
3.79416994e-03
3.78100858e-03
3.76750556e-03
3.75394732e-03
3.74060068e-03
3.72750847e-03
3.71456167e-03
3.70166470e-03
3.68881393e-03
3.67606001e-03
3.66343423e-03
3.65091780e-03
3.63846568e-03
3.62604665e-03
3.61366095e-03
3.60132883e-03
3.58906821e-03
3.57688225e-03
3.56476219e-03
3.55266737e-03
3.53899549e-03
3.52524634e-03
3.51248852e-03
3.50075151e-03
3.48940737e-03
3.47787242e-03
3.46599683e-03
3.45399030e-03
3.44212417e-03
3.43051193e-03
3.41909117e-03
3.40773698e-03
3.39637250e-03
3.38500010e-03
3.37366464e-03
3.36240315e-03
3.35122183e-03
3.34010471e-03
3.32903405e-03
3.31800312e-03
3.30701556e-03
3.29607785e-03
3.28519304e-03
3.27435982e-03
3.26357504e-03
3.25283643e-03
3.24214349e-03
3.23149669e-03
3.22089642e-03
3.21034253e-03
3.19983449e-03
3.18937180e-03
3.17895416e-03
3.16753196e-03
3.15590370e-03
3.14419182e-03
3.13094533e-03
3.11821649e-03
3.10688981e-03
3.09654828e-03
3.08640901e-03
3.07609474e-03
3.06571940e-03
3.05496556e-03
3.04399328e-03
3.03347600e-03
3.02354992e-03
3.01391480e-03
3.00421157e-03
2.99429434e-03
2.98425015e-03
2.97425643e-03
2.96443757e-03
2.95481337e-03
2.94533164e-03
2.93592730e-03
2.92655975e-03
2.91721673e-03
2.90789948e-03
2.89860864e-03
2.88934057e-03
2.88009195e-03
2.87086538e-03
2.86167059e-03
2.85252058e-03
2.84342572e-03
2.83429243e-03
2.82519729e-03
2.81619570e-03
2.80728540e-03
2.79843182e-03
2.78960507e-03
2.78079611e-03
2.77201070e-03
2.76325702e-03
2.75453944e-03
2.74585967e-03
2.73721956e-03
2.72862156e-03
2.72006698e-03
2.71155455e-03
2.70308078e-03
2.69464168e-03
2.68623439e-03
2.67785773e-03
2.66951195e-03
2.66119806e-03
2.65291700e-03
2.64466962e-03
2.63645661e-03
2.62827838e-03
2.62013495e-03
2.61202589e-03
2.60395047e-03
2.59590780e-03
2.58789708e-03
2.57991777e-03
2.57196959e-03
2.56401816e-03
2.55576349e-03
2.54751507e-03
2.53948400e-03
2.53168026e-03
2.52399356e-03
2.51631976e-03
2.50862367e-03
2.50092443e-03
2.49325168e-03
2.48561857e-03
2.47802263e-03
2.47045891e-03
2.46292796e-03
2.45543390e-03
2.44797861e-03
2.44055901e-03
2.43316914e-03
2.42580418e-03
2.41846287e-03
2.41114702e-03
2.40385950e-03
2.39660240e-03
2.38937640e-03
2.38218098e-03
2.37501507e-03
2.36787756e-03
2.36076753e-03
2.35368444e-03
2.34662809e-03
2.33959865e-03
2.33259648e-03
2.32562191e-03
2.31867508e-03
2.31175583e-03
2.30486381e-03
2.29799854e-03
2.29115960e-03
2.28434672e-03
2.27755979e-03
2.27079880e-03
2.26406380e-03
2.25625247e-03
2.24818084e-03
2.24074919e-03
2.23410480e-03
2.22782890e-03
2.22145321e-03
2.21480459e-03
2.20800331e-03
2.20125715e-03
2.19465532e-03
2.18555528e-03
2.17290961e-03
2.16090360e-03
2.15199913e-03
2.14601374e-03
2.14119808e-03
2.13587555e-03
2.12939611e-03
2.12209553e-03
2.11469242e-03
2.10771337e-03
2.10127232e-03
2.09492278e-03
2.08853069e-03
2.08216976e-03
2.07590857e-03
2.06975272e-03
2.06365810e-03
2.05757616e-03
2.05148127e-03
2.04435955e-03
2.03715601e-03
2.03055093e-03
2.02459531e-03
2.01894075e-03
2.01323990e-03
2.00736293e-03
2.00137055e-03
1.99538100e-03
1.98947156e-03
1.98365816e-03
1.97792075e-03
1.97223113e-03
1.96656622e-03
1.96091129e-03
1.95526114e-03
1.94961996e-03
1.94399810e-03
1.93840577e-03
1.93284766e-03
1.92580204e-03
1.91798732e-03
1.91096700e-03
1.90518879e-03
1.90014261e-03
1.89512005e-03
1.88976686e-03
1.88413917e-03
1.87846192e-03
1.87290007e-03
1.86748870e-03
1.86218325e-03
1.85692894e-03
1.85169244e-03
1.84645977e-03
1.84122676e-03
1.83599589e-03
1.83077347e-03
1.82556713e-03
1.82039409e-03
1.81427568e-03
1.80803550e-03
1.80004616e-03
1.79222339e-03
1.78547735e-03
1.77959196e-03
1.77417712e-03
1.76889990e-03
1.76369131e-03
1.75861146e-03
1.75366601e-03
1.74876600e-03
1.74380860e-03
1.73875829e-03
1.73365590e-03
1.72857212e-03
1.72355983e-03
1.71863749e-03
1.71379897e-03
1.70902882e-03
1.70431011e-03
1.69962574e-03
1.69495946e-03
1.69029849e-03
1.68563644e-03
1.68097384e-03
1.67631593e-03
1.67032249e-03
1.65777918e-03
1.64530193e-03
1.63724365e-03
1.63338024e-03
1.63085450e-03
1.62721425e-03
1.62190853e-03
1.61584688e-03
1.61014948e-03
1.60528227e-03
1.60100612e-03
1.59683068e-03
1.59244712e-03
1.58785372e-03
1.58322154e-03
1.57870176e-03
1.57432869e-03
1.57004268e-03
1.56576704e-03
1.56146525e-03
1.55714861e-03
1.55284916e-03
1.54858957e-03
1.54437075e-03
1.54017851e-03
1.53599793e-03
1.53182318e-03
1.52765826e-03
1.52228729e-03
1.51343805e-03
1.50503065e-03
1.49928295e-03
1.49565656e-03
1.49242742e-03
1.48851057e-03
1.48380895e-03
1.47885988e-03
1.47420560e-03
1.47002342e-03
1.46615052e-03
1.46232131e-03
1.45837415e-03
1.45430783e-03
1.45021495e-03
1.44618460e-03
1.44224719e-03
1.43837787e-03
1.43453274e-03
1.43068273e-03
1.42682508e-03
1.42297440e-03
1.41914652e-03
1.41534767e-03
1.41157372e-03
1.40781627e-03
1.40406923e-03
1.40033154e-03
1.39660591e-03
1.39289560e-03
1.38897652e-03
1.38371211e-03
1.37843776e-03
1.37396642e-03
1.37024817e-03
1.36630241e-03
1.36141878e-03
1.35662174e-03
1.35254929e-03
1.34909699e-03
1.34576953e-03
1.34219813e-03
1.33836708e-03
1.33449160e-03
1.33077241e-03
1.32725416e-03
1.32385011e-03
1.32043976e-03
1.31695187e-03
1.31342174e-03
1.30990510e-03
1.30643402e-03
1.30300874e-03
1.29961391e-03
1.29623623e-03
1.29287064e-03
1.28951679e-03
1.28617429e-03
1.28284165e-03
1.27951829e-03
1.27620615e-03
1.27290335e-03
1.26961415e-03
1.26634525e-03
1.26309692e-03
1.25986450e-03
1.25664265e-03
1.25342859e-03
1.25022266e-03
1.24702700e-03
1.24383438e-03
1.24064713e-03
1.23747743e-03
1.23432915e-03
1.23107898e-03
1.22655712e-03
1.22198391e-03
1.21818866e-03
1.21517333e-03
1.21243957e-03
1.20953585e-03
1.20634558e-03
1.20302158e-03
1.19976187e-03
1.19665102e-03
1.19364968e-03
1.19067577e-03
1.18767989e-03
1.18466398e-03
1.18165490e-03
1.17867186e-03
1.17571432e-03
1.17277033e-03
1.16983057e-03
1.16689491e-03
1.16396954e-03
1.16106019e-03
1.15816798e-03
1.15528983e-03
1.15215599e-03
1.14869884e-03
1.14532779e-03
1.14225700e-03
1.13945174e-03
1.13675589e-03
1.13403618e-03
1.13124403e-03
1.12839767e-03
1.12553696e-03
1.12269288e-03
1.11988040e-03
1.11710320e-03
1.11435837e-03
1.11163825e-03
1.10893190e-03
1.10622863e-03
1.10352220e-03
1.10081317e-03
1.09740903e-03
1.08682099e-03
1.07590599e-03
1.06941024e-03
1.06467812e-03
1.06105204e-03
1.05771920e-03
1.05421083e-03
1.05059790e-03
1.04719242e-03
1.04415350e-03
1.04135971e-03
1.03857692e-03
1.03568731e-03
1.03275999e-03
1.02994177e-03
1.02730650e-03
1.02480030e-03
1.02230459e-03
1.01973736e-03
1.01710345e-03
1.01446861e-03
1.01189667e-03
1.00940540e-03
1.00696673e-03
1.00453766e-03
1.00209133e-03
9.99627536e-04
9.97163517e-04
9.94717182e-04
9.92296157e-04
9.89897118e-04
9.86339641e-04
9.82625372e-04
9.79046702e-04
9.76107784e-04
9.73024678e-04
9.68934996e-04
9.65053640e-04
9.62062469e-04
9.59812989e-04
9.57751152e-04
9.55463224e-04
9.52899945e-04
9.50253756e-04
9.47720795e-04
9.45361962e-04
9.43114167e-04
9.40882150e-04
9.38610081e-04
9.36307793e-04
9.34009825e-04
9.31739876e-04
9.29500973e-04
9.27284101e-04
9.25079993e-04
9.22884317e-04
9.20442103e-04
9.17885908e-04
9.15431656e-04
9.13169132e-04
9.10512253e-04
9.06572785e-04
9.02803658e-04
9.00022847e-04
8.98076759e-04
8.96339698e-04
8.94344672e-04
8.92035982e-04
8.89624782e-04
8.87320456e-04
8.85181641e-04
8.83140653e-04
8.81107506e-04
8.79043090e-04
8.76962093e-04
8.74894982e-04
8.72855674e-04
8.70836796e-04
8.68824060e-04
8.66810729e-04
8.64800458e-04
8.62800865e-04
8.60816156e-04
8.58844794e-04
8.56882145e-04
8.54924413e-04
8.52970634e-04
8.51022109e-04
8.49080633e-04
8.47147181e-04
8.45221672e-04
8.43303480e-04
8.41392012e-04
8.39486948e-04
8.37588185e-04
8.35491919e-04
8.32889296e-04
8.30363001e-04
8.28222402e-04
8.26401986e-04
8.24672449e-04
8.22870159e-04
8.20972243e-04
8.19038414e-04
8.17126687e-04
8.15255671e-04
8.13415228e-04
8.11590869e-04
8.09775824e-04
8.07968891e-04
8.06168890e-04
8.04373368e-04
8.02580909e-04
8.00792756e-04
7.99011697e-04
7.97239625e-04
7.95476214e-04
7.93719571e-04
7.91967890e-04
7.90220592e-04
7.88478287e-04
7.86741945e-04
7.85012119e-04
7.83288699e-04
7.81571177e-04
7.79859062e-04
7.78152132e-04
7.76450429e-04
7.74754105e-04
7.73063266e-04
7.71377908e-04
7.69697943e-04
7.68023263e-04
7.66353796e-04
7.63120896e-04
7.59707175e-04
7.57150977e-04
7.55516975e-04
7.54258155e-04
7.52851324e-04
7.51132720e-04
7.49236725e-04
7.47364556e-04
7.45619823e-04
7.43988751e-04
7.42406425e-04
7.40821439e-04
7.39217638e-04
7.37602496e-04
7.35988676e-04
7.34384387e-04
7.32792669e-04
7.31213509e-04
7.29645115e-04
7.28084501e-04
7.26528543e-04
7.24975411e-04
7.23425314e-04
7.21879915e-04
7.20340920e-04
7.18808916e-04
7.17283201e-04
7.15762470e-04
7.14245715e-04
7.12732707e-04
7.11223877e-04
7.09719858e-04
7.08221042e-04
7.06727419e-04
7.05238693e-04
7.03754518e-04
7.02274682e-04
7.00799160e-04
6.99328040e-04
6.97861421e-04
6.96399335e-04
6.94941739e-04
6.93324867e-04
6.90837751e-04
6.88358817e-04
6.86439667e-04
6.85051712e-04
6.83849991e-04
6.82540499e-04
6.81047087e-04
6.79456357e-04
6.77883298e-04
6.76385163e-04
6.74955200e-04
6.73558654e-04
6.72165843e-04
6.70764169e-04
6.69354729e-04
6.67944783e-04
6.66541997e-04
6.65151093e-04
6.63772426e-04
6.62402587e-04
6.61036833e-04
6.59671953e-04
6.58307760e-04
6.56946442e-04
6.55590575e-04
6.54241379e-04
6.52898273e-04
6.51559702e-04
6.50224327e-04
6.48891740e-04
6.47562394e-04
6.46237051e-04
6.44916220e-04
6.43599948e-04
6.42287944e-04
6.40844946e-04
6.39267052e-04
6.37746066e-04
6.36369736e-04
6.35104696e-04
6.33867868e-04
6.32600799e-04
6.31295452e-04
6.29975457e-04
6.28665458e-04
6.27374652e-04
6.26098879e-04
6.24830716e-04
6.23566385e-04
6.22306016e-04
6.21050472e-04
6.19799134e-04
6.18550281e-04
6.17302795e-04
6.16057218e-04
6.14815320e-04
6.13578793e-04
6.12348185e-04
6.11122769e-04
6.09901185e-04
6.08682301e-04
6.07465711e-04
6.06251724e-04
6.05040997e-04
6.03834114e-04
6.02631319e-04
6.01432491e-04
5.99525957e-04
5.96450237e-04
5.93678547e-04
5.91918608e-04
5.90922491e-04
5.90069297e-04
5.88962773e-04
5.87599765e-04
5.86180002e-04
5.84858461e-04
5.83648538e-04
5.82479318e-04
5.81292541e-04
5.80085430e-04
5.78888979e-04
5.77726521e-04
5.76594214e-04
5.75470874e-04
5.74338567e-04
5.73194144e-04
5.72046325e-04
5.70905721e-04
5.69777408e-04
5.68660032e-04
5.67549296e-04
5.66441623e-04
5.65335590e-04
5.64231349e-04
5.63129502e-04
5.62030472e-04
5.60934506e-04
5.59841849e-04
5.58752770e-04
5.57667420e-04
5.56585720e-04
5.55507395e-04
5.54432133e-04
5.53359726e-04
5.52290128e-04
5.51223400e-04
5.50159633e-04
5.49098882e-04
5.48041160e-04
5.46986440e-04
5.45934684e-04
5.44885848e-04
5.43839884e-04
5.42796748e-04
5.41756404e-04
5.40718829e-04
5.39684021e-04
5.38651991e-04
5.37622756e-04
5.36596328e-04
5.35572709e-04
5.34416475e-04
5.33130025e-04
5.31910939e-04
5.30463551e-04
5.28824353e-04
5.27387574e-04
5.26269425e-04
5.25342173e-04
5.24426136e-04
5.23430459e-04
5.22367399e-04
5.21291235e-04
5.20241212e-04
5.19225028e-04
5.18231973e-04
5.17249888e-04
5.16272099e-04
5.15296066e-04
5.14320698e-04
5.13345737e-04
5.12372191e-04
5.11401989e-04
5.10436735e-04
5.09476722e-04
5.08521057e-04
5.07568567e-04
5.06618600e-04
5.05671150e-04
5.04726464e-04
5.03784626e-04
5.02845455e-04
5.01908695e-04
5.00974239e-04
5.00042176e-04
4.99112685e-04
4.98185875e-04
4.97261720e-04
4.96340095e-04
4.95420865e-04
4.94503964e-04
4.93589398e-04
4.92677217e-04
4.91767467e-04
4.90860165e-04
4.89955291e-04
4.89052806e-04
4.88152672e-04
4.87254860e-04
4.86359355e-04
4.85466150e-04
4.84575242e-04
4.83686625e-04
4.82800291e-04
4.81916231e-04
4.81034434e-04
4.80154891e-04
4.79277595e-04
4.78402539e-04
4.77529714e-04
4.76659112e-04
4.75790725e-04
4.74924542e-04
4.74060555e-04
4.73198755e-04
4.72339134e-04
4.71481684e-04
4.70626397e-04
4.69773266e-04
4.68922281e-04
4.68073433e-04
4.67226715e-04
4.66382118e-04
4.65539633e-04
4.64699255e-04
4.63860975e-04
4.63024786e-04
4.62190682e-04
4.61358653e-04
4.60528693e-04
4.59700793e-04
4.58874947e-04
4.58051148e-04
4.57229387e-04
4.56409659e-04
4.55591956e-04
4.54776270e-04
4.53962595e-04
4.53150923e-04
4.52341247e-04
4.51533560e-04
4.50727855e-04
4.49924125e-04
4.49122363e-04
4.48322563e-04
4.47524716e-04
4.46728818e-04
4.45934860e-04
4.45142837e-04
4.44352742e-04
4.43564567e-04
4.42778307e-04
4.41993954e-04
4.41211503e-04
4.40430947e-04
4.39652278e-04
4.38875492e-04
4.38100580e-04
4.37327537e-04
4.36556357e-04
4.35787033e-04
4.35019558e-04
4.34253927e-04
4.33490133e-04
4.32728170e-04
4.31968032e-04
4.31209712e-04
4.30453205e-04
4.29698504e-04
4.28945603e-04
4.28194497e-04
4.27445179e-04
4.26697643e-04
4.25951884e-04
4.25207895e-04
4.24465670e-04
4.23725203e-04
4.22986490e-04
4.22249523e-04
4.21514297e-04
4.20780807e-04
4.20049045e-04
4.19319008e-04
4.18590689e-04
4.17864082e-04
4.17139181e-04
4.16415982e-04
4.15694478e-04
4.14974665e-04
4.14256535e-04
4.13540085e-04
4.12825308e-04
4.12112198e-04
4.11400751e-04
4.10690961e-04
4.09982823e-04
4.09276330e-04
4.08571479e-04
4.07868263e-04
4.07166677e-04
4.06466716e-04
4.05768375e-04
4.05071648e-04
4.04376530e-04
4.03683016e-04
4.02991101e-04
4.02300779e-04
4.01612046e-04
4.00924896e-04
4.00239324e-04
3.99555326e-04
3.98872895e-04
3.97207752e-04
3.95414312e-04
3.94134214e-04
3.93420436e-04
3.92948584e-04
3.92405093e-04
3.91693986e-04
3.90894651e-04
3.90114965e-04
3.89395176e-04
3.88710376e-04
3.88023682e-04
3.87324686e-04
3.86628289e-04
3.85951455e-04
3.85296113e-04
3.84650412e-04
3.84001079e-04
3.83343376e-04
3.82681725e-04
3.82023599e-04
3.81373304e-04
3.80730050e-04
3.79223094e-04
3.77223400e-04
3.75651335e-04
3.74804249e-04
3.74406503e-04
3.74033124e-04
3.73446511e-04
3.72657410e-04
3.71801056e-04
3.70997407e-04
3.70289750e-04
3.69657732e-04
3.69057325e-04
3.68451401e-04
3.67821870e-04
3.67169270e-04
3.66506374e-04
3.65849254e-04
3.65208753e-04
3.64585935e-04
3.63973530e-04
3.63361817e-04
3.62744700e-04
3.62122228e-04
3.61498828e-04
3.60879369e-04
3.60266077e-04
3.59657928e-04
3.59052173e-04
3.58446435e-04
3.57839947e-04
3.57233476e-04
3.56628402e-04
3.56025744e-04
3.55425709e-04
3.54827835e-04
3.54231449e-04
3.53636092e-04
3.53041676e-04
3.52448400e-04
3.51856533e-04
3.51266240e-04
3.50677514e-04
3.50090235e-04
3.49504266e-04
3.48919528e-04
3.48336024e-04
3.47753812e-04
3.47172950e-04
3.46593468e-04
3.46015354e-04
3.45438575e-04
3.44863097e-04
3.44288899e-04
3.43715977e-04
3.43144334e-04
3.42573972e-04
3.42004889e-04
3.41437075e-04
3.40870518e-04
3.40305210e-04
3.39741146e-04
3.39178325e-04
3.38616747e-04
3.38056413e-04
3.37497319e-04
3.36939460e-04
3.36382831e-04
3.35827427e-04
3.35273241e-04
3.34720269e-04
3.34168506e-04
3.33617948e-04
3.33068588e-04
3.32520424e-04
3.31973451e-04
3.31427664e-04
3.30883062e-04
3.30339639e-04
3.29797394e-04
3.29256321e-04
3.28716418e-04
3.28177681e-04
3.27640104e-04
3.27103655e-04
3.26568364e-04
3.26034415e-04
3.25501713e-04
3.24970104e-04
3.24439521e-04
3.23909970e-04
3.23381490e-04
3.22854120e-04
3.22327881e-04
3.21802779e-04
3.21278794e-04
3.20755924e-04
3.20234190e-04
3.19713582e-04
3.19194077e-04
3.18675657e-04
3.18158318e-04
3.17642067e-04
3.17126907e-04
3.16612838e-04
3.16099856e-04
3.15587955e-04
3.15077134e-04
3.14567390e-04
3.14058719e-04
3.13551118e-04
3.12579090e-04
3.11248648e-04
3.10150175e-04
3.09494365e-04
3.09119184e-04
3.08758655e-04
3.08268126e-04
3.07665742e-04
3.07043813e-04
3.06470533e-04
3.05954294e-04
3.05466092e-04
3.04976983e-04
3.04477218e-04
3.03972528e-04
3.03471380e-04
3.02976764e-04
3.02486284e-04
3.01996485e-04
3.01506151e-04
3.01016499e-04
3.00529403e-04
3.00045723e-04
2.99564890e-04
2.99085580e-04
2.98606655e-04
2.98127716e-04
2.97649079e-04
2.97171390e-04
2.96695192e-04
2.96220681e-04
2.95556782e-04
2.94707942e-04
2.93890706e-04
2.93274189e-04
2.92830332e-04
2.92434849e-04
2.91992205e-04
2.91486708e-04
2.90956646e-04
2.90443501e-04
2.89962171e-04
2.89502898e-04
2.89048871e-04
2.88590194e-04
2.88126513e-04
2.87662089e-04
2.87200425e-04
2.86742286e-04
2.86286685e-04
2.85832531e-04
2.85379406e-04
2.84927391e-04
2.84476606e-04
2.84027003e-04
2.83578444e-04
2.83130849e-04
2.82684229e-04
2.82238627e-04
2.81794043e-04
2.81350426e-04
2.80907718e-04
2.80465890e-04
2.80024958e-04
2.79584958e-04
2.79145913e-04
2.78707820e-04
2.78270656e-04
2.77834393e-04
2.77399009e-04
2.76964496e-04
2.76530854e-04
2.76098085e-04
2.75666190e-04
2.75235163e-04
2.74804998e-04
2.74375688e-04
2.73947229e-04
2.73519621e-04
2.73092865e-04
2.72666961e-04
2.72241908e-04
2.71817702e-04
2.71394337e-04
2.70971809e-04
2.70550112e-04
2.70129243e-04
2.69709200e-04
2.69289980e-04
2.68871581e-04
2.68454001e-04
2.68037238e-04
2.67621288e-04
2.67206150e-04
2.66791822e-04
2.66378301e-04
2.65965587e-04
2.65553676e-04
2.65142565e-04
2.64732252e-04
2.64322734e-04
2.63914009e-04
2.63506074e-04
2.63098927e-04
2.62692566e-04
2.62286989e-04
2.61882193e-04
2.61478177e-04
2.61074938e-04
2.60672474e-04
2.60270782e-04
2.59869861e-04
2.59469709e-04
2.59070322e-04
2.58671700e-04
2.58273839e-04
2.57876738e-04
2.57480395e-04
2.57084807e-04
2.56689972e-04
2.56295888e-04
2.55902553e-04
2.55509966e-04
2.55118123e-04
2.54727024e-04
2.54336665e-04
2.53947046e-04
2.53558163e-04
2.53170016e-04
2.52782602e-04
2.52395919e-04
2.52009965e-04
2.51624739e-04
2.51240238e-04
2.50856460e-04
2.50473403e-04
2.50091066e-04
2.49709446e-04
2.49328542e-04
2.48948351e-04
2.48568872e-04
2.48190103e-04
2.47812042e-04
2.47434687e-04
2.47058036e-04
2.46682087e-04
2.46306839e-04
2.45932289e-04
2.45558437e-04
2.45185279e-04
2.44812815e-04
2.44441042e-04
2.44069959e-04
2.43699563e-04
2.43329854e-04
2.42960829e-04
2.42592486e-04
2.42224824e-04
2.41857841e-04
2.41491535e-04
2.41125905e-04
2.40760948e-04
2.40396663e-04
2.40033049e-04
2.39670102e-04
2.39307823e-04
2.38946209e-04
2.38585258e-04
2.38224969e-04
2.37865339e-04
2.37506368e-04
2.37148054e-04
2.36790395e-04
2.36433389e-04
2.36077034e-04
2.35721330e-04
2.35366274e-04
2.35011864e-04
2.34559887e-04
2.34082311e-04
2.33657342e-04
2.33297036e-04
2.32967366e-04
2.32632339e-04
2.32279384e-04
2.31916253e-04
2.31554985e-04
2.31200744e-04
2.30851381e-04
2.30502869e-04
2.30153607e-04
2.29804745e-04
2.29458038e-04
2.29114004e-04
2.28771731e-04
2.28429864e-04
2.28087615e-04
2.27745076e-04
2.27402882e-04
2.27061673e-04
2.26721749e-04
2.26383025e-04
2.26045204e-04
2.25707978e-04
2.25371160e-04
2.25034718e-04
2.24698734e-04
2.24363332e-04
2.24028620e-04
2.23694647e-04
2.23361406e-04
2.23028845e-04
2.22696899e-04
2.22365513e-04
2.21710311e-04
2.19617452e-04
2.17548432e-04
2.16449459e-04
2.16274095e-04
2.16396619e-04
2.16272740e-04
2.15769854e-04
2.15079873e-04
2.14453249e-04
2.14006623e-04
2.13700958e-04
2.13432069e-04
2.13124184e-04
2.12763522e-04
2.12377459e-04
2.11997894e-04
2.11639502e-04
2.11299301e-04
2.10967226e-04
2.10635504e-04
2.10301691e-04
2.09966944e-04
2.09633213e-04
2.09301640e-04
2.08972350e-04
2.08644861e-04
2.08318523e-04
2.07992780e-04
2.07667323e-04
2.07342154e-04
2.07017530e-04
2.06693805e-04
2.06371250e-04
2.06049945e-04
2.05729785e-04
2.05410573e-04
2.05092107e-04
2.04774249e-04
2.04456934e-04
2.04140155e-04
2.03823942e-04
2.03508344e-04
2.03193409e-04
2.02879177e-04
2.02565669e-04
2.02252884e-04
2.01940810e-04
2.01629425e-04
2.01318706e-04
2.01008629e-04
2.00699173e-04
2.00390321e-04
2.00082063e-04
1.99774397e-04
1.99467334e-04
1.99160887e-04
1.98855071e-04
1.98549899e-04
1.98245371e-04
1.97941483e-04
1.97638223e-04
1.97335574e-04
1.97033523e-04
1.96732057e-04
1.96431169e-04
1.96130855e-04
1.95831118e-04
1.95531961e-04
1.95233389e-04
1.94935407e-04
1.94638016e-04
1.94341216e-04
1.94045003e-04
1.93749370e-04
1.93454313e-04
1.93159825e-04
1.92865900e-04
1.92572534e-04
1.92279727e-04
1.91987478e-04
1.91695787e-04
1.91404656e-04
1.91098271e-04
1.90699898e-04
1.90302891e-04
1.89965412e-04
1.89683682e-04
1.89420628e-04
1.89145363e-04
1.88850850e-04
1.88547297e-04
1.88247063e-04
1.87955408e-04
1.87670530e-04
1.87388255e-04
1.87105811e-04
1.86822649e-04
1.86539372e-04
1.86256593e-04
1.85974552e-04
1.85693284e-04
1.85412817e-04
1.85133190e-04
1.84854368e-04
1.84576224e-04
1.84298609e-04
1.84021441e-04
1.83744728e-04
1.83468525e-04
1.83192881e-04
1.82917807e-04
1.82643281e-04
1.82369280e-04
1.82095791e-04
1.81822815e-04
1.81550359e-04
1.81278425e-04
1.81007005e-04
1.80736091e-04
1.80465673e-04
1.80195746e-04
1.79926311e-04
1.79657370e-04
1.79388926e-04
1.79120978e-04
1.78853523e-04
1.78586557e-04
1.78320078e-04
1.78054081e-04
1.77788568e-04
1.77523538e-04
1.77258990e-04
1.76994924e-04
1.76731337e-04
1.76468227e-04
1.76205591e-04
1.75943430e-04
1.75681741e-04
1.75420525e-04
1.75159781e-04
1.74899507e-04
1.74639701e-04
1.74380361e-04
1.74121486e-04
1.73863074e-04
1.73605124e-04
1.73347636e-04
1.73090607e-04
1.72834038e-04
1.72577926e-04
1.72322271e-04
1.72067071e-04
1.71812325e-04
1.71558031e-04
1.71304188e-04
1.71050795e-04
1.70797851e-04
1.70545355e-04
1.70293305e-04
1.70041700e-04
1.69790539e-04
1.69539821e-04
1.69289545e-04
1.69039710e-04
1.68790315e-04
1.68541359e-04
1.68292840e-04
1.68044757e-04
1.67797110e-04
1.67549896e-04
1.67303116e-04
1.67056767e-04
1.66810848e-04
1.66565359e-04
1.66320299e-04
1.66067303e-04
1.65800756e-04
1.65538215e-04
1.65288240e-04
1.65048097e-04
1.64810371e-04
1.64569939e-04
1.64326267e-04
1.64081592e-04
1.63838118e-04
1.63596607e-04
1.63356603e-04
1.63117337e-04
1.62878344e-04
1.62639542e-04
1.62401031e-04
1.62162908e-04
1.61925223e-04
1.61688002e-04
1.61451268e-04
1.61215031e-04
1.60979266e-04
1.60743928e-04
1.60508973e-04
1.60274386e-04
1.60040180e-04
1.59806379e-04
1.59405607e-04
1.58923090e-04
1.58523720e-04
1.58255647e-04
1.58064742e-04
1.57874141e-04
1.57645124e-04
1.57384904e-04
1.57119623e-04
1.56867161e-04
1.56628873e-04
1.56397156e-04
1.56165720e-04
1.55933569e-04
1.55702641e-04
1.55474033e-04
1.55246657e-04
1.55018580e-04
1.54788919e-04
1.54558485e-04
1.54328946e-04
1.54101539e-04
1.53876367e-04
1.53652610e-04
1.53429220e-04
1.53205547e-04
1.52981533e-04
1.52757533e-04
1.52533992e-04
1.52311201e-04
1.52089215e-04
1.51867902e-04
1.51647062e-04
1.51426526e-04
1.51206214e-04
1.50986146e-04
1.50766408e-04
1.50547098e-04
1.50328278e-04
1.50109956e-04
1.49892090e-04
1.49674617e-04
1.49457482e-04
1.49240667e-04
1.49024181e-04
1.48808061e-04
1.48592335e-04
1.48377019e-04
1.48162107e-04
1.47947582e-04
1.47733423e-04
1.47519616e-04
1.47306157e-04
1.47093048e-04
1.46880298e-04
1.46667913e-04
1.46455896e-04
1.46244243e-04
1.46032948e-04
1.45822007e-04
1.45611416e-04
1.45401175e-04
1.45191285e-04
1.44981749e-04
1.44772568e-04
1.44563740e-04
1.44355264e-04
1.44147136e-04
1.43939354e-04
1.43731916e-04
1.43524822e-04
1.43318071e-04
1.43111664e-04
1.42905600e-04
1.42699879e-04
1.42494500e-04
1.42289461e-04
1.42084760e-04
1.41880398e-04
1.41676372e-04
1.41472683e-04
1.41269330e-04
1.41066312e-04
1.40863628e-04
1.40661277e-04
1.40459258e-04
1.40257571e-04
1.40056214e-04
1.39855186e-04
1.39654487e-04
1.39454117e-04
1.39254074e-04
1.39054358e-04
1.38854968e-04
1.38655902e-04
1.38457161e-04
1.38258744e-04
1.38060650e-04
1.37862878e-04
1.37665427e-04
1.37468298e-04
1.37271488e-04
1.37074997e-04
1.36878824e-04
1.36682968e-04
1.36487430e-04
1.36292207e-04
1.36097300e-04
1.35902707e-04
1.35708428e-04
1.35514462e-04
1.35320808e-04
1.35127467e-04
1.34934436e-04
1.34741716e-04
1.34549305e-04
1.34357204e-04
1.34165411e-04
1.33973926e-04
1.33782748e-04
1.33591877e-04
1.33401311e-04
1.33211050e-04
1.33021094e-04
1.32831442e-04
1.32642093e-04
1.32453046e-04
1.32264301e-04
1.32075858e-04
1.31887715e-04
1.31699872e-04
1.31512328e-04
1.31325083e-04
1.31138136e-04
1.30951487e-04
1.30765134e-04
1.30579077e-04
1.30393316e-04
1.30207850e-04
1.30022678e-04
1.29837800e-04
1.29651594e-04
1.29464737e-04
1.29278965e-04
1.29094840e-04
1.28911831e-04
1.28729104e-04
1.28546209e-04
1.28363215e-04
1.28180444e-04
1.27998146e-04
1.27816362e-04
1.27634980e-04
1.27453872e-04
1.27272982e-04
1.27092331e-04
1.26911966e-04
1.26731915e-04
1.26552177e-04
1.26372732e-04
1.26193561e-04
1.26014659e-04
1.25836032e-04
1.25657690e-04
1.25479635e-04
1.25301866e-04
1.25124378e-04
1.24947166e-04
1.24770228e-04
1.24593567e-04
1.24417183e-04
1.24241079e-04
1.24065252e-04
1.23889702e-04
1.23714427e-04
1.23539425e-04
1.23364697e-04
1.23190242e-04
1.23016058e-04
1.22842147e-04
1.22668506e-04
1.22495136e-04
1.22322036e-04
1.22149206e-04
1.21976644e-04
1.21804351e-04
1.21632326e-04
1.21460569e-04
1.21289079e-04
1.21117856e-04
1.20946898e-04
1.20776207e-04
1.20605780e-04
1.20435618e-04
1.20265719e-04
1.20096084e-04
1.19926711e-04
1.19757601e-04
1.19588752e-04
1.19420164e-04
1.19251838e-04
1.19083771e-04
1.18915964e-04
1.18748417e-04
1.18581128e-04
1.18414097e-04
1.18247324e-04
1.18080809e-04
1.17914550e-04
1.17748548e-04
1.17582801e-04
1.17417310e-04
1.17252073e-04
1.17087090e-04
1.16922362e-04
1.16757886e-04
1.16593664e-04
1.16429694e-04
1.16265975e-04
1.16102508e-04
1.15939292e-04
1.15776326e-04
1.15613610e-04
1.15451144e-04
1.15288927e-04
1.15126958e-04
1.14965237e-04
1.14803764e-04
1.14642538e-04
1.14481559e-04
1.14320825e-04
1.14160338e-04
1.14000096e-04
1.13840098e-04
1.13680345e-04
1.13520836e-04
1.13361570e-04
1.13202547e-04
1.13043767e-04
1.12885228e-04
1.12726932e-04
1.12568876e-04
1.12411061e-04
1.12253487e-04
1.12096152e-04
1.11939056e-04
1.11782200e-04
1.11625582e-04
1.11469202e-04
1.11313059e-04
1.11157154e-04
1.11001485e-04
1.10846053e-04
1.10690856e-04
1.10535895e-04
1.10381169e-04
1.10226677e-04
1.10072420e-04
1.09918396e-04
1.09764605e-04
1.09611048e-04
1.09457722e-04
1.09304629e-04
1.09151767e-04
1.08999136e-04
1.08846736e-04
1.08694566e-04
1.08542626e-04
1.08390915e-04
1.08239433e-04
1.08088180e-04
1.07937155e-04
1.07786358e-04
1.07635788e-04
1.07485445e-04
1.07335329e-04
1.07185439e-04
1.07035774e-04
1.06886335e-04
1.06737120e-04
1.06588130e-04
1.06439364e-04
1.06290822e-04
1.06142503e-04
1.05994407e-04
1.05846533e-04
1.05698881e-04
1.05551451e-04
1.05404243e-04
1.05257255e-04
1.05110487e-04
1.04963940e-04
1.04817612e-04
1.04671504e-04
1.04525614e-04
1.04379943e-04
1.04234490e-04
1.04089255e-04
1.03944237e-04
1.03799436e-04
1.03654852e-04
1.03510483e-04
1.03366331e-04
1.03222394e-04
1.03078672e-04
1.02935164e-04
1.02791871e-04
1.02648792e-04
1.02505926e-04
1.02363273e-04
1.02220833e-04
1.02078605e-04
1.01936589e-04
1.01794785e-04
1.01653192e-04
1.01511810e-04
1.01370639e-04
1.01229677e-04
1.01088926e-04
1.00948383e-04
1.00808050e-04
1.00667926e-04
1.00528009e-04
1.00388301e-04
1.00248800e-04
1.00109506e-04
9.99704192e-05
9.98315388e-05
9.96928644e-05
9.95543958e-05
9.94161326e-05
9.92780743e-05
9.91402208e-05
9.90025715e-05
9.88651262e-05
9.87278845e-05
9.85908460e-05
9.84540104e-05
9.83173773e-05
9.81809464e-05
9.80447174e-05
9.79086898e-05
9.77728633e-05
9.76372376e-05
9.75018124e-05
9.73665872e-05
9.72315618e-05
9.70967358e-05
9.69621088e-05
9.68276806e-05
9.66934507e-05
9.65594188e-05
9.64255846e-05
9.62919477e-05
9.61585079e-05
9.60252647e-05
9.58922178e-05
9.57593669e-05
9.56267117e-05
9.54942518e-05
9.53619868e-05
9.52299165e-05
9.50980405e-05
9.49663585e-05
9.48348702e-05
9.47035751e-05
9.45724731e-05
9.44415637e-05
9.43108466e-05
9.41803215e-05
9.40499881e-05
9.39198461e-05
9.37898951e-05
9.36601347e-05
9.35305648e-05
9.34011848e-05
9.32719947e-05
9.31429939e-05
9.30141822e-05
9.28855592e-05
9.27571247e-05
9.26288783e-05
9.25008197e-05
9.23729486e-05
9.22452647e-05
9.21177676e-05
9.19904571e-05
9.18633327e-05
9.17363943e-05
9.16096415e-05
9.14830739e-05
9.13566914e-05
9.12304935e-05
9.11044799e-05
9.09786503e-05
9.08530045e-05
9.07275421e-05
9.06022629e-05
9.04771664e-05
9.03522524e-05
9.02275206e-05
9.01029707e-05
8.99786024e-05
8.98544153e-05
8.97304093e-05
8.96065839e-05
8.94829388e-05
8.93594739e-05
8.92361887e-05
8.91130829e-05
8.89901564e-05
8.88674087e-05
8.87448395e-05
8.86224487e-05
8.85002358e-05
8.83782006e-05
8.82563428e-05
8.81346621e-05
8.80131582e-05
8.78918308e-05
8.77706796e-05
8.76497044e-05
8.75289047e-05
8.74082804e-05
8.72878311e-05
8.71675634e-05
8.70476310e-05
8.69280119e-05
8.68085926e-05
8.66892882e-05
8.65700563e-05
8.64508918e-05
8.63318128e-05
8.62128450e-05
8.60940118e-05
8.59753312e-05
8.58568175e-05
8.57384834e-05
8.56203413e-05
8.55024011e-05
8.53846681e-05
8.52671404e-05
8.51498090e-05
8.50326594e-05
8.49156757e-05
8.47988441e-05
8.46821562e-05
8.45656101e-05
8.44492098e-05
8.43329637e-05
8.42168819e-05
8.41009742e-05
8.39852483e-05
8.38697088e-05
8.37543572e-05
8.36391921e-05
8.35242096e-05
8.34094046e-05
8.32947713e-05
8.31803040e-05
8.30659978e-05
8.29518495e-05
8.28378572e-05
8.27240207e-05
8.26103409e-05
8.24968196e-05
8.23834589e-05
8.22702605e-05
8.21541737e-05
8.20347916e-05
8.19168977e-05
8.18026390e-05
8.16911189e-05
8.15802523e-05
8.14686374e-05
8.13561531e-05
8.12434391e-05
8.11311128e-05
8.10193724e-05
8.09080739e-05
8.07970000e-05
8.06860428e-05
8.05752147e-05
8.04645639e-05
8.03541058e-05
8.02438160e-05
8.01336643e-05
8.00236449e-05
7.99137793e-05
7.98040957e-05
7.96946083e-05
7.95853091e-05
7.94761760e-05
7.93671876e-05
7.92583343e-05
7.91496200e-05
7.90410567e-05
7.89326561e-05
7.88244236e-05
7.87163571e-05
7.86084502e-05
7.85006959e-05
7.83930899e-05
7.82856320e-05
7.81783248e-05
7.80711718e-05
7.79641754e-05
7.78573363e-05
7.77506532e-05
7.76441241e-05
7.75377473e-05
7.74315218e-05
7.73254476e-05
7.72195254e-05
7.71137558e-05
7.70081392e-05
7.69026754e-05
7.67973636e-05
7.66922026e-05
7.65871916e-05
7.64823301e-05
7.63776176e-05
7.62730541e-05
7.61686395e-05
7.60643737e-05
7.59602565e-05
7.58562875e-05
7.57524662e-05
7.56487925e-05
7.55452661e-05
7.54418868e-05
7.53386547e-05
7.52355696e-05
7.51326313e-05
7.50298398e-05
7.49271947e-05
7.48246959e-05
7.47223431e-05
7.46201362e-05
7.45180750e-05
7.44161593e-05
7.43143889e-05
7.42127636e-05
7.41112832e-05
7.40099473e-05
7.39087557e-05
7.38077080e-05
7.37068040e-05
7.36060433e-05
7.35054258e-05
7.34049511e-05
7.33046190e-05
7.32044292e-05
7.31043815e-05
7.30044755e-05
7.29047112e-05
7.28050882e-05
7.27056063e-05
7.26062655e-05
7.25070654e-05
7.24080059e-05
7.23090867e-05
7.22103078e-05
7.21116688e-05
7.20131697e-05
7.19148101e-05
7.18165900e-05
7.17185091e-05
7.16205673e-05
7.15227642e-05
7.14250997e-05
7.13275736e-05
7.12301856e-05
7.11329355e-05
7.10358231e-05
7.09388482e-05
7.08420104e-05
7.07453096e-05
7.06487456e-05
7.05523181e-05
7.04560268e-05
7.03598716e-05
7.02638523e-05
7.01679685e-05
7.00722202e-05
6.99766070e-05
6.98811289e-05
6.97857855e-05
6.96905767e-05
6.95955023e-05
6.95005621e-05
6.94057559e-05
6.93110835e-05
6.92165448e-05
6.91221394e-05
6.90278672e-05
6.89337281e-05
6.88397218e-05
6.87458480e-05
6.86521067e-05
6.85584976e-05
6.84650205e-05
6.83716752e-05
6.82784614e-05
6.81853790e-05
6.80924278e-05
6.79996075e-05
6.79069180e-05
6.78143589e-05
6.77219302e-05
6.76296316e-05
6.75374630e-05
6.74454240e-05
6.73535146e-05
6.72617344e-05
6.71700834e-05
6.70785613e-05
6.69871679e-05
6.68959031e-05
6.68047666e-05
6.67137582e-05
6.66228778e-05
6.65321252e-05
6.64415002e-05
6.63510025e-05
6.62606320e-05
6.61703885e-05
6.60802719e-05
6.59902818e-05
6.59004182e-05
6.58106808e-05
6.57210694e-05
6.56315839e-05
6.55422240e-05
6.54529895e-05
6.53638803e-05
6.52748962e-05
6.51860369e-05
6.50973023e-05
6.50086922e-05
6.49202064e-05
6.48318447e-05
6.47436069e-05
6.46554928e-05
6.45675023e-05
6.44796351e-05
6.43918911e-05
6.43042701e-05
6.42167719e-05
6.41293963e-05
6.40421431e-05
6.39550121e-05
6.38680033e-05
6.37811163e-05
6.36943510e-05
6.36077072e-05
6.35211848e-05
6.34347834e-05
6.33485031e-05
6.32623435e-05
6.31763046e-05
6.30903860e-05
6.30045877e-05
6.29189094e-05
6.28333510e-05
6.27479123e-05
6.26625930e-05
6.25773931e-05
6.24923124e-05
6.24073506e-05
6.23225076e-05
6.22377832e-05
6.21531772e-05
6.20686894e-05
6.19843197e-05
6.19000680e-05
6.18159339e-05
6.17319174e-05
6.16480182e-05
6.15642362e-05
6.14805713e-05
6.13970232e-05
6.13135917e-05
6.12302767e-05
6.11470781e-05
6.10639956e-05
6.09810290e-05
6.08981783e-05
6.08154432e-05
6.07328235e-05
6.06503191e-05
6.05679297e-05
6.04856554e-05
6.04034957e-05
6.03214507e-05
6.02395200e-05
6.01577037e-05
6.00760013e-05
5.99944129e-05
5.99129382e-05
5.98315771e-05
5.97503293e-05
5.96691948e-05
5.95881733e-05
5.95072647e-05
5.94264689e-05
5.93457855e-05
5.92652146e-05
5.91847559e-05
5.91044092e-05
5.90241744e-05
5.89440513e-05
5.88640397e-05
5.87841396e-05
5.87043506e-05
5.86246728e-05
5.85451058e-05
5.84656495e-05
5.83863037e-05
5.83070684e-05
5.82279433e-05
5.81489283e-05
5.80700231e-05
5.79912278e-05
5.79125419e-05
5.78339655e-05
5.77554984e-05
5.76771403e-05
5.75988912e-05
5.75207508e-05
5.74427190e-05
5.73647957e-05
5.72869807e-05
5.72092738e-05
5.71316748e-05
5.70541837e-05
5.69768001e-05
5.68995241e-05
5.68223554e-05
5.67452939e-05
5.66683394e-05
5.65914918e-05
5.65147508e-05
5.64381164e-05
5.63615883e-05
5.62851665e-05
5.62088508e-05
5.61326409e-05
5.60565368e-05
5.59805383e-05
5.59046453e-05
5.58288575e-05
5.57531749e-05
5.56775972e-05
5.56021244e-05
5.55267562e-05
5.54514926e-05
5.53763333e-05
5.53012782e-05
5.52263272e-05
5.51514801e-05
5.50767367e-05
5.50020969e-05
5.49275606e-05
5.48531276e-05
5.47787977e-05
5.47045708e-05
5.46304467e-05
5.45564253e-05
5.44825064e-05
5.44086900e-05
5.43349758e-05
5.42613636e-05
5.41878534e-05
5.41144450e-05
5.40411382e-05
5.39679329e-05
5.38948290e-05
5.38218262e-05
5.37489245e-05
5.36761237e-05
5.36034236e-05
5.35308241e-05
5.34583251e-05
5.33859264e-05
5.33136279e-05
5.32414293e-05
5.31693307e-05
5.30973317e-05
5.30254324e-05
5.29536324e-05
5.28819318e-05
5.28103303e-05
5.27388278e-05
5.26674241e-05
5.25961192e-05
5.25249128e-05
5.24538048e-05
5.23827951e-05
5.23118836e-05
5.22410700e-05
5.21703543e-05
5.20997362e-05
5.20292158e-05
5.19587928e-05
5.18884670e-05
5.18182384e-05
5.17481068e-05
5.16780720e-05
5.16081340e-05
5.15382925e-05
5.14685474e-05
5.13988987e-05
5.13293461e-05
5.12598895e-05
5.11905288e-05
5.11212638e-05
5.10520945e-05
5.09830205e-05
5.09140419e-05
5.08451585e-05
5.07763701e-05
5.07076766e-05
5.06390779e-05
5.05705738e-05
5.05021642e-05
5.04338490e-05
5.03656280e-05
5.02975010e-05
5.02294680e-05
5.01615289e-05
5.00936834e-05
5.00259314e-05
4.99582728e-05
4.98907075e-05
4.98232353e-05
4.97558561e-05
4.96885698e-05
4.96213762e-05
4.95542753e-05
4.94872667e-05
4.94203505e-05
4.93535265e-05
4.92867945e-05
4.92201545e-05
4.91536063e-05
4.90871497e-05
4.90207847e-05
4.89545110e-05
4.88883287e-05
4.88222374e-05
4.87562372e-05
4.86903278e-05
4.86245092e-05
4.85587812e-05
4.84931436e-05
4.84275964e-05
4.83621394e-05
4.82967725e-05
4.82314956e-05
4.81663085e-05
4.81012111e-05
4.80362033e-05
4.79712849e-05
4.79064558e-05
4.78417159e-05
4.77770650e-05
4.77125031e-05
4.76480300e-05
4.75836455e-05
4.75193496e-05
4.74551421e-05
4.73910229e-05
4.73269919e-05
4.72630489e-05
4.71991938e-05
4.71354265e-05
4.70717469e-05
4.70081547e-05
4.69446500e-05
4.68812326e-05
4.68179023e-05
4.67546590e-05
4.66915027e-05
4.66284331e-05
4.65654502e-05
4.65025538e-05
4.64397439e-05
4.63770202e-05
4.63143826e-05
4.62518311e-05
4.61893656e-05
4.61269858e-05
4.60646916e-05
4.60024831e-05
4.59403599e-05
4.58783220e-05
4.58163694e-05
4.57545017e-05
4.56927190e-05
4.56310211e-05
4.55694080e-05
4.55078793e-05
4.54464352e-05
4.53850753e-05
4.53237997e-05
4.52626081e-05
4.52015005e-05
4.51404768e-05
4.50795368e-05
4.50186804e-05
4.49579074e-05
4.48972179e-05
4.48366116e-05
4.47760884e-05
4.47156483e-05
4.46552910e-05
4.45950165e-05
4.45348247e-05
4.44747154e-05
4.44146885e-05
4.43547439e-05
4.42948816e-05
4.42351012e-05
4.41754029e-05
4.41157864e-05
4.40562515e-05
4.39967983e-05
4.39374266e-05
4.38781363e-05
4.38189272e-05
4.37597992e-05
4.37007523e-05
4.36417863e-05
4.35829010e-05
4.35240965e-05
4.34653725e-05
4.34067289e-05
4.33481657e-05
4.32896827e-05
4.32312798e-05
4.31729569e-05
4.31147139e-05
4.30565506e-05
4.29984670e-05
4.29404630e-05
4.28825383e-05
4.28246930e-05
4.27669268e-05
4.27092398e-05
4.26516317e-05
4.25941025e-05
4.25366520e-05
4.24792802e-05
4.24219869e-05
4.23647720e-05
4.23076354e-05
4.22505770e-05
4.21935967e-05
4.21366944e-05
4.20798699e-05
4.20231232e-05
4.19664541e-05
4.19098625e-05
4.18533484e-05
4.17969115e-05
4.17405519e-05
4.16842694e-05
4.16280638e-05
4.15719351e-05
4.15158832e-05
4.14599079e-05
4.14040092e-05
4.13481869e-05
4.12924410e-05
4.12367712e-05
4.11811776e-05
4.11256600e-05
4.10702183e-05
4.10148523e-05
4.09595621e-05
4.09043474e-05
4.08492082e-05
4.07941444e-05
4.07391558e-05
4.06842424e-05
4.06294040e-05
4.05746406e-05
4.05199520e-05
4.04653381e-05
4.04107988e-05
4.03563341e-05
4.03019437e-05
4.02476277e-05
4.01933859e-05
4.01392181e-05
4.00851244e-05
4.00311045e-05
3.99771584e-05
3.99232860e-05
3.98694872e-05
3.98157619e-05
3.97621099e-05
3.97085311e-05
3.96550256e-05
3.96015930e-05
3.95482335e-05
3.94949468e-05
3.94417328e-05
3.93885915e-05
3.93355227e-05
3.92825264e-05
3.92296024e-05
3.91767507e-05
3.91239710e-05
3.90712634e-05
3.90186278e-05
3.89660640e-05
3.89135719e-05
3.88611514e-05
3.88088025e-05
3.87565249e-05
3.87043188e-05
3.86521838e-05
3.86001200e-05
3.85481272e-05
3.84962053e-05
3.84443542e-05
3.83925739e-05
3.83408642e-05
3.82892250e-05
3.82376563e-05
3.81861579e-05
3.81347297e-05
3.80833716e-05
3.80320836e-05
3.79808655e-05
3.79297173e-05
3.78786388e-05
3.78276299e-05
3.77766906e-05
3.77258207e-05
3.76750201e-05
3.76242889e-05
3.75736267e-05
3.75230337e-05
3.74725095e-05
3.74220543e-05
3.73716678e-05
3.73213500e-05
3.72711007e-05
3.72209200e-05
3.71708076e-05
3.71207635e-05
3.70707876e-05
3.70208798e-05
3.69710399e-05
3.69212680e-05
3.68715639e-05
3.68219275e-05
3.67723587e-05
3.67228575e-05
3.66734237e-05
3.66240572e-05
3.65747579e-05
3.65255258e-05
3.64763607e-05
3.64272626e-05
3.63782314e-05
3.63292669e-05
3.62803691e-05
3.62315379e-05
3.61827732e-05
3.61340749e-05
3.60854429e-05
3.60368770e-05
3.59883774e-05
3.59399437e-05
3.58915760e-05
3.58432741e-05
3.57950379e-05
3.57468674e-05
3.56987625e-05
3.56507231e-05
3.56027490e-05
3.55548403e-05
3.55069967e-05
3.54592182e-05
3.54115048e-05
3.53638563e-05
3.53162726e-05
3.52687536e-05
3.52212994e-05
3.51739096e-05
3.51265844e-05
3.50793236e-05
3.50321270e-05
3.49849946e-05
3.49379264e-05
3.48909222e-05
3.48439819e-05
3.47971055e-05
3.47502928e-05
3.47035438e-05
3.46568583e-05
3.46102364e-05
3.45636779e-05
3.45171827e-05
3.44707507e-05
3.44243818e-05
3.43780760e-05
3.43318332e-05
3.42856532e-05
3.42395360e-05
3.41934815e-05
3.41474896e-05
3.41015603e-05
3.40556934e-05
3.40098888e-05
3.39641465e-05
3.39184664e-05
3.38728484e-05
3.38272923e-05
3.37817982e-05
3.37363660e-05
3.36909954e-05
3.36456865e-05
3.36004392e-05
3.35552534e-05
3.35101290e-05
3.34650659e-05
3.34200640e-05
3.33751233e-05
3.33302437e-05
3.32854250e-05
3.32406672e-05
3.31959702e-05
3.31513339e-05
3.31067583e-05
3.30622432e-05
3.30177886e-05
3.29733944e-05
3.29290604e-05
3.28847867e-05
3.28405731e-05
3.27964196e-05
3.27523260e-05
3.27082924e-05
3.26643185e-05
3.26204043e-05
3.25765498e-05
3.25327548e-05
3.24890193e-05
3.24453431e-05
3.24017263e-05
3.23581687e-05
3.23146702e-05
3.22712308e-05
3.22278504e-05
3.21845288e-05
3.21412661e-05
3.20980620e-05
3.20549167e-05
3.20118299e-05
3.19688015e-05
3.19258316e-05
3.18829200e-05
3.18400667e-05
3.17972715e-05
3.17545344e-05
3.17118552e-05
3.16692340e-05
3.16266707e-05
3.15841651e-05
3.15417171e-05
3.14993268e-05
3.14569940e-05
3.14147186e-05
3.13725006e-05
3.13303399e-05
3.12882363e-05
3.12461899e-05
3.12042005e-05
3.11622681e-05
3.11203926e-05
3.10785739e-05
3.10368118e-05
3.09951065e-05
3.09534577e-05
3.09118654e-05
3.08703295e-05
3.08288500e-05
3.07874267e-05
3.07460595e-05
3.07047485e-05
3.06634935e-05
3.06222945e-05
3.05811513e-05
3.05400639e-05
3.04990322e-05
3.04580561e-05
3.04171356e-05
3.03762706e-05
3.03354610e-05
3.02947067e-05
3.02540077e-05
3.02133639e-05
3.01727751e-05
3.01322414e-05
3.00917626e-05
3.00513387e-05
3.00109695e-05
2.99706551e-05
2.99303954e-05
2.98901902e-05
2.98500395e-05
2.98099432e-05
2.97699013e-05
2.97299136e-05
2.96899801e-05
2.96501007e-05
2.96102754e-05
2.95705041e-05
2.95307866e-05
2.94911229e-05
2.94515130e-05
2.94119568e-05
2.93724541e-05
2.93330050e-05
2.92936094e-05
2.92542671e-05
2.92149780e-05
2.91757423e-05
2.91365597e-05
2.90974301e-05
2.90583536e-05
2.90193300e-05
2.89803592e-05
2.89414413e-05
2.89025760e-05
2.88637634e-05
2.88250034e-05
2.87862958e-05
2.87476407e-05
2.87090379e-05
2.86704875e-05
2.86319892e-05
2.85935430e-05
2.85551489e-05
2.85168068e-05
2.84785167e-05
2.84402783e-05
2.84020918e-05
2.83639569e-05
2.83258737e-05
2.82878421e-05
2.82498619e-05
2.82119332e-05
2.81740558e-05
2.81362297e-05
2.80984548e-05
2.80607310e-05
2.80230583e-05
2.79854366e-05
2.79478658e-05
2.79103459e-05
2.78728767e-05
2.78354583e-05
2.77980905e-05
2.77607733e-05
2.77235066e-05
2.76862904e-05
2.76491245e-05
2.76120089e-05
2.75749435e-05
2.75379283e-05
2.75009632e-05
2.74640481e-05
2.74271830e-05
2.73903677e-05
2.73536023e-05
2.73168866e-05
2.72802206e-05
2.72436041e-05
2.72070373e-05
2.71705199e-05
2.71340519e-05
2.70976332e-05
2.70612639e-05
2.70249437e-05
2.69886726e-05
2.69524506e-05
2.69162777e-05
2.68801536e-05
2.68440784e-05
2.68080520e-05
2.67720743e-05
2.67361453e-05
2.67002649e-05
2.66644331e-05
2.66286497e-05
2.65929146e-05
2.65572279e-05
2.65215895e-05
2.64859993e-05
2.64504572e-05
2.64149631e-05
2.63795171e-05
2.63441190e-05
2.63087687e-05
2.62734663e-05
2.62382116e-05
2.62030045e-05
2.61678451e-05
2.61327332e-05
2.60976688e-05
2.60626517e-05
2.60276821e-05
2.59927597e-05
2.59578845e-05
2.59230564e-05
2.58882755e-05
2.58535415e-05
2.58188545e-05
2.57842144e-05
2.57496211e-05
2.57150746e-05
2.56805748e-05
2.56461216e-05
2.56117150e-05
2.55773549e-05
2.55430412e-05
2.55087739e-05
2.54745529e-05
2.54403782e-05
2.54062496e-05
2.53721672e-05
2.53381308e-05
2.53041404e-05
2.52701960e-05
2.52362974e-05
2.52024446e-05
2.51686376e-05
2.51348762e-05
2.51011605e-05
2.50674903e-05
2.50338656e-05
2.50002864e-05
2.49667525e-05
2.49332639e-05
2.48998206e-05
2.48664225e-05
2.48330694e-05
2.47997615e-05
2.47664985e-05
2.47332804e-05
2.47001073e-05
2.46669789e-05
2.46338953e-05
2.46008564e-05
2.45678621e-05
2.45349124e-05
2.45020072e-05
2.44691464e-05
2.44363300e-05
2.44035579e-05
2.43708301e-05
2.43381465e-05
2.43055070e-05
2.42729117e-05
2.42403603e-05
2.42078529e-05
2.41753894e-05
2.41429697e-05
2.41105938e-05
2.40782617e-05
2.40459732e-05
2.40137282e-05
2.39815269e-05
2.39493690e-05
2.39172545e-05
2.38851834e-05
2.38531556e-05
2.38211710e-05
2.37892297e-05
2.37573314e-05
2.37254762e-05
2.36936640e-05
2.36618948e-05
2.36301684e-05
2.35984849e-05
2.35668442e-05
2.35352461e-05
2.35036907e-05
2.34721779e-05
2.34407077e-05
2.34092799e-05
2.33778946e-05
2.33465945e-05
2.33154990e-05
2.32845223e-05
2.32535682e-05
2.32225691e-05
2.31914951e-05
2.31603513e-05
2.31291669e-05
2.30979812e-05
2.30668321e-05
2.30357487e-05
2.30047477e-05
2.29738343e-05
2.29430040e-05
2.29122471e-05
2.28815513e-05
2.28509049e-05
2.28202986e-05
2.27897259e-05
2.27591837e-05
2.27286717e-05
2.26981913e-05
2.26677454e-05
2.26373372e-05
2.26069696e-05
2.25766450e-05
2.25463650e-05
2.25161304e-05
2.24859411e-05
2.24557967e-05
2.24256961e-05
2.23956384e-05
2.23656224e-05
2.23356471e-05
2.23057119e-05
2.22758162e-05
2.22459597e-05
2.22161424e-05
2.21863645e-05
2.21566262e-05
2.21269277e-05
2.20972694e-05
2.20676516e-05
2.20380742e-05
2.20085374e-05
2.19790412e-05
2.19495853e-05
2.19201695e-05
2.18907936e-05
2.18614574e-05
2.18321607e-05
2.18029033e-05
2.17736851e-05
2.17445061e-05
2.17153663e-05
2.16862656e-05
2.16572042e-05
2.16281819e-05
2.15991989e-05
2.15702551e-05
2.15413504e-05
2.15124848e-05
2.14836582e-05
2.14548705e-05
2.14261217e-05
2.13974117e-05
2.13687404e-05
2.13401077e-05
2.13115136e-05
2.12829580e-05
2.12544408e-05
2.12259622e-05
2.11975219e-05
2.11691199e-05
2.11407563e-05
2.11124309e-05
2.10841438e-05
2.10558947e-05
2.10276838e-05
2.09995109e-05
2.09713759e-05
2.09432789e-05
2.09152198e-05
2.08871984e-05
2.08592149e-05
2.08312690e-05
2.08033608e-05
2.07754902e-05
2.07476572e-05
2.07198617e-05
2.06921036e-05
2.06643830e-05
2.06366997e-05
2.06090537e-05
2.05814450e-05
2.05538735e-05
2.05263391e-05
2.04988419e-05
2.04713817e-05
2.04439585e-05
2.04165723e-05
2.03892230e-05
2.03619105e-05
2.03346348e-05
2.03073959e-05
2.02801937e-05
2.02530281e-05
2.02258991e-05
2.01988067e-05
2.01717508e-05
2.01447314e-05
2.01177483e-05
2.00908016e-05
2.00638912e-05
2.00370171e-05
2.00101791e-05
1.99833774e-05
1.99566117e-05
1.99298821e-05
1.99031885e-05
1.98765308e-05
1.98499091e-05
1.98233232e-05
1.97967731e-05
1.97702588e-05
1.97437802e-05
1.97173373e-05
1.96909300e-05
1.96645583e-05
1.96382221e-05
1.96119213e-05
1.95856560e-05
1.95594261e-05
1.95332315e-05
1.95070721e-05
1.94809480e-05
1.94548591e-05
1.94288053e-05
1.94027866e-05
1.93768030e-05
1.93508543e-05
1.93249406e-05
1.92990618e-05
1.92732178e-05
1.92474087e-05
1.92216343e-05
1.91958946e-05
1.91701895e-05
1.91445191e-05
1.91188832e-05
1.90932819e-05
1.90677150e-05
1.90421826e-05
1.90166845e-05
1.89912208e-05
1.89657914e-05
1.89403962e-05
1.89150351e-05
1.88897083e-05
1.88644155e-05
1.88391568e-05
1.88139321e-05
1.87887413e-05
1.87635845e-05
1.87384615e-05
1.87133724e-05
1.86883170e-05
1.86632954e-05
1.86383074e-05
1.86133531e-05
1.85884324e-05
1.85635452e-05
1.85386916e-05
1.85138713e-05
1.84890845e-05
1.84643311e-05
1.84396110e-05
1.84149241e-05
1.83902705e-05
1.83656501e-05
1.83410628e-05
1.83165086e-05
1.82919874e-05
1.82674993e-05
1.82430441e-05
1.82186218e-05
1.81942324e-05
1.81698758e-05
1.81455520e-05
1.81212609e-05
1.80970025e-05
1.80727768e-05
1.80485837e-05
1.80244231e-05
1.80002951e-05
1.79761995e-05
1.79521363e-05
1.79281055e-05
1.79041071e-05
1.78801410e-05
1.78562071e-05
1.78323054e-05
1.78084359e-05
1.77845984e-05
1.77607931e-05
1.77370198e-05
1.77132785e-05
1.76895691e-05
1.76658917e-05
1.76422460e-05
1.76186322e-05
1.75950502e-05
1.75714999e-05
1.75479813e-05
1.75244943e-05
1.75010390e-05
1.74776152e-05
1.74542228e-05
1.74308620e-05
1.74075326e-05
1.73842346e-05
1.73609679e-05
1.73377325e-05
1.73145284e-05
1.72913555e-05
1.72682138e-05
1.72451032e-05
1.72220237e-05
1.71989752e-05
1.71759578e-05
1.71529713e-05
1.71300157e-05
1.71070910e-05
1.70841971e-05
1.70613340e-05
1.70385017e-05
1.70157001e-05
1.69929292e-05
1.69701888e-05
1.69474791e-05
1.69247999e-05
1.69021513e-05
1.68795330e-05
1.68569452e-05
1.68343878e-05
1.68118607e-05
1.67893639e-05
1.67668974e-05
1.67444611e-05
1.67220549e-05
1.66996789e-05
1.66773330e-05
1.66550171e-05
1.66327313e-05
1.66104754e-05
1.65882494e-05
1.65660534e-05
1.65438871e-05
1.65217507e-05
1.64996440e-05
1.64775671e-05
1.64555199e-05
1.64335023e-05
1.64115143e-05
1.63895559e-05
1.63676270e-05
1.63457275e-05
1.63238576e-05
1.63020170e-05
1.62802058e-05
1.62584239e-05
1.62366713e-05
1.62149480e-05
1.61932539e-05
1.61715889e-05
1.61499530e-05
1.61283463e-05
1.61067686e-05
1.60852199e-05
1.60637002e-05
1.60422094e-05
1.60207474e-05
1.59993144e-05
1.59779101e-05
1.59565347e-05
1.59351879e-05
1.59138699e-05
1.58925805e-05
1.58713198e-05
1.58500876e-05
1.58288839e-05
1.58077088e-05
1.57865621e-05
1.57654439e-05
1.57443540e-05
1.57232925e-05
1.57022593e-05
1.56812543e-05
1.56602776e-05
1.56393291e-05
1.56184088e-05
1.55975165e-05
1.55766524e-05
1.55558162e-05
1.55350081e-05
1.55142280e-05
1.54934758e-05
1.54727514e-05
1.54520550e-05
1.54313863e-05
1.54107454e-05
1.53901323e-05
1.53695468e-05
1.53489891e-05
1.53284589e-05
1.53079564e-05
1.52874814e-05
1.52670339e-05
1.52466138e-05
1.52262213e-05
1.52058561e-05
1.51855183e-05
1.51652078e-05
1.51449246e-05
1.51246687e-05
1.51044400e-05
1.50842385e-05
1.50640641e-05
1.50439168e-05
1.50237966e-05
1.50037034e-05
1.49836372e-05
1.49635980e-05
1.49435857e-05
1.49236003e-05
1.49036418e-05
1.48837101e-05
1.48638051e-05
1.48439269e-05
1.48240754e-05
1.48042506e-05
1.47844524e-05
1.47646808e-05
1.47449357e-05
1.47252172e-05
1.47055252e-05
1.46858596e-05
1.46662205e-05
1.46466077e-05
1.46270213e-05
1.46074612e-05
1.45879274e-05
1.45684198e-05
1.45489384e-05
1.45294832e-05
1.45100541e-05
1.44906511e-05
1.44712742e-05
1.44519233e-05
1.44325984e-05
1.44132995e-05
1.43940265e-05
1.43747794e-05
1.43555581e-05
1.43363626e-05
1.43171930e-05
1.42980490e-05
1.42789308e-05
1.42598383e-05
1.42407714e-05
1.42217301e-05
1.42027144e-05
1.41837243e-05
1.41647596e-05
1.41458204e-05
1.41269067e-05
1.41080183e-05
1.40891553e-05
1.40703177e-05
1.40515053e-05
1.40327182e-05
1.40139564e-05
1.39952197e-05
1.39765082e-05
1.39578218e-05
1.39391606e-05
1.39205243e-05
1.39019132e-05
1.38833270e-05
1.38647657e-05
1.38462294e-05
1.38277180e-05
1.38092314e-05
1.37907697e-05
1.37723327e-05
1.37539205e-05
1.37355331e-05
1.37171703e-05
1.36988322e-05
1.36805187e-05
1.36622297e-05
1.36439654e-05
1.36257256e-05
1.36075102e-05
1.35893193e-05
1.35711529e-05
1.35530108e-05
1.35348931e-05
1.35167997e-05
1.34987306e-05
1.34806858e-05
1.34626652e-05
1.34446688e-05
1.34266965e-05
1.34087484e-05
1.33908244e-05
1.33729244e-05
1.33550485e-05
1.33371966e-05
1.33193686e-05
1.33015646e-05
1.32837844e-05
1.32660282e-05
1.32482958e-05
1.32305871e-05
1.32129023e-05
1.31952412e-05
1.31776038e-05
1.31599901e-05
1.31424000e-05
1.31248335e-05
1.31072906e-05
1.30897713e-05
1.30722755e-05
1.30548031e-05
1.30373542e-05
1.30199288e-05
1.30025267e-05
1.29851480e-05
1.29677926e-05
1.29504605e-05
1.29331517e-05
1.29158661e-05
1.28986037e-05
1.28813645e-05
1.28641484e-05
1.28469554e-05
1.28297855e-05
1.28126386e-05
1.27955148e-05
1.27784139e-05
1.27613360e-05
1.27442810e-05
1.27272489e-05
1.27102397e-05
1.26932533e-05
1.26762896e-05
1.26593488e-05
1.26424307e-05
1.26255352e-05
1.26086625e-05
1.25918124e-05
1.25749849e-05
1.25581800e-05
1.25413977e-05
1.25246378e-05
1.25079005e-05
1.24911856e-05
1.24744932e-05
1.24578231e-05
1.24411754e-05
1.24245501e-05
1.24079471e-05
1.23913663e-05
1.23748078e-05
1.23582715e-05
1.23417574e-05
1.23252655e-05
1.23087957e-05
1.22923479e-05
1.22759223e-05
1.22595187e-05
1.22431371e-05
1.22267775e-05
1.22104398e-05
1.21941241e-05
1.21778302e-05
1.21615583e-05
1.21453081e-05
1.21290797e-05
1.21128732e-05
1.20966883e-05
1.20805252e-05
1.20643838e-05
1.20482640e-05
1.20321658e-05
1.20160893e-05
1.20000343e-05
1.19840008e-05
1.19679889e-05
1.19519984e-05
1.19360294e-05
1.19200818e-05
1.19041556e-05
1.18882508e-05
1.18723673e-05
1.18565051e-05
1.18406642e-05
1.18248446e-05
1.18090461e-05
1.17932689e-05
1.17775128e-05
1.17617779e-05
1.17460641e-05
1.17303713e-05
1.17146996e-05
1.16990489e-05
1.16834192e-05
1.16678105e-05
1.16522227e-05
1.16366558e-05
1.16211099e-05
1.16055847e-05
1.15900804e-05
1.15745969e-05
1.15591341e-05
1.15436921e-05
1.15282708e-05
1.15128702e-05
1.14974902e-05
1.14821309e-05
1.14667921e-05
1.14514740e-05
1.14361763e-05
1.14208992e-05
1.14056426e-05
1.13904065e-05
1.13751908e-05
1.13599954e-05
1.13448205e-05
1.13296659e-05
1.13145317e-05
1.12994177e-05
1.12843240e-05
1.12692506e-05
1.12541974e-05
1.12391643e-05
1.12241514e-05
1.12091587e-05
1.11941860e-05
1.11792335e-05
1.11643009e-05
1.11493884e-05
1.11344960e-05
1.11196234e-05
1.11047709e-05
1.10899382e-05
1.10751254e-05
1.10603325e-05
1.10455594e-05
1.10308062e-05
1.10160727e-05
1.10013590e-05
1.09866650e-05
1.09719907e-05
1.09573361e-05
1.09427011e-05
1.09280858e-05
1.09134900e-05
1.08989138e-05
1.08843572e-05
1.08698201e-05
1.08553025e-05
1.08408043e-05
1.08263256e-05
1.08118663e-05
1.07974264e-05
1.07830058e-05
1.07686046e-05
1.07542227e-05
1.07398601e-05
1.07255167e-05
1.07111925e-05
1.06968876e-05
1.06826018e-05
1.06683352e-05
1.06540877e-05
1.06398594e-05
1.06256500e-05
1.06114598e-05
1.05972886e-05
1.05831363e-05
1.05690031e-05
1.05548887e-05
1.05407933e-05
1.05267168e-05
1.05126592e-05
1.04986204e-05
1.04846005e-05
1.04705993e-05
1.04566169e-05
1.04426532e-05
1.04287083e-05
1.04147821e-05
1.04008745e-05
1.03869855e-05
1.03731152e-05
1.03592635e-05
1.03454303e-05
1.03316157e-05
1.03178196e-05
1.03040420e-05
1.02902829e-05
1.02765422e-05
1.02628199e-05
1.02491160e-05
1.02354305e-05
1.02217634e-05
1.02081145e-05
1.01944840e-05
1.01808717e-05
1.01672776e-05
1.01537018e-05
1.01401442e-05
1.01266047e-05
1.01130834e-05
1.00995802e-05
1.00860951e-05
1.00726281e-05
1.00591792e-05
1.00457482e-05
1.00323353e-05
1.00189403e-05
1.00055633e-05
9.99220421e-06
9.97886303e-06
9.96553973e-06
9.95223428e-06
9.93894667e-06
9.92567686e-06
9.91242484e-06
9.89919058e-06
9.88597405e-06
9.87277524e-06
9.85959411e-06
9.84643064e-06
9.83328482e-06
9.82015661e-06
9.80704600e-06
9.79395295e-06
9.78087745e-06
9.76781948e-06
9.75477900e-06
9.74175599e-06
9.72875044e-06
9.71576231e-06
9.70279159e-06
9.68983825e-06
9.67690226e-06
9.66398361e-06
9.65108227e-06
9.63819822e-06
9.62533143e-06
9.61248188e-06
9.59964955e-06
9.58683441e-06
9.57403644e-06
9.56125563e-06
9.54849193e-06
9.53574534e-06
9.52301583e-06
9.51030337e-06
9.49760795e-06
9.48492954e-06
9.47226811e-06
9.45962365e-06
9.44699613e-06
9.43438552e-06
9.42179182e-06
9.40921498e-06
9.39665500e-06
9.38411184e-06
9.37158549e-06
9.35907592e-06
9.34658311e-06
9.33410704e-06
9.32164768e-06
9.30920501e-06
9.29677902e-06
9.28436967e-06
9.27197694e-06
9.25960082e-06
9.24724128e-06
9.23489829e-06
9.22257184e-06
9.21026191e-06
9.19796846e-06
9.18569149e-06
9.17343095e-06
9.16118685e-06
9.14895914e-06
9.13674782e-06
9.12455286e-06
9.11237423e-06
9.10021191e-06
9.08806589e-06
9.07593614e-06
9.06382263e-06
9.05172535e-06
9.03964428e-06
9.02757939e-06
9.01553066e-06
9.00349807e-06
8.99148160e-06
8.97948122e-06
8.96749692e-06
8.95552867e-06
8.94357645e-06
8.93164024e-06
8.91972002e-06
8.90781576e-06
8.89592745e-06
8.88405506e-06
8.87219858e-06
8.86035797e-06
8.84853323e-06
8.83672432e-06
8.82493123e-06
8.81315393e-06
8.80139241e-06
8.78964664e-06
8.77791660e-06
8.76620227e-06
8.75450363e-06
8.74282066e-06
8.73115334e-06
8.71950164e-06
8.70786555e-06
8.69624504e-06
8.68464009e-06
8.67305069e-06
8.66147681e-06
8.64991842e-06
8.63837552e-06
8.62684808e-06
8.61533607e-06
8.60383948e-06
8.59235828e-06
8.58089247e-06
8.56944200e-06
8.55800687e-06
8.54658706e-06
8.53518254e-06
8.52379329e-06
8.51241929e-06
8.50106052e-06
8.48971696e-06
8.47838860e-06
8.46707540e-06
8.45577735e-06
8.44449444e-06
8.43322663e-06
8.42197391e-06
8.41073625e-06
8.39951365e-06
8.38830607e-06
8.37711350e-06
8.36593592e-06
8.35477331e-06
8.34362564e-06
8.33249290e-06
8.32137506e-06
8.31027211e-06
8.29918403e-06
8.28811080e-06
8.27705239e-06
8.26600879e-06
8.25497997e-06
8.24396592e-06
8.23296662e-06
8.22198205e-06
8.21101218e-06
8.20005701e-06
8.18911650e-06
8.17819063e-06
8.16727940e-06
8.15638277e-06
8.14550074e-06
8.13463327e-06
8.12378036e-06
8.11294197e-06
8.10211809e-06
8.09130871e-06
8.08051380e-06
8.06973334e-06
8.05896731e-06
8.04821570e-06
8.03747848e-06
8.02675563e-06
8.01604714e-06
8.00535299e-06
7.99467316e-06
7.98400762e-06
7.97335636e-06
7.96271935e-06
7.95209659e-06
7.94148805e-06
7.93089371e-06
7.92031356e-06
7.90974757e-06
7.89919572e-06
7.88865800e-06
7.87813438e-06
7.86762485e-06
7.85712939e-06
7.84664798e-06
7.83618060e-06
7.82572723e-06
7.81528786e-06
7.80486246e-06
7.79445101e-06
7.78405351e-06
7.77366992e-06
7.76330023e-06
7.75294441e-06
7.74260247e-06
7.73227436e-06
7.72196008e-06
7.71165961e-06
7.70137292e-06
7.69110000e-06
7.68084083e-06
7.67059540e-06
7.66036368e-06
7.65014565e-06
7.63994130e-06
7.62975061e-06
7.61957355e-06
7.60941012e-06
7.59926030e-06
7.58912405e-06
7.57900138e-06
7.56889225e-06
7.55879665e-06
7.54871457e-06
7.53864598e-06
7.52859086e-06
7.51854920e-06
7.50852099e-06
7.49850619e-06
7.48850480e-06
7.47851679e-06
7.46854215e-06
7.45858086e-06
7.44863290e-06
7.43869825e-06
7.42877690e-06
7.41886883e-06
7.40897402e-06
7.39909245e-06
7.38922410e-06
7.37936897e-06
7.36952702e-06
7.35969824e-06
7.34988261e-06
7.34008012e-06
7.33029075e-06
7.32051448e-06
7.31075129e-06
7.30100117e-06
7.29126409e-06
7.28154005e-06
7.27182902e-06
7.26213098e-06
7.25244592e-06
7.24277382e-06
7.23311467e-06
7.22346844e-06
7.21383511e-06
7.20421468e-06
7.19460712e-06
7.18501242e-06
7.17543056e-06
7.16586152e-06
7.15630528e-06
7.14676183e-06
7.13723115e-06
7.12771322e-06
7.11820803e-06
7.10871556e-06
7.09923578e-06
7.08976870e-06
7.08031428e-06
7.07087251e-06
7.06144337e-06
7.05202685e-06
7.04262293e-06
7.03323159e-06
7.02385282e-06
7.01448660e-06
7.00513291e-06
6.99579173e-06
6.98646305e-06
6.97714686e-06
6.96784312e-06
6.95855184e-06
6.94927299e-06
6.94000655e-06
6.93075251e-06
6.92151085e-06
6.91228155e-06
6.90306460e-06
6.89385999e-06
6.88466769e-06
6.87548768e-06
6.86631996e-06
6.85716451e-06
6.84802130e-06
6.83889032e-06
6.82977156e-06
6.82066500e-06
6.81157063e-06
6.80248842e-06
6.79341836e-06
6.78436043e-06
6.77531462e-06
6.76628091e-06
6.75725929e-06
6.74824974e-06
6.73925224e-06
6.73026677e-06
6.72129333e-06
6.71233189e-06
6.70338244e-06
6.69444496e-06
6.68551944e-06
6.67660585e-06
6.66770419e-06
6.65881444e-06
6.64993658e-06
6.64107060e-06
6.63221647e-06
6.62337419e-06
6.61454374e-06
6.60572510e-06
6.59691826e-06
6.58812319e-06
6.57933989e-06
6.57056834e-06
6.56180852e-06
6.55306042e-06
6.54432403e-06
6.53559931e-06
6.52688627e-06
6.51818488e-06
6.50949513e-06
6.50081701e-06
6.49215049e-06
6.48349556e-06
6.47485221e-06
6.46622042e-06
6.45760018e-06
6.44899146e-06
6.44039426e-06
6.43180856e-06
6.42323434e-06
6.41467159e-06
6.40612030e-06
6.39758044e-06
6.38905200e-06
6.38053497e-06
6.37202933e-06
6.36353506e-06
6.35505216e-06
6.34658060e-06
6.33812037e-06
6.32967146e-06
6.32123385e-06
6.31280752e-06
6.30439246e-06
6.29598865e-06
6.28759609e-06
6.27921475e-06
6.27084461e-06
6.26248567e-06
6.25413791e-06
6.24580132e-06
6.23747587e-06
6.22916156e-06
6.22085836e-06
6.21256627e-06
6.20428527e-06
6.19601535e-06
6.18775648e-06
6.17950866e-06
6.17127187e-06
6.16304609e-06
6.15483131e-06
6.14662752e-06
6.13843470e-06
6.13025283e-06
6.12208191e-06
6.11392191e-06
6.10577282e-06
6.09763463e-06
6.08950733e-06
6.08139089e-06
6.07328530e-06
6.06519056e-06
6.05710664e-06
6.04903352e-06
6.04097121e-06
6.03291967e-06
6.02487890e-06
6.01684888e-06
6.00882960e-06
6.00082104e-06
5.99282319e-06
5.98483604e-06
5.97685956e-06
5.96889375e-06
5.96093860e-06
5.95299407e-06
5.94506017e-06
5.93713688e-06
5.92922419e-06
5.92132207e-06
5.91343052e-06
5.90554952e-06
5.89767906e-06
5.88981912e-06
5.88196969e-06
5.87413075e-06
5.86630230e-06
5.85848431e-06
5.85067678e-06
5.84287968e-06
5.83509301e-06
5.82731675e-06
5.81955088e-06
5.81179540e-06
5.80405029e-06
5.79631553e-06
5.78859112e-06
5.78087703e-06
5.77317325e-06
5.76547977e-06
5.75779658e-06
5.75012367e-06
5.74246100e-06
5.73480859e-06
5.72716640e-06
5.71953443e-06
5.71191267e-06
5.70430109e-06
5.69669969e-06
5.68910845e-06
5.68152736e-06
5.67395640e-06
5.66639557e-06
5.65884484e-06
5.65130421e-06
5.64377366e-06
5.63625317e-06
5.62874274e-06
5.62124235e-06
5.61375199e-06
5.60627163e-06
5.59880128e-06
5.59134092e-06
5.58389052e-06
5.57645009e-06
5.56901960e-06
5.56159905e-06
5.55418841e-06
5.54678768e-06
5.53939684e-06
5.53201589e-06
5.52464479e-06
5.51728356e-06
5.50993216e-06
5.50259059e-06
5.49525883e-06
5.48793687e-06
5.48062470e-06
5.47332230e-06
5.46602967e-06
5.45874678e-06
5.45147363e-06
5.44421019e-06
5.43695647e-06
5.42971244e-06
5.42247810e-06
5.41525342e-06
5.40803840e-06
5.40083303e-06
5.39363728e-06
5.38645116e-06
5.37927463e-06
5.37210770e-06
5.36495035e-06
5.35780257e-06
5.35066434e-06
5.34353565e-06
5.33641648e-06
5.32930684e-06
5.32220669e-06
5.31511604e-06
5.30803486e-06
5.30096314e-06
5.29390088e-06
5.28684805e-06
5.27980465e-06
5.27277067e-06
5.26574608e-06
5.25873089e-06
5.25172507e-06
5.24472861e-06
5.23774150e-06
5.23076373e-06
5.22379529e-06
5.21683615e-06
5.20988632e-06
5.20294578e-06
5.19601451e-06
5.18909251e-06
5.18217975e-06
5.17527624e-06
5.16838194e-06
5.16149687e-06
5.15462099e-06
5.14775431e-06
5.14089679e-06
5.13404845e-06
5.12720925e-06
5.12037920e-06
5.11355827e-06
5.10674645e-06
5.09994374e-06
5.09315012e-06
5.08636558e-06
5.07959011e-06
5.07282368e-06
5.06606630e-06
5.05931795e-06
5.05257862e-06
5.04584829e-06
5.03912696e-06
5.03241461e-06
5.02571123e-06
5.01901680e-06
5.01233132e-06
5.00565478e-06
4.99898715e-06
4.99232843e-06
4.98567862e-06
4.97903768e-06
4.97240562e-06
4.96578243e-06
4.95916808e-06
4.95256257e-06
4.94596588e-06
4.93937802e-06
4.93279895e-06
4.92622867e-06
4.91966717e-06
4.91311444e-06
4.90657047e-06
4.90003524e-06
4.89350874e-06
4.88699096e-06
4.88048189e-06
4.87398151e-06
4.86748982e-06
4.86100680e-06
4.85453245e-06
4.84806675e-06
4.84160968e-06
4.83516124e-06
4.82872142e-06
4.82229020e-06
4.81586757e-06
4.80945353e-06
4.80304805e-06
4.79665113e-06
4.79026276e-06
4.78388292e-06
4.77751161e-06
4.77114881e-06
4.76479451e-06
4.75844869e-06
4.75211136e-06
4.74578249e-06
4.73946208e-06
4.73315011e-06
4.72684658e-06
4.72055146e-06
4.71426476e-06
4.70798645e-06
4.70171653e-06
4.69545499e-06
4.68920181e-06
4.68295698e-06
4.67672050e-06
4.67049235e-06
4.66427252e-06
4.65806100e-06
4.65185777e-06
4.64566284e-06
4.63947617e-06
4.63329778e-06
4.62712763e-06
4.62096573e-06
4.61481206e-06
4.60866661e-06
4.60252937e-06
4.59640033e-06
4.59027947e-06
4.58416679e-06
4.57806228e-06
4.57196592e-06
4.56587770e-06
4.55979762e-06
4.55372566e-06
4.54766181e-06
4.54160606e-06
4.53555839e-06
4.52951881e-06
4.52348729e-06
4.51746383e-06
4.51144842e-06
4.50544104e-06
4.49944168e-06
4.49345034e-06
4.48746700e-06
4.48149165e-06
4.47552429e-06
4.46956489e-06
4.46361345e-06
4.45766997e-06
4.45173442e-06
4.44580680e-06
4.43988709e-06
4.43397530e-06
4.42807140e-06
4.42217538e-06
4.41628724e-06
4.41040696e-06
4.40453454e-06
4.39866996e-06
4.39281322e-06
4.38696429e-06
4.38112318e-06
4.37528987e-06
4.36946435e-06
4.36364661e-06
4.35783664e-06
4.35203443e-06
4.34623997e-06
4.34045325e-06
4.33467425e-06
4.32890298e-06
4.32313941e-06
4.31738354e-06
4.31163535e-06
4.30589485e-06
4.30016200e-06
4.29443682e-06
4.28871928e-06
4.28300938e-06
4.27730710e-06
4.27161244e-06
4.26592538e-06
4.26024592e-06
4.25457404e-06
4.24890974e-06
4.24325300e-06
4.23760381e-06
4.23196217e-06
4.22632807e-06
4.22070148e-06
4.21508242e-06
4.20947085e-06
4.20386678e-06
4.19827019e-06
4.19268108e-06
4.18709943e-06
4.18152523e-06
4.17595847e-06
4.17039915e-06
4.16484726e-06
4.15930277e-06
4.15376570e-06
4.14823601e-06
4.14271371e-06
4.13719878e-06
4.13169122e-06
4.12619101e-06
4.12069815e-06
4.11521262e-06
4.10973441e-06
4.10426352e-06
4.09879994e-06
4.09334365e-06
4.08789464e-06
4.08245292e-06
4.07701845e-06
4.07159125e-06
4.06617129e-06
4.06075857e-06
4.05535307e-06
4.04995480e-06
4.04456373e-06
4.03917986e-06
4.03380317e-06
4.02843367e-06
4.02307134e-06
4.01771616e-06
4.01236814e-06
4.00702725e-06
4.00169350e-06
3.99636687e-06
3.99104735e-06
3.98573493e-06
3.98042961e-06
3.97513137e-06
3.96984020e-06
3.96455610e-06
3.95927905e-06
3.95400904e-06
3.94874608e-06
3.94349014e-06
3.93824122e-06
3.93299930e-06
3.92776438e-06
3.92253646e-06
3.91731551e-06
3.91210153e-06
3.90689451e-06
3.90169445e-06
3.89650133e-06
3.89131514e-06
3.88613587e-06
3.88096352e-06
3.87579807e-06
3.87063952e-06
3.86548786e-06
3.86034307e-06
3.85520516e-06
3.85007410e-06
3.84494989e-06
3.83983252e-06
3.83472198e-06
3.82961827e-06
3.82452137e-06
3.81943127e-06
3.81434797e-06
3.80927145e-06
3.80420172e-06
3.79913874e-06
3.79408253e-06
3.78903307e-06
3.78399035e-06
3.77895436e-06
3.77392509e-06
3.76890253e-06
3.76388668e-06
3.75887753e-06
3.75387506e-06
3.74887927e-06
3.74389015e-06
3.73890769e-06
3.73393188e-06
3.72896271e-06
3.72400017e-06
3.71904426e-06
3.71409496e-06
3.70915227e-06
3.70421618e-06
3.69928667e-06
3.69436375e-06
3.68944740e-06
3.68453761e-06
3.67963437e-06
3.67473768e-06
3.66984752e-06
3.66496389e-06
3.66008678e-06
3.65521618e-06
3.65035208e-06
3.64549448e-06
3.64064335e-06
3.63579870e-06
3.63096052e-06
3.62612880e-06
3.62130352e-06
3.61648468e-06
3.61167228e-06
3.60686630e-06
3.60206673e-06
3.59727357e-06
3.59248681e-06
3.58770644e-06
3.58293244e-06
3.57816482e-06
3.57340356e-06
3.56864866e-06
3.56390010e-06
3.55915788e-06
3.55442198e-06
3.54969241e-06
3.54496915e-06
3.54025220e-06
3.53554154e-06
3.53083717e-06
3.52613907e-06
3.52144725e-06
3.51676168e-06
3.51208237e-06
3.50740931e-06
3.50274248e-06
3.49808188e-06
3.49342750e-06
3.48877933e-06
3.48413736e-06
3.47950159e-06
3.47487201e-06
3.47024860e-06
3.46563137e-06
3.46102029e-06
3.45641537e-06
3.45181660e-06
3.44722396e-06
3.44263745e-06
3.43805706e-06
3.43348278e-06
3.42891461e-06
3.42435254e-06
3.41979655e-06
3.41524664e-06
3.41070280e-06
3.40616503e-06
3.40163331e-06
3.39710764e-06
3.39258801e-06
3.38807441e-06
3.38356683e-06
3.37906527e-06
3.37456971e-06
3.37008015e-06
3.36559659e-06
3.36111900e-06
3.35664740e-06
3.35218175e-06
3.34772207e-06
3.34326834e-06
3.33882055e-06
3.33437870e-06
3.32994277e-06
3.32551276e-06
3.32108866e-06
3.31667047e-06
3.31225817e-06
3.30785176e-06
3.30345123e-06
3.29905656e-06
3.29466777e-06
3.29028483e-06
3.28590774e-06
3.28153648e-06
3.27717106e-06
3.27281147e-06
3.26845769e-06
3.26410972e-06
3.25976755e-06
3.25543118e-06
3.25110059e-06
3.24677578e-06
3.24245674e-06
3.23814346e-06
3.23383594e-06
3.22953416e-06
3.22523812e-06
3.22094782e-06
3.21666324e-06
3.21238437e-06
3.20811122e-06
3.20384376e-06
3.19958200e-06
3.19532593e-06
3.19107553e-06
3.18683080e-06
3.18259174e-06
3.17835833e-06
3.17413057e-06
3.16990845e-06
3.16569197e-06
3.16148111e-06
3.15727586e-06
3.15307623e-06
3.14888220e-06
3.14469376e-06
3.14051092e-06
3.13633365e-06
3.13216195e-06
3.12799582e-06
3.12383525e-06
3.11968023e-06
3.11553075e-06
3.11138681e-06
3.10724840e-06
3.10311550e-06
3.09898812e-06
3.09486625e-06
3.09074987e-06
3.08663899e-06
3.08253359e-06
3.07843367e-06
3.07433921e-06
3.07025022e-06
3.06616668e-06
3.06208859e-06
3.05801594e-06
3.05394872e-06
3.04988693e-06
3.04583056e-06
3.04177960e-06
3.03773404e-06
3.03369387e-06
3.02965910e-06
3.02562971e-06
3.02160569e-06
3.01758704e-06
3.01357376e-06
3.00956582e-06
3.00556323e-06
3.00156598e-06
2.99757407e-06
2.99358747e-06
2.98960620e-06
2.98563023e-06
2.98165957e-06
2.97769420e-06
2.97373413e-06
2.96977933e-06
2.96582982e-06
2.96188556e-06
2.95794657e-06
2.95401284e-06
2.95008435e-06
2.94616110e-06
2.94224308e-06
2.93833029e-06
2.93442272e-06
2.93052036e-06
2.92662321e-06
2.92273125e-06
2.91884448e-06
2.91496290e-06
2.91108649e-06
2.90721526e-06
2.90334919e-06
2.89948827e-06
2.89563251e-06
2.89178188e-06
2.88793640e-06
2.88409604e-06
2.88026080e-06
2.87643068e-06
2.87260566e-06
2.86878575e-06
2.86497093e-06
2.86116120e-06
2.85735655e-06
2.85355698e-06
2.84976247e-06
2.84597302e-06
2.84218863e-06
2.83840929e-06
2.83463498e-06
2.83086571e-06
2.82710146e-06
2.82334224e-06
2.81958802e-06
2.81583882e-06
2.81209461e-06
2.80835540e-06
2.80462118e-06
2.80089193e-06
2.79716766e-06
2.79344835e-06
2.78973401e-06
2.78602462e-06
2.78232017e-06
2.77862066e-06
2.77492609e-06
2.77123645e-06
2.76755172e-06
2.76387191e-06
2.76019701e-06
2.75652700e-06
2.75286189e-06
2.74920167e-06
2.74554633e-06
2.74189586e-06
2.73825027e-06
2.73460953e-06
2.73097365e-06
2.72734261e-06
2.72371642e-06
2.72009506e-06
2.71647853e-06
2.71286683e-06
2.70925994e-06
2.70565786e-06
2.70206058e-06
2.69846810e-06
2.69488041e-06
2.69129751e-06
2.68771938e-06
2.68414602e-06
2.68057743e-06
2.67701359e-06
2.67345451e-06
2.66990018e-06
2.66635058e-06
2.66280572e-06
2.65926558e-06
2.65573016e-06
2.65219946e-06
2.64867346e-06
2.64515217e-06
2.64163557e-06
2.63812366e-06
2.63461643e-06
2.63111388e-06
2.62761600e-06
2.62412278e-06
2.62063422e-06
2.61715031e-06
2.61367105e-06
2.61019642e-06
2.60672643e-06
2.60326106e-06
2.59980032e-06
2.59634419e-06
2.59289266e-06
2.58944574e-06
2.58600342e-06
2.58256568e-06
2.57913252e-06
2.57570395e-06
2.57227994e-06
2.56886050e-06
2.56544562e-06
2.56203529e-06
2.55862951e-06
2.55522827e-06
2.55183156e-06
2.54843939e-06
2.54505173e-06
2.54166859e-06
2.53828996e-06
2.53491584e-06
2.53154621e-06
2.52818108e-06
2.52482043e-06
2.52146426e-06
2.51811257e-06
2.51476534e-06
2.51142258e-06
2.50808427e-06
2.50475042e-06
2.50142100e-06
2.49809603e-06
2.49477549e-06
2.49145938e-06
2.48814768e-06
2.48484040e-06
2.48153753e-06
2.47823907e-06
2.47494500e-06
2.47165532e-06
2.46837002e-06
2.46508911e-06
2.46181257e-06
2.45854040e-06
2.45527259e-06
2.45200913e-06
2.44875003e-06
2.44549527e-06
2.44224485e-06
2.43899876e-06
2.43575699e-06
2.43251955e-06
2.42928643e-06
2.42605762e-06
2.42283310e-06
2.41961289e-06
2.41639697e-06
2.41318534e-06
2.40997798e-06
2.40677491e-06
2.40357610e-06
2.40038155e-06
2.39719127e-06
2.39400523e-06
2.39082345e-06
2.38764590e-06
2.38447259e-06
2.38130351e-06
2.37813865e-06
2.37497802e-06
2.37182159e-06
2.36866937e-06
2.36552136e-06
2.36237754e-06
2.35923790e-06
2.35610246e-06
2.35297119e-06
2.34984410e-06
2.34672117e-06
2.34360241e-06
2.34048780e-06
2.33737735e-06
2.33427104e-06
2.33116887e-06
2.32807084e-06
2.32497693e-06
2.32188715e-06
2.31880149e-06
2.31571993e-06
2.31264249e-06
2.30956915e-06
2.30649990e-06
2.30343475e-06
2.30037367e-06
2.29731668e-06
2.29426377e-06
2.29121492e-06
2.28817013e-06
2.28512941e-06
2.28209273e-06
2.27906010e-06
2.27603152e-06
2.27300697e-06
2.26998645e-06
2.26696996e-06
2.26395748e-06
2.26094903e-06
2.25794458e-06
2.25494413e-06
2.25194769e-06
2.24895523e-06
2.24596677e-06
2.24298228e-06
2.24000178e-06
2.23702524e-06
2.23405268e-06
2.23108407e-06
2.22811942e-06
2.22515872e-06
2.22220197e-06
2.21924916e-06
2.21630028e-06
2.21335533e-06
2.21041431e-06
2.20747720e-06
2.20454401e-06
2.20161473e-06
2.19868935e-06
2.19576787e-06
2.19285028e-06
2.18993658e-06
2.18702677e-06
2.18412083e-06
2.18121876e-06
2.17832056e-06
2.17542622e-06
2.17253574e-06
2.16964911e-06
2.16676633e-06
2.16388739e-06
2.16101228e-06
2.15814101e-06
2.15527356e-06
2.15240993e-06
2.14955012e-06
2.14669412e-06
2.14384192e-06
2.14099353e-06
2.13814893e-06
2.13530812e-06
2.13247109e-06
2.12963785e-06
2.12680838e-06
2.12398268e-06
2.12116075e-06
2.11834257e-06
2.11552816e-06
2.11271749e-06
2.10991056e-06
2.10710738e-06
2.10430793e-06
2.10151221e-06
2.09872022e-06
2.09593194e-06
2.09314738e-06
2.09036653e-06
2.08758939e-06
2.08481595e-06
2.08204620e-06
2.07963228e-06
2.07827376e-06
2.07774318e-06
2.07777410e-06
2.07815311e-06
2.07874557e-06
2.07948942e-06
2.08036770e-06
2.08137513e-06
2.08249171e-06
2.08367061e-06
2.08484078e-06
2.08591996e-06
2.08683121e-06
2.08751659e-06
2.08777139e-06
2.08749273e-06
2.08687075e-06
2.08599654e-06
2.08484066e-06
2.08333603e-06
2.08144848e-06
2.07918534e-06
2.07656673e-06
2.07360259e-06
2.07023737e-06
2.06541496e-06
2.06021683e-06
2.05536023e-06
2.05082627e-06
2.04623312e-06
2.04132127e-06
2.03611605e-06
2.03078900e-06
2.02546981e-06
2.02018390e-06
2.01490727e-06
2.00963753e-06
2.00441210e-06
1.99928015e-06
1.99427175e-06
1.98939225e-06
1.98463732e-06
1.98000853e-06
1.97551693e-06
1.97117632e-06
1.96699557e-06
1.96297608e-06
1.95911419e-06
1.95540466e-06
1.95184247e-06
1.94842247e-06
1.94513847e-06
1.94198271e-06
1.93894614e-06
1.93601853e-06
1.93319010e-06
1.93045078e-06
1.92779006e-06
1.92519744e-06
1.92266290e-06
1.92017691e-06
1.91773043e-06
1.91531480e-06
1.91292183e-06
1.91054378e-06
1.90817394e-06
1.90580629e-06
1.90343551e-06
1.90105699e-06
1.89866681e-06
1.89626173e-06
1.89383919e-06
1.89139731e-06
1.88893485e-06
1.88645117e-06
1.88394621e-06
1.88142032e-06
1.87887432e-06
1.87630933e-06
1.87372675e-06
1.87112825e-06
1.86851565e-06
1.86589095e-06
1.86325625e-06
1.86061373e-06
1.85796557e-06
1.85531398e-06
1.85266110e-06
1.85000900e-06
1.84735965e-06
1.84471490e-06
1.84207645e-06
1.83944587e-06
1.83682455e-06
1.83421370e-06
1.83161438e-06
1.82902746e-06
1.82645365e-06
1.82389349e-06
1.82134733e-06
1.81881541e-06
1.81629777e-06
1.81379436e-06
1.81130498e-06
1.80882931e-06
1.80636696e-06
1.80391743e-06
1.80148015e-06
1.79905451e-06
1.79663983e-06
1.79423541e-06
1.79184054e-06
1.78945447e-06
1.78707650e-06
1.78470590e-06
1.78234197e-06
1.77998406e-06
1.77763153e-06
1.77528378e-06
1.77294026e-06
1.77060047e-06
1.76826395e-06
1.76593029e-06
1.76359913e-06
1.76127017e-06
1.75894315e-06
1.75661786e-06
1.75429413e-06
1.75197186e-06
1.74965095e-06
1.74733138e-06
1.74501313e-06
1.74269624e-06
1.74038075e-06
1.73806675e-06
1.73575433e-06
1.73344362e-06
1.73113473e-06
1.72882781e-06
1.72652300e-06
1.72422044e-06
1.72192029e-06
1.71962270e-06
1.71732780e-06
1.71503574e-06
1.71274664e-06
1.71046063e-06
1.70817782e-06
1.70589830e-06
1.70362217e-06
1.70134951e-06
1.69908038e-06
1.69681483e-06
1.69455290e-06
1.69229463e-06
1.69004004e-06
1.68778912e-06
1.68554189e-06
1.68329833e-06
1.68105842e-06
1.67882214e-06
1.67658945e-06
1.67436032e-06
1.67213470e-06
1.66991256e-06
1.66769384e-06
1.66547849e-06
1.66326646e-06
1.66105771e-06
1.65885217e-06
1.65664980e-06
1.65445055e-06
1.65225437e-06
1.65006123e-06
1.64787107e-06
1.64568385e-06
1.64349956e-06
1.64131814e-06
1.63913957e-06
1.63696383e-06
1.63479090e-06
1.63262075e-06
1.63045337e-06
1.62828874e-06
1.62612687e-06
1.62396773e-06
1.62181134e-06
1.61965768e-06
1.61750675e-06
1.61535856e-06
1.61321311e-06
1.61107040e-06
1.60893045e-06
1.60679325e-06
1.60465882e-06
1.60252715e-06
1.60039827e-06
1.59827217e-06
1.59614887e-06
1.59402837e-06
1.59191067e-06
1.58979579e-06
1.58768374e-06
1.58557450e-06
1.58346810e-06
1.58136452e-06
1.57926379e-06
1.57716589e-06
1.57507082e-06
1.57297860e-06
1.57088921e-06
1.56880266e-06
1.56671894e-06
1.56463805e-06
1.56255999e-06
1.56048475e-06
1.55841233e-06
1.55634272e-06
1.55427592e-06
1.55221192e-06
1.55015072e-06
1.54809231e-06
1.54603668e-06
1.54398383e-06
1.54193375e-06
1.53988643e-06
1.53784187e-06
1.53580006e-06
1.53376099e-06
1.53172467e-06
1.52969107e-06
1.52766021e-06
1.52563206e-06
1.52360663e-06
1.52158390e-06
1.51956389e-06
1.51754657e-06
1.51553194e-06
1.51352001e-06
1.51151076e-06
1.50950419e-06
1.50750030e-06
1.50549909e-06
1.50350054e-06
1.50150466e-06
1.49951144e-06
1.49752088e-06
1.49553297e-06
1.49354772e-06
1.49156512e-06
1.48958515e-06
1.48760784e-06
1.48563315e-06
1.48366111e-06
1.48169170e-06
1.47972491e-06
1.47776075e-06
1.47579921e-06
1.47384029e-06
1.47188398e-06
1.46993029e-06
1.46797920e-06
1.46603071e-06
1.46408483e-06
1.46214154e-06
1.46020085e-06
1.45826274e-06
1.45632723e-06
1.45439429e-06
1.45246393e-06
1.45053614e-06
1.44861093e-06
1.44668828e-06
1.44476819e-06
1.44285066e-06
1.44093569e-06
1.43902327e-06
1.43711339e-06
1.43520606e-06
1.43330127e-06
1.43139901e-06
1.42949929e-06
1.42760209e-06
1.42570742e-06
1.42381527e-06
1.42192563e-06
1.42003851e-06
1.41815390e-06
1.41627180e-06
1.41439219e-06
1.41251509e-06
1.41064049e-06
1.40876837e-06
1.40689875e-06
1.40503161e-06
1.40316695e-06
1.40130478e-06
1.39944507e-06
1.39758785e-06
1.39573309e-06
1.39388079e-06
1.39203096e-06
1.39018359e-06
1.38833868e-06
1.38649622e-06
1.38465621e-06
1.38281865e-06
1.38098353e-06
1.37915085e-06
1.37732062e-06
1.37549281e-06
1.37366744e-06
1.37184449e-06
1.37002397e-06
1.36820588e-06
1.36639020e-06
1.36457694e-06
1.36276609e-06
1.36095765e-06
1.35915162e-06
1.35734799e-06
1.35554677e-06
1.35374794e-06
1.35195150e-06
1.35015746e-06
1.34836580e-06
1.34657653e-06
1.34478965e-06
1.34300514e-06
1.34122300e-06
1.33944324e-06
1.33766585e-06
1.33589082e-06
1.33411816e-06
1.33234786e-06
1.33057992e-06
1.32881432e-06
1.32705108e-06
1.32529019e-06
1.32353164e-06
1.32177544e-06
1.32002157e-06
1.31827003e-06
1.31652083e-06
1.31477396e-06
1.31302941e-06
1.31128719e-06
1.30954729e-06
1.30780970e-06
1.30607442e-06
1.30434146e-06
1.30261080e-06
1.30088245e-06
1.29915640e-06
1.29743264e-06
1.29571118e-06
1.29399201e-06
1.29227513e-06
1.29056054e-06
1.28884823e-06
1.28713820e-06
1.28543044e-06
1.28372496e-06
1.28202174e-06
1.28032080e-06
1.27862212e-06
1.27692570e-06
1.27523153e-06
1.27353962e-06
1.27184997e-06
1.27016256e-06
1.26847740e-06
1.26679448e-06
1.26511380e-06
1.26343536e-06
1.26175915e-06
1.26008517e-06
1.25841342e-06
1.25674389e-06
1.25507658e-06
1.25341150e-06
1.25174863e-06
1.25008797e-06
1.24842952e-06
1.24677328e-06
1.24511924e-06
1.24346740e-06
1.24181776e-06
1.24017032e-06
1.23852506e-06
1.23688200e-06
1.23524112e-06
1.23360243e-06
1.23196591e-06
1.23033157e-06
1.22869941e-06
1.22706942e-06
1.22544159e-06
1.22381593e-06
1.22219244e-06
1.22057110e-06
1.21895192e-06
1.21733490e-06
1.21572002e-06
1.21410729e-06
1.21249671e-06
1.21088828e-06
1.20928198e-06
1.20767781e-06
1.20607579e-06
1.20447589e-06
1.20287812e-06
1.20128248e-06
1.19968896e-06
1.19809755e-06
1.19650827e-06
1.19492110e-06
1.19333604e-06
1.19175309e-06
1.19017224e-06
1.18859350e-06
1.18701686e-06
1.18544232e-06
1.18386987e-06
1.18229951e-06
1.18073124e-06
1.17916505e-06
1.17760095e-06
1.17603893e-06
1.17447899e-06
1.17292112e-06
1.17136533e-06
1.16981160e-06
1.16825995e-06
1.16671035e-06
1.16516282e-06
1.16361734e-06
1.16207392e-06
1.16053256e-06
1.15899324e-06
1.15745597e-06
1.15592075e-06
1.15438757e-06
1.15285643e-06
1.15132732e-06
1.14980025e-06
1.14827521e-06
1.14675220e-06
1.14523121e-06
1.14371225e-06
1.14219531e-06
1.14068038e-06
1.13916747e-06
1.13765657e-06
1.13614769e-06
1.13464081e-06
1.13313593e-06
1.13163306e-06
1.13013218e-06
1.12863330e-06
1.12713642e-06
1.12564152e-06
1.12414861e-06
1.12265769e-06
1.12116875e-06
1.11968180e-06
1.11819682e-06
1.11671381e-06
1.11523278e-06
1.11375372e-06
1.11227662e-06
1.11080149e-06
1.10932832e-06
1.10785711e-06
1.10638786e-06
1.10492056e-06
1.10345521e-06
1.10199181e-06
1.10053036e-06
1.09907085e-06
1.09761328e-06
1.09615766e-06
1.09470396e-06
1.09325220e-06
1.09180237e-06
1.09035447e-06
1.08890850e-06
1.08746444e-06
1.08602231e-06
1.08458210e-06
1.08314380e-06
1.08170741e-06
1.08027293e-06
1.07884036e-06
1.07740970e-06
1.07598094e-06
1.07455408e-06
1.07312912e-06
1.07170605e-06
1.07028487e-06
1.06886558e-06
1.06744818e-06
1.06603267e-06
1.06461904e-06
1.06320729e-06
1.06179741e-06
1.06038941e-06
1.05898328e-06
1.05757902e-06
1.05617663e-06
1.05477611e-06
1.05337744e-06
1.05198064e-06
1.05058569e-06
1.04919260e-06
1.04780136e-06
1.04641197e-06
1.04502443e-06
1.04363873e-06
1.04225488e-06
1.04087287e-06
1.03949269e-06
1.03811435e-06
1.03673784e-06
1.03536316e-06
1.03399031e-06
1.03261928e-06
1.03125008e-06
1.02988270e-06
1.02851713e-06
1.02715339e-06
1.02579145e-06
1.02443133e-06
1.02307301e-06
1.02171650e-06
1.02036180e-06
1.01900889e-06
1.01765779e-06
1.01630848e-06
1.01496096e-06
1.01361524e-06
1.01227130e-06
1.01092915e-06
1.00958879e-06
1.00825021e-06
1.00691341e-06
1.00557838e-06
1.00424513e-06
1.00291366e-06
1.00158395e-06
1.00025601e-06
9.98929837e-07
