-964.90728
-964.90582
-964.927
-964.96635
-965.01119
-965.04941
-965.0751
-965.09233
-965.10823
-965.12586
-965.14486
-965.16334
-965.17956
-965.19382
-965.20738
-965.22089
-965.23418
-965.24689
-965.25875
-965.26984
-965.28048
-965.29082
-965.30086
-965.31052
-965.31977
-965.32869
-965.33733
-965.34576
-965.35396
-965.3619
-965.36959
-965.37702
-965.38425
-965.39129
-965.39814
-965.40482
-965.41133
-965.41766
-965.42382
-965.4298
-965.43563
-965.44132
-965.44687
-965.45228
-965.45756
-965.46272
-965.46776
-965.47269
-965.47752
-965.48224
-965.48685
-965.49137
-965.49579
-965.50011
-965.50433
-965.50846
-965.51251
-965.51648
-965.52038
-965.52419
-965.52793
-965.53159
-965.53519
-965.53871
-965.54217
-965.54557
-965.5489
-965.55217
-965.55537
-965.55852
-965.5616
-965.56462
-965.56759
-965.5705
-965.57336
-965.57617
-965.57892
-965.58161
-965.58426
-965.58685
-965.5894
-965.5919
-965.59436
-965.59677
-965.59915
-965.60149
-965.60379
-965.60605
-965.60828
-965.61046
-965.6126
-965.6147
-965.61676
-965.61879
-965.62078
-965.62274
-965.62465
-965.62654
-965.62838
-965.6302
-965.63198
-965.63373
-965.63546
-965.63716
-965.63884
-965.64049
-965.64211
-965.64371
-965.64528
-965.64682
-965.64833
-965.64981
-965.65127
-965.6527
-965.65412
-965.65551
-965.65688
-965.65822
-965.65954
-965.66083
-965.6621
-965.66335
-965.66459
-965.66581
-965.66701
-965.66819
-965.66936
-965.67051
-965.67164
-965.67276
-965.67385
-965.67493
-965.67599
-965.67703
-965.67807
-965.67909
-965.6801
-965.68109
-965.68208
-965.68305
-965.684
-965.68494
-965.68587
-965.68678
-965.68769
-965.68857
-965.68944
-965.6903
-965.69115
-965.69199
-965.69281
-965.69362
-965.69443
-965.69522
-965.696
-965.69677
-965.69753
-965.69828
-965.69902
-965.69975
-965.70047
-965.70118
-965.70188
-965.70257
-965.70326
-965.70393
-965.7046
-965.70526
-965.7059
-965.70654
-965.70717
-965.70779
-965.7084
-965.70901
-965.70961
-965.7102
-965.71077
-965.71133
-965.71189
-965.71244
-965.71299
-965.71353
-965.71406
-965.71459
-965.71511
-965.71562
-965.71613
-965.71663
-965.71713
-965.71762
-965.71811
-965.71859
-965.71907
-965.71953
-965.71999
-965.72045
-965.7209
-965.72134
-965.72178
-965.72221
-965.72264
-965.72307
-965.72349
-965.7239
-965.72431
-965.72471
-965.72511
-965.7255
-965.72589
-965.72628
-965.72666
-965.72704
-965.72741
-965.72777
-965.72813
-965.72847
-965.72882
-965.72916
-965.7295
-965.72984
-965.73017
-965.7305
-965.73083
-965.73115
-965.73146
-965.73177
-965.73208
-965.73238
-965.73268
-965.73298
-965.73327
-965.73356
-965.73385
-965.73413
-965.73441
-965.73469
-965.73496
-965.73523
-965.7355
-965.73577
-965.73603
-965.73629
-965.73654
-965.73679
-965.73704
-965.73729
-965.73754
-965.73778
-965.73802
-965.73826
-965.73849
-965.73872
-965.73895
-965.73918
-965.7394
-965.73962
-965.73984
-965.74005
-965.74027
-965.74048
-965.74069
-965.7409
-965.74111
-965.74131
-965.74152
-965.74172
-965.74191
-965.74211
-965.7423
-965.74249
-965.74268
-965.74287
-965.74305
-965.74323
-965.74341
-965.74359
-965.74377
-965.74395
-965.74413
-965.7443
-965.74447
-965.74464
-965.74481
-965.74498
-965.74514
-965.7453
-965.74547
-965.74563
-965.74578
-965.74594
-965.7461
-965.74625
-965.74641
-965.74656
-965.74671
-965.74685
-965.747
-965.74714
-965.74729
-965.74743
-965.74757
-965.74771
-965.74785
-965.74799
-965.74812
-965.74826
-965.74839
-965.74852
-965.74865
-965.74879
-965.74891
-965.74904
-965.74917
-965.74929
-965.74941
-965.74953
-965.74966
-965.74978
-965.7499
-965.75001
-965.75013
-965.75025
-965.75036
-965.75048
-965.75059
-965.7507
-965.75081
-965.75092
-965.75103
-965.75114
-965.75125
-965.75136
-965.75146
-965.75157
-965.75167
-965.75177
-965.75187
-965.75197
-965.75207
-965.75217
-965.75227
-965.75237
-965.75247
-965.75256
-965.75266
-965.75275
-965.75285
-965.75294
-965.75303
-965.75312
-965.75321
-965.7533
-965.75339
-965.75348
-965.75357
-965.75365
-965.75374
-965.75382
-965.75391
-965.75399
-965.75407
-965.75416
-965.75424
-965.75432
-965.7544
-965.75448
-965.75456
-965.75463
-965.75471
-965.75479
-965.75486
-965.75493
-965.75501
-965.75508
-965.75515
-965.75523
-965.7553
-965.75537
-965.75544
-965.75551
-965.75558
-965.75565
-965.75571
-965.75578
-965.75585
-965.75591
-965.75598
-965.75604
-965.75611
-965.75617
-965.75623
-965.75629
-965.75636
-965.75642
-965.75648
-965.75654
-965.7566
-965.75666
-965.75672
-965.75678
-965.75683
-965.75689
-965.75695
-965.757
-965.75706
-965.75712
-965.75717
-965.75723
-965.75728
-965.75733
-965.75739
-965.75744
-965.75749
-965.75754
-965.75759
-965.75764
-965.75769
-965.75774
-965.75779
-965.75784
-965.75789
-965.75794
-965.75799
-965.75804
-965.75808
-965.75813
-965.75818
-965.75822
-965.75827
-965.75831
-965.75836
-965.7584
-965.75845
-965.75849
-965.75853
-965.75858
-965.75862
-965.75866
-965.7587
-965.75874
-965.75878
-965.75882
-965.75886
-965.7589
-965.75893
-965.75897
-965.75901
-965.75905
-965.75908
-965.75912
-965.75916
-965.75919
-965.75923
-965.75926
-965.7593
-965.75933
-965.75937
-965.7594
-965.75944
-965.75947
-965.7595
-965.75954
-965.75957
-965.7596
-965.75964
-965.75967
-965.7597
-965.75973
-965.75976
-965.75979
-965.75982
-965.75985
-965.75988
-965.75991
-965.75994
-965.75997
-965.76
-965.76003
-965.76006
-965.76008
-965.76011
-965.76014
-965.76017
-965.7602
-965.76022
-965.76025
-965.76028
-965.7603
-965.76033
-965.76036
-965.76038
-965.76041
-965.76043
-965.76046
-965.76048
-965.76051
-965.76053
-965.76056
-965.76058
-965.7606
-965.76063
-965.76065
-965.76067
-965.7607
-965.76072
-965.76074
-965.76077
-965.76079
-965.76081
-965.76083
-965.76085
-965.76087
-965.7609
-965.76092
-965.76094
-965.76096
-965.76098
-965.761
-965.76102
-965.76104
-965.76106
-965.76108
-965.7611
-965.76112
-965.76114
-965.76116
-965.76117
-965.76119
-965.76121
-965.76123
-965.76125
-965.76127
-965.76129
-965.7613
-965.76132
-965.76134
-965.76136
-965.76137
-965.76139
-965.76141
-965.76143
-965.76144
-965.76146
-965.76148
-965.76149
-965.76151
-965.76152
-965.76154
-965.76155
-965.76157
-965.76158
-965.7616
-965.76162
-965.76163
-965.76165
-965.76166
-965.76167
-965.76169
-965.7617
-965.76172
-965.76173
-965.76174
-965.76176
-965.76177
-965.76179
-965.7618
-965.76182
-965.76183
-965.76184
-965.76186
-965.76187
-965.76188
-965.76189
-965.7619
-965.76192
-965.76193
-965.76194
-965.76195
-965.76197
-965.76198
-965.76199
-965.762
-965.76201
-965.76203
-965.76204
-965.76205
-965.76206
-965.76207
-965.76208
-965.76209
-965.7621
-965.76211
-965.76212
-965.76213
-965.76214
-965.76216
-965.76217
-965.76218
-965.76219
-965.7622
-965.76221
-965.76222
-965.76223
-965.76224
-965.76225
-965.76226
-965.76227
-965.76227
-965.76228
-965.76229
-965.7623
-965.76231
-965.76232
-965.76233
-965.76234
-965.76235
-965.76236
-965.76237
-965.76237
-965.76238
-965.76239
-965.7624
-965.76241
-965.76242
-965.76243
-965.76243
-965.76244
-965.76245
-965.76246
-965.76247
-965.76247
-965.76248
-965.76249
-965.7625
-965.7625
-965.76251
-965.76252
-965.76253
-965.76254
-965.76254
-965.76255
-965.76256
-965.76256
-965.76257
-965.76258
-965.76259
-965.76259
-965.7626
-965.76261
-965.76261
-965.76262
-965.76263
-965.76263
-965.76264
-965.76265
-965.76265
-965.76266
-965.76267
-965.76267
-965.76268
-965.76269
-965.76269
-965.7627
-965.76271
-965.76271
-965.76272
-965.76272
-965.76273
-965.76274
-965.76274
-965.76275
-965.76275
-965.76276
-965.76277
-965.76277
-965.76278
-965.76278
-965.76279
-965.76279
-965.7628
-965.76281
-965.76281
-965.76282
-965.76282
-965.76283
-965.76283
-965.76284
-965.76284
-965.76285
-965.76285
-965.76286
-965.76286
-965.76287
-965.76287
-965.76288
-965.76288
-965.76289
-965.76289
-965.7629
-965.7629
-965.76291
-965.76291
-965.76292
-965.76292
-965.76293
-965.76293
-965.76294
-965.76294
-965.76295
-965.76295
-965.76296
-965.76296
-965.76296
-965.76297
-965.76297
-965.76298
-965.76298
-965.76299
-965.76299
-965.763
-965.763
-965.763
-965.76301
-965.76301
-965.76302
-965.76302
-965.76302
-965.76303
-965.76303
-965.76304
-965.76304
-965.76304
-965.76305
-965.76305
-965.76306
-965.76306
-965.76306
-965.76307
-965.76307
-965.76308
-965.76308
-965.76308
-965.76309
-965.76309
-965.76309
-965.7631
-965.7631
-965.76311
-965.76311
-965.76311
-965.76312
-965.76312
-965.76312
-965.76313
-965.76313
-965.76313
-965.76314
-965.76314
-965.76314
-965.76315
-965.76315
-965.76315
-965.76316
-965.76316
-965.76316
-965.76317
-965.76317
-965.76317
-965.76318
-965.76318
-965.76318
-965.76318
-965.76319
-965.76319
-965.76319
-965.7632
-965.7632
-965.7632
-965.76321
-965.76321
-965.76321
-965.76321
-965.76322
-965.76322
-965.76322
-965.76323
-965.76323
-965.76323
-965.76323
-965.76324
-965.76324
-965.76324
-965.76325
-965.76325
-965.76325
-965.76325
-965.76326
-965.76326
-965.76326
-965.76326
-965.76327
-965.76327
-965.76327
-965.76327
-965.76328
-965.76328
-965.76328
-965.76328
-965.76329
-965.76329
-965.76329
-965.76329
-965.7633
-965.7633
-965.7633
-965.7633
-965.7633
-965.76331
-965.76331
-965.76331
-965.76331
-965.76332
-965.76332
-965.76332
-965.76332
-965.76333
-965.76333
-965.76333
-965.76333
-965.76333
-965.76334
-965.76334
-965.76334
-965.76334
-965.76334
-965.76335
-965.76335
-965.76335
-965.76335
-965.76335
-965.76336
-965.76336
-965.76336
-965.76336
-965.76336
-965.76337
-965.76337
-965.76337
-965.76337
-965.76337
-965.76338
-965.76338
-965.76338
-965.76338
-965.76338
-965.76339
-965.76339
-965.76339
-965.76339
-965.76339
-965.76339
-965.7634
-965.7634
-965.7634
-965.7634
-965.7634
-965.7634
-965.76341
-965.76341
-965.76341
-965.76341
-965.76341
-965.76341
-965.76342
-965.76342
-965.76342
-965.76342
-965.76342
-965.76342
-965.76343
-965.76343
-965.76343
-965.76343
-965.76343
-965.76343
-965.76344
-965.76344
-965.76344
-965.76344
-965.76344
-965.76344
-965.76344
-965.76345
-965.76345
-965.76345
-965.76345
-965.76345
-965.76345
-965.76345
-965.76346
-965.76346
-965.76346
-965.76346
-965.76346
-965.76346
-965.76346
-965.76346
-965.76347
-965.76347
-965.76347
-965.76347
-965.76347
-965.76347
-965.76347
-965.76348
-965.76348
-965.76348
-965.76348
-965.76348
-965.76348
-965.76348
-965.76348
-965.76349
-965.76349
-965.76349
-965.76349
-965.76349
-965.76349
-965.76349
-965.76349
-965.76349
-965.7635
-965.7635
-965.7635
-965.7635
-965.7635
-965.7635
-965.7635
-965.7635
-965.7635
-965.76351
-965.76351
-965.76351
-965.76351
-965.76351
-965.76351
-965.76351
-965.76351
-965.76351
-965.76352
-965.76352
-965.76352
-965.76352
-965.76352
-965.76352
-965.76352
-965.76352
-965.76352
-965.76352
-965.76353
-965.76353
-965.76353
-965.76353
-965.76353
-965.76353
-965.76353
-965.76353
-965.76353
-965.76353
-965.76353
-965.76354
-965.76354
-965.76354
-965.76354
-965.76354
-965.76354
-965.76354
-965.76354
-965.76354
-965.76354
-965.76354
-965.76354
-965.76355
-965.76355
-965.76355
-965.76355
-965.76355
-965.76355
-965.76355
-965.76355
-965.76355
-965.76355
-965.76355
-965.76355
-965.76356
-965.76356
-965.76356
-965.76356
-965.76356
-965.76356
-965.76356
-965.76356
-965.76356
-965.76356
-965.76356
-965.76356
-965.76356
-965.76357
-965.76357
-965.76357
-965.76357
-965.76357
-965.76357
-965.76357
-965.76357
-965.76357
-965.76357
-965.76357
-965.76357
-965.76357
-965.76358
-965.76358
-965.76358
-965.76358
-965.76358
-965.76358
-965.76358
-965.76358
-965.76358
-965.76358
-965.76358
-965.76358
-965.76358
-965.76358
-965.76358
-965.76359
-965.76359
-965.76359
-965.76359
-965.76359
-965.76359
-965.76359
-965.76359
-965.76359
-965.76359
-965.76359
-965.76359
-965.76359
-965.76359
-965.76359
-965.76359
-965.76359
-965.76359
-965.7636
-965.7636
-965.7636
-965.7636
-965.7636
-965.7636
-965.7636
-965.7636
-965.7636
-965.7636
-965.7636
-965.7636
-965.7636
-965.7636
-965.7636
-965.7636
-965.7636
-965.7636
-965.76361
-965.76361
-965.76361
-965.76361
-965.76361
-965.76361
-965.76361
-965.76361
-965.76361
-965.76361
-965.76361
-965.76361
-965.76361
-965.76361
-965.76361
-965.76361
-965.76361
-965.76361
-965.76361
-965.76361
-965.76362
-965.76362
-965.76362
-965.76362
-965.76362
-965.76362
-965.76362
-965.76362
-965.76362
-965.76362
-965.76362
-965.76362
-965.76362
-965.76362
-965.76362
-965.76362
-965.76362
-965.76362
-965.76362
-965.76362
-965.76362
-965.76362
-965.76362
-965.76362
-965.76363
-965.76363
-965.76363
-965.76363
-965.76363
-965.76363
-965.76363
-965.76363
-965.76363
-965.76363
-965.76363
-965.76363
-965.76363
-965.76363
-965.76363
-965.76363
-965.76363
-965.76363
-965.76363
-965.76363
-965.76363
-965.76363
-965.76363
-965.76363
-965.76363
-965.76363
-965.76364
-965.76364
-965.76364
-965.76364
-965.76364
-965.76364
-965.76364
-965.76364
-965.76364
-965.76364
-965.76364
-965.76364
-965.76364
-965.76364
-965.76364
-965.76364
-965.76364
-965.76364
-965.76364
-965.76364
-965.76364
-965.76364
-965.76364
-965.76364
-965.76364
-965.76364
-965.76364
-965.76364
-965.76364
-965.76364
-965.76365
-965.76365
-965.76365
-965.76365
-965.76365
-965.76365
-965.76365
-965.76365
-965.76365
-965.76365
-965.76365
-965.76365
-965.76365
-965.76365
-965.76365
-965.76365
-965.76365
-965.76365
-965.76365
-965.76365
-965.76365
-965.76365
-965.76365
-965.76365
-965.76365
-965.76365
-965.76365
-965.76365
-965.76365
-965.76365
-965.76365
-965.76365
-965.76365
-965.76365
-965.76365
-965.76366
-965.76366
-965.76366
-965.76366
-965.76366
-965.76366
-965.76366
-965.76366
-965.76366
-965.76366
-965.76366
-965.76366
-965.76366
-965.76366
-965.76366
-965.76366
-965.76366
-965.76366
-965.76366
-965.76366
-965.76366
-965.76366
-965.76366
-965.76366
-965.76366
-965.76366
-965.76366
-965.76366
-965.76366
-965.76366
-965.76366
-965.76366
-965.76366
-965.76366
-965.76366
-965.76366
-965.76366
-965.76366
-965.76366
-965.76366
-965.76366
-965.76366
-965.76367
-965.76367
-965.76367
-965.76367
-965.76367
-965.76367
-965.76367
-965.76367
-965.76367
-965.76367
-965.76367
-965.76367
-965.76367
-965.76367
-965.76367
-965.76367
-965.76367
-965.76367
-965.76367
-965.76367
-965.76367
-965.76367
-965.76367
-965.76367
-965.76367
-965.76367
-965.76367
-965.76367
-965.76367
-965.76367
-965.76367
-965.76367
-965.76367
-965.76367
-965.76367
-965.76367
-965.76367
-965.76367
-965.76367
-965.76367
-965.76367
-965.76367
-965.76367
-965.76367
-965.76367
-965.76367
-965.76367
-965.76367
-965.76367
-965.76367
-965.76367
-965.76367
-965.76368
-965.76368
-965.76368
-965.76368
-965.76368
-965.76368
-965.76368
-965.76368
-965.76368
-965.76368
-965.76368
-965.76368
-965.76368
-965.76368
-965.76368
-965.76368
-965.76368
-965.76368
-965.76368
-965.76368
-965.76368
-965.76368
-965.76368
-965.76368
-965.76368
-965.76368
-965.76368
-965.76368
-965.76368
-965.76368
-965.76368
-965.76368
-965.76368
-965.76368
-965.76368
-965.76368
-965.76368
-965.76368
-965.76368
-965.76368
-965.76368
-965.76368
-965.76368
-965.76368
-965.76368
-965.76368
-965.76368
-965.76368
-965.76368
-965.76368
-965.76368
-965.76368
-965.76368
-965.76368
-965.76368
-965.76368
-965.76368
-965.76368
-965.76368
-965.76368
-965.76368
-965.76368
-965.76368
-965.76368
-965.76369
-965.76369
-965.76369
-965.76369
-965.76369
-965.76369
-965.76369
-965.76369
-965.76369
-965.76369
-965.76369
-965.76369
-965.76369
-965.76369
-965.76369
-965.76369
-965.76369
-965.76369
-965.76369
-965.76369
-965.76369
-965.76369
-965.76369
-965.76369
-965.76369
-965.76369
-965.76369
-965.76369
-965.76369
-965.76369
-965.76369
-965.76369
-965.76369
-965.76369
-965.76369
-965.76369
-965.76369
-965.76369
-965.76369
-965.76369
-965.76369
-965.76369
-965.76369
-965.76369
-965.76369
-965.76369
-965.76369
-965.76369
-965.76369
-965.76369
-965.76369
-965.76369
-965.76369
-965.76369
-965.76369
-965.76369
-965.76369
-965.76369
-965.76369
-965.76369
-965.76369
-965.76369
-965.76369
-965.76369
-965.76369
-965.76369
-965.76369
-965.76369
-965.76369
-965.76369
-965.76369
-965.76369
-965.76369
-965.76369
-965.76369
-965.76369
-965.76369
-965.76369
-965.76369
-965.76369
-965.76369
-965.76369
-965.76369
-965.76369
-965.76369
-965.76369
-965.7637
-965.7637
-965.7637
-965.7637
-965.7637
-965.7637
-965.7637
-965.7637
-965.7637
-965.7637
-965.7637
-965.7637
-965.7637
-965.7637
-965.7637
-965.7637
-965.7637
-965.7637
-965.7637
-965.7637
-965.7637
-965.7637
-965.7637
-965.7637
-965.7637
-965.7637
-965.7637
-965.7637
-965.7637
-965.7637
-965.7637
-965.7637
-965.7637
-965.7637
-965.7637
-965.7637
-965.7637
-965.7637
-965.7637
-965.7637
-965.7637
-965.7637
-965.7637
-965.7637
-965.7637
-965.7637
-965.7637
-965.7637
-965.7637
-965.7637
-965.7637
-965.7637
-965.7637
-965.7637
-965.7637
-965.7637
-965.7637
-965.7637
-965.7637
-965.7637
-965.7637
-965.7637
-965.7637
-965.7637
-965.7637
-965.7637
-965.7637
-965.7637
-965.7637
-965.7637
-965.7637
-965.7637
-965.7637
-965.7637
-965.7637
-965.7637
-965.7637
-965.7637
-965.7637
-965.7637
-965.7637
-965.7637
-965.7637
-965.7637
-965.7637
-965.7637
-965.7637
-965.7637
-965.7637
-965.7637
-965.7637
-965.7637
-965.7637
-965.7637
-965.7637
-965.7637
-965.7637
-965.7637
-965.7637
-965.7637
-965.7637
-965.7637
-965.7637
-965.7637
-965.7637
-965.7637
-965.7637
-965.7637
-965.7637
-965.7637
-965.7637
-965.7637
-965.7637
-965.7637
-965.7637
-965.7637
-965.7637
-965.7637
-965.7637
-965.7637
-965.7637
-965.7637
-965.7637
-965.7637
-965.7637
-965.7637
-965.7637
-965.76371
-965.76371
-965.76371
-965.76371
-965.76371
-965.76371
-965.76371
-965.76371
-965.76371
-965.76371
-965.76371
-965.76371
-965.76371
-965.76371
-965.76371
-965.76371
-965.76371
-965.76371
-965.76371
-965.76371
-965.76371
-965.76371
-965.76371
-965.76371
-965.76371
-965.76371
-965.76371
-965.76371
-965.76371
-965.76371
-965.76371
-965.76371
-965.76371
-965.76371
-965.76371
-965.76371
-965.76371
-965.76371
-965.76371
-965.76371
-965.76371
-965.76371
-965.76371
-965.76371
-965.76371
-965.76371
-965.76371
-965.76371
-965.76371
-965.76371
-965.76371
-965.76371
-965.76371
-965.76371
-965.76371
-965.76371
-965.76371
-965.76371
-965.76371
-965.76371
-965.76371
-965.76371
-965.76371
-965.76371
-965.76371
-965.76371
-965.76371
-965.76371
-965.76371
-965.76371
-965.76371
-965.76371
-965.76371
-965.76371
-965.76371
-965.76371
-965.76371
-965.76371
-965.76371
-965.76371
-965.76371
-965.76371
-965.76371
-965.76371
-965.76371
-965.76371
-965.76371
-965.76371
-965.76371
-965.76371
-965.76371
-965.76371
-965.76371
-965.76371
-965.76371
-965.76371
-965.76371
-965.76371
-965.76371
-965.76371
-965.76371
-965.76371
-965.76371
-965.76371
-965.76371
-965.76371
-965.76371
-965.76371
-965.76371
-965.76371
-965.76371
-965.76371
-965.76371
-965.76371
-965.76371
-965.76371
-965.76371
-965.76371
-965.76371
-965.76371
-965.76371
-965.76371
-965.76371
-965.76371
-965.76371
-965.76371
-965.76371
-965.76371
-965.76371
-965.76371
-965.76371
-965.76371
-965.76371
-965.76371
-965.76371
-965.76371
-965.76371
-965.76371
-965.76371
-965.76371
-965.76371
-965.76371
-965.76371
-965.76371
-965.76371
-965.76371
-965.76371
-965.76371
-965.76371
-965.76371
-965.76371
-965.76371
-965.76371
-965.76371
-965.76371
-965.76371
-965.76371
-965.76371
-965.76371
-965.76371
-965.76371
-965.76371
-965.76371
-965.76371
-965.76371
-965.76371
-965.76371
-965.76371
-965.76371
-965.76371
-965.76371
-965.76371
-965.76371
-965.76371
-965.76371
-965.76371
-965.76371
-965.76371
-965.76371
-965.76371
-965.76371
-965.76371
-965.76371
-965.76371
-965.76371
-965.76371
-965.76371
-965.76371
-965.76371
-965.76371
-965.76371
-965.76371
-965.76371
-965.76371
-965.76371
-965.76371
-965.76371
-965.76371
-965.76371
-965.76371
-965.76371
-965.76371
-965.76371
-965.76371
-965.76371
-965.76371
-965.76371
-965.76371
-965.76371
-965.76371
-965.76371
-965.76371
-965.76371
-965.76371
-965.76371
-965.76371
-965.76371
-965.76371
-965.76371
-965.76371
-965.76371
-965.76371
-965.76371
-965.76371
-965.76371
-965.76371
-965.76371
-965.76371
-965.76371
-965.76371
-965.76371
-965.76371
-965.76371
-965.76371
-965.76372
-965.76372
-965.76372
-965.76372
-965.76372
-965.76372
-965.76372
-965.76372
-965.76372
-965.76372
-965.76372
-965.76372
-965.76372
-965.76372
-965.76372
-965.76372
-965.76372
-965.76372
-965.76372
-965.76372
-965.76372
-965.76372
-965.76372
-965.76372
-965.76372
-965.76372
-965.76372
-965.76372
-965.76372
-965.76372
-965.76372
-965.76372
-965.76372
-965.76372
-965.76372
-965.76372
-965.76372
-965.76372
-965.76372
-965.76372
-965.76372
-965.76372
-965.76372
-965.76372
-965.76372
-965.76372
-965.76372
-965.76372
-965.76372
-965.76372
-965.76372
-965.76372
-965.76372
-965.76372
-965.76372
-965.76372
-965.76372
-965.76372
-965.76372
-965.76372
-965.76372
-965.76372
-965.76372
-965.76372
-965.76372
-965.76372
-965.76372
-965.76372
-965.76372
-965.76372
-965.76372
-965.76372
-965.76372
-965.76372
-965.76372
-965.76372
-965.76372
-965.76372
-965.76372
-965.76372
-965.76372
-965.76372
-965.76372
-965.76372
-965.76372
-965.76372
-965.76372
-965.76372
-965.76372
-965.76372
-965.76372
-965.76372
-965.76372
-965.76372
-965.76372
-965.76372
-965.76372
-965.76372
-965.76372
-965.76372
-965.76372
-965.76372
-965.76372
-965.76372
-965.76372
-965.76372
-965.76372
-965.76372
-965.76372
-965.76372
-965.76372
-965.76372
-965.76372
-965.76372
-965.76372
-965.76372
-965.76372
-965.76372
-965.76372
-965.76372
-965.76372
-965.76372
-965.76372
-965.76372
-965.76372
-965.76372
-965.76372
-965.76372
-965.76372
-965.76372
-965.76372
-965.76372
-965.76372
-965.76372
-965.76372
-965.76372
-965.76372
-965.76372
-965.76372
-965.76372
-965.76372
-965.76372
-965.76372
-965.76372
-965.76372
-965.76372
-965.76372
-965.76372
-965.76372
-965.76372
-965.76372
-965.76372
-965.76372
-965.76372
-965.76372
-965.76372
-965.76372
-965.76372
-965.76372
-965.76372
-965.76372
-965.76372
-965.76372
-965.76372
-965.76372
-965.76372
-965.76372
-965.76372
-965.76372
-965.76372
-965.76372
-965.76372
-965.76372
-965.76372
-965.76372
-965.76372
-965.76372
-965.76372
-965.76372
-965.76372
-965.76372
-965.76372
-965.76372
-965.76372
-965.76372
-965.76372
-965.76372
-965.76372
-965.76372
-965.76372
-965.76372
-965.76372
-965.76372
-965.76372
-965.76372
-965.76372
-965.76372
-965.76372
-965.76372
-965.76372
-965.76372
-965.76372
-965.76372
-965.76372
-965.76372
-965.76372
-965.76372
-965.76372
-965.76372
-965.76372
-965.76372
-965.76372
-965.76372
-965.76372
-965.76372
-965.76372
-965.76372
-965.76372
-965.76372
-965.76372
-965.76372
-965.76372
-965.76372
-965.76372
-965.76372
-965.76372
-965.76372
-965.76372
-965.76372
-965.76372
-965.76372
-965.76372
-965.76372
-965.76372
-965.76372
-965.76372
-965.76372
-965.76372
-965.76372
-965.76372
-965.76372
-965.76372
-965.76372
-965.76372
-965.76372
-965.76372
-965.76372
-965.76372
-965.76372
-965.76372
-965.76372
-965.76372
-965.76372
-965.76372
-965.76372
-965.76372
-965.76372
-965.76372
-965.76372
-965.76372
-965.76372
-965.76372
-965.76372
-965.76372
-965.76372
-965.76372
-965.76372
-965.76372
-965.76372
-965.76372
-965.76372
-965.76372
-965.76372
-965.76372
-965.76372
-965.76372
-965.76372
-965.76372
-965.76372
-965.76372
-965.76372
-965.76372
-965.76372
-965.76372
-965.76372
-965.76372
-965.76372
-965.76372
-965.76372
-965.76372
-965.76372
-965.76372
-965.76372
-965.76372
-965.76372
-965.76372
-965.76372
-965.76372
-965.76372
-965.76372
-965.76372
-965.76372
-965.76372
-965.76372
-965.76372
-965.76372
-965.76372
-965.76372
-965.76372
-965.76372
-965.76372
-965.76372
-965.76372
-965.76372
-965.76372
-965.76372
-965.76372
-965.76372
-965.76372
-965.76372
-965.76372
-965.76372
-965.76372
-965.76372
-965.76372
-965.76372
-965.76372
-965.76372
-965.76372
-965.76372
-965.76372
-965.76372
-965.76372
-965.76372
-965.76372
-965.76372
-965.76372
-965.76372
-965.76372
-965.76372
-965.76372
-965.76372
-965.76372
-965.76372
-965.76372
-965.76372
-965.76372
-965.76372
-965.76372
-965.76372
-965.76372
-965.76372
-965.76372
-965.76372
-965.76372
-965.76372
-965.76372
-965.76372
-965.76372
-965.76372
-965.76372
-965.76372
-965.76372
-965.76372
-965.76372
-965.76372
-965.76372
-965.76372
-965.76372
-965.76372
-965.76372
-965.76372
-965.76372
-965.76372
-965.76372
-965.76372
-965.76372
-965.76372
-965.76372
-965.76372
-965.76372
-965.76372
-965.76372
-965.76372
-965.76372
-965.76372
-965.76372
-965.76372
-965.76372
-965.76372
-965.76372
-965.76372
-965.76372
-965.76372
-965.76372
-965.76372
-965.76372
-965.76372
-965.76372
-965.76372
-965.76372
-965.76372
-965.76372
-965.76372
-965.76372
-965.76372
-965.76372
-965.76372
-965.76372
-965.76372
-965.76372
-965.76372
-965.76372
-965.76372
-965.76372
-965.76372
-965.76372
-965.76372
-965.76372
-965.76372
-965.76372
-965.76372
-965.76372
-965.76372
-965.76372
-965.76372
-965.76372
-965.76372
-965.76372
-965.76372
-965.76372
-965.76372
-965.76372
-965.76372
-965.76372
-965.76372
-965.76372
-965.76372
-965.76372
-965.76372
-965.76372
-965.76372
-965.76372
-965.76372
-965.76372
-965.76372
-965.76372
-965.76372
-965.76372
-965.76372
-965.76372
-965.76372
-965.76372
-965.76372
-965.76372
-965.76372
-965.76372
-965.76372
-965.76372
-965.76372
-965.76372
-965.76372
-965.76372
-965.76372
-965.76372
-965.76372
-965.76372
-965.76372
-965.76372
-965.76372
-965.76372
-965.76372
-965.76372
-965.76372
-965.76372
-965.76372
-965.76372
-965.76372
-965.76372
-965.76372
-965.76372
-965.76372
-965.76372
-965.76372
-965.76372
-965.76372
-965.76372
-965.76372
-965.76372
-965.76372
-965.76372
-965.76372
-965.76372
-965.76372
-965.76372
-965.76372
-965.76372
-965.76372
-965.76372
-965.76372
-965.76372
-965.76372
-965.76372
-965.76372
-965.76372
-965.76372
-965.76372
-965.76372
-965.76372
-965.76372
-965.76372
-965.76372
-965.76372
-965.76372
-965.76372
-965.76372
-965.76372
-965.76372
-965.76372
-965.76372
-965.76372
-965.76372
-965.76372
-965.76372
-965.76372
-965.76372
-965.76372
-965.76372
-965.76372
-965.76372
-965.76372
-965.76372
-965.76372
-965.76372
-965.76372
-965.76372
-965.76372
-965.76372
-965.76372
-965.76372
-965.76372
-965.76372
-965.76372
-965.76372
-965.76372
-965.76372
-965.76372
-965.76372
-965.76372
-965.76372
-965.76372
-965.76372
-965.76372
-965.76372
-965.76372
-965.76372
-965.76372
-965.76372
-965.76372
-965.76372
-965.76372
-965.76372
-965.76372
-965.76372
-965.76372
-965.76372
-965.76372
-965.76372
-965.76372
-965.76372
-965.76372
-965.76372
-965.76372
-965.76372
-965.76372
-965.76372
-965.76372
-965.76372
-965.76372
-965.76372
-965.76372
-965.76372
-965.76372
-965.76372
-965.76372
-965.76372
-965.76372
-965.76372
-965.76372
-965.76372
-965.76372
-965.76372
-965.76372
-965.76372
-965.76372
-965.76372
-965.76372
-965.76372
-965.76372
-965.76372
-965.76372
-965.76372
-965.76372
-965.76372
-965.76372
-965.76372
-965.76372
-965.76372
-965.76372
-965.76372
-965.76372
-965.76372
-965.76372
-965.76372
-965.76372
-965.76372
-965.76372
-965.76372
-965.76372
-965.76372
-965.76372
-965.76372
-965.76372
-965.76372
-965.76372
-965.76372
-965.76372
-965.76372
-965.76372
-965.76372
-965.76372
-965.76372
-965.76372
-965.76372
-965.76372
-965.76372
-965.76372
-965.76372
-965.76372
-965.76372
-965.76372
-965.76372
-965.76372
-965.76372
-965.76372
-965.76372
-965.76372
-965.76372
-965.76372
-965.76372
-965.76372
-965.76372
-965.76372
-965.76372
-965.76372
-965.76372
-965.76372
-965.76372
-965.76372
-965.76372
-965.76372
-965.76372
-965.76372
-965.76372
-965.76372
-965.76372
-965.76372
-965.76372
-965.76372
-965.76372
-965.76372
-965.76372
-965.76372
-965.76372
-965.76372
-965.76372
-965.76372
-965.76372
-965.76372
-965.76372
-965.76372
-965.76372
-965.76372
-965.76372
-965.76372
-965.76372
-965.76372
-965.76372
-965.76372
-965.76372
-965.76372
-965.76372
-965.76372
-965.76372
-965.76372
-965.76372
-965.76372
-965.76372
-965.76372
-965.76372
-965.76372
-965.76372
-965.76372
-965.76372
-965.76372
-965.76372
-965.76372
-965.76372
-965.76372
-965.76372
-965.76372
-965.76372
-965.76372
-965.76372
-965.76372
-965.76372
-965.76372
-965.76372
-965.76372
-965.76372
-965.76372
-965.76372
-965.76372
-965.76372
-965.76372
-965.76372
-965.76372
-965.76372
-965.76372
-965.76372
-965.76372
-965.76372
-965.76372
-965.76372
-965.76372
-965.76372
-965.76372
-965.76372
-965.76372
-965.76372
-965.76372
-965.76372
-965.76372
-965.76372
-965.76372
-965.76372
-965.76372
-965.76372
-965.76372
-965.76372
-965.76372
-965.76372
-965.76372
-965.76372
-965.76372
-965.76372
-965.76372
-965.76372
-965.76372
-965.76372
-965.76372
-965.76372
-965.76372
-965.76372
-965.76372
-965.76372
-965.76372
-965.76372
-965.76372
-965.76372
-965.76372
-965.76372
-965.76372
-965.76372
-965.76372
-965.76372
-965.76372
-965.76372
-965.76372
-965.76372
-965.76372
-965.76372
-965.76372
-965.76372
-965.76372
-965.76372
-965.76372
-965.76372
-965.76372
-965.76372
-965.76372
-965.76372
-965.76372
-965.76372
-965.76372
-965.76372
-965.76372
-965.76372
-965.76372
-965.76372
-965.76372
-965.76372
-965.76372
-965.76372
-965.76372
-965.76372
-965.76372
-965.76372
-965.76372
-965.76372
-965.76372
-965.76372
-965.76372
-965.76372
-965.76372
-965.76372
-965.76372
-965.76372
-965.76372
-965.76372
-965.76372
-965.76372
-965.76372
-965.76372
-965.76372
-965.76372
-965.76372
-965.76372
-965.76372
-965.76372
-965.76372
-965.76372
-965.76372
-965.76372
-965.76372
-965.76372
-965.76372
-965.76372
-965.76372
-965.76372
-965.76372
-965.76372
-965.76372
-965.76372
-965.76372
-965.76372
-965.76372
-965.76372
-965.76372
-965.76372
-965.76372
-965.76372
-965.76372
-965.76372
-965.76372
-965.76372
-965.76372
-965.76372
-965.76372
-965.76372
-965.76372
-965.76372
-965.76372
-965.76372
-965.76372
-965.76372
-965.76372
-965.76372
-965.76372
-965.76372
-965.76372
-965.76372
-965.76372
-965.76372
-965.76372
-965.76372
-965.76372
-965.76372
-965.76372
-965.76372
-965.76372
-965.76372
-965.76372
-965.76372
-965.76372
-965.76372
-965.76372
-965.76372
-965.76372
-965.76372
-965.76372
-965.76372
-965.76372
-965.76372
-965.76372
-965.76372
-965.76372
-965.76372
-965.76372
-965.76372
-965.76372
-965.76372
-965.76372
-965.76372
-965.76372
-965.76372
-965.76372
-965.76372
-965.76372
-965.76372
-965.76372
-965.76372
-965.76372
-965.76372
-965.76372
-965.76372
-965.76372
-965.76372
-965.76372
-965.76372
-965.76372
-965.76372
-965.76372
-965.76372
-965.76372
-965.76372
-965.76372
-965.76372
-965.76372
-965.76372
-965.76372
-965.76372
-965.76372
-965.76372
-965.76372
-965.76372
-965.76372
-965.76372
-965.76372
-965.76372
-965.76372
-965.76372
-965.76372
-965.76372
-965.76372
-965.76372
-965.76372
-965.76372
-965.76372
-965.76372
-965.76372
-965.76372
-965.76372
-965.76372
-965.76372
-965.76372
-965.76372
-965.76372
-965.76372
-965.76372
-965.76372
-965.76372
-965.76372
-965.76372
-965.76372
-965.76372
-965.76372
-965.76372
-965.76372
-965.76372
-965.76372
-965.76372
-965.76372
-965.76372
-965.76372
-965.76372
-965.76372
-965.76372
-965.76372
-965.76372
-965.76372
-965.76372
-965.76372
-965.76372
-965.76372
-965.76372
-965.76372
-965.76372
-965.76372
-965.76372
-965.76372
-965.76372
-965.76372
-965.76372
-965.76372
-965.76372
-965.76372
-965.76372
-965.76372
-965.76372
-965.76372
-965.76372
-965.76372
-965.76372
-965.76372
-965.76372
-965.76372
-965.76372
-965.76372
-965.76372
-965.76372
-965.76372
-965.76372
-965.76372
-965.76372
-965.76372
-965.76372
-965.76372
-965.76372
-965.76372
-965.76372
-965.76372
-965.76372
-965.76372
-965.76372
-965.76372
-965.76372
-965.76372
-965.76372
-965.76372
-965.76372
-965.76372
-965.76372
-965.76372
-965.76372
-965.76372
-965.76372
-965.76372
-965.76372
-965.76372
-965.76372
-965.76372
-965.76372
-965.76372
-965.76372
-965.76372
-965.76372
-965.76372
-965.76372
-965.76372
-965.76372
-965.76372
-965.76372
-965.76372
-965.76372
-965.76372
-965.76372
-965.76372
-965.76372
-965.76372
-965.76372
-965.76372
-965.76372
-965.76372
-965.76372
-965.76372
-965.76372
-965.76372
-965.76372
-965.76372
-965.76372
-965.76372
-965.76372
-965.76372
-965.76372
-965.76372
-965.76372
-965.76372
-965.76372
-965.76372
-965.76372
-965.76372
-965.76372
-965.76372
-965.76372
-965.76372
-965.76372
-965.76372
-965.76372
-965.76372
-965.76372
-965.76372
-965.76372
-965.76372
-965.76372
-965.76372
-965.76372
-965.76372
-965.76372
-965.76372
-965.76372
-965.76372
-965.76372
-965.76372
-965.76372
-965.76372
-965.76372
-965.76372
-965.76372
-965.76372
-965.76372
-965.76372
-965.76372
-965.76372
-965.76372
-965.76372
-965.76372
-965.76372
-965.76372
-965.76372
-965.76372
-965.76372
-965.76372
-965.76372
-965.76372
-965.76372
-965.76372
-965.76372
-965.76372
-965.76372
-965.76372
-965.76372
-965.76372
-965.76372
-965.76372
-965.76372
-965.76372
-965.76372
-965.76372
-965.76372
-965.76372
-965.76372
-965.76372
-965.76372
-965.76372
-965.76372
-965.76372
-965.76372
-965.76372
-965.76372
-965.76372
-965.76372
-965.76372
-965.76372
-965.76372
-965.76372
-965.76372
-965.76372
-965.76372
-965.76372
-965.76372
-965.76372
-965.76372
-965.76372
-965.76372
-965.76372
-965.76372
-965.76372
-965.76372
-965.76372
-965.76372
-965.76372
-965.76372
-965.76372
-965.76372
-965.76372
-965.76372
-965.76372
-965.76372
-965.76372
-965.76372
-965.76372
-965.76372
-965.76372
-965.76372
-965.76372
-965.76372
-965.76372
-965.76372
-965.76372
-965.76372
-965.76372
-965.76372
-965.76372
-965.76372
-965.76372
-965.76372
-965.76372
-965.76372
-965.76372
-965.76372
-965.76372
-965.76372
-965.76372
-965.76372
-965.76372
-965.76372
-965.76372
-965.76372
-965.76372
-965.76372
-965.76372
-965.76372
-965.76372
-965.76372
-965.76372
-965.76372
-965.76372
-965.76372
-965.76372
-965.76372
-965.76372
-965.76372
-965.76372
-965.76372
-965.76372
-965.76372
-965.76372
-965.76372
-965.76372
-965.76372
-965.76372
-965.76372
-965.76372
-965.76372
-965.76372
-965.76372
-965.76372
-965.76372
-965.76372
-965.76372
-965.76372
-965.76372
-965.76372
-965.76372
-965.76372
-965.76372
-965.76372
-965.76372
-965.76372
-965.76372
-965.76372
-965.76372
-965.76372
-965.76372
-965.76372
-965.76372
-965.76372
-965.76372
-965.76372
-965.76372
-965.76372
-965.76372
-965.76372
-965.76372
-965.76372
-965.76372
-965.76372
-965.76372
-965.76372
-965.76372
-965.76372
-965.76372
-965.76372
-965.76372
-965.76372
-965.76372
-965.76372
-965.76372
-965.76372
-965.76372
-965.76372
-965.76372
-965.76372
-965.76372
-965.76372
-965.76372
-965.76372
-965.76372
-965.76372
-965.76372
-965.76372
-965.76372
-965.76372
-965.76372
-965.76372
-965.76372
-965.76372
-965.76372
-965.76372
-965.76372
-965.76372
-965.76372
-965.76372
-965.76372
-965.76372
-965.76372
-965.76372
-965.76372
-965.76372
-965.76372
-965.76372
-965.76372
-965.76372
-965.76372
-965.76372
-965.76372
-965.76372
-965.76372
-965.76372
-965.76372
-965.76372
-965.76372
-965.76372
-965.76372
-965.76372
-965.76372
-965.76372
-965.76372
-965.76372
-965.76372
-965.76372
-965.76372
-965.76372
-965.76372
-965.76372
-965.76372
-965.76372
-965.76372
-965.76372
-965.76372
-965.76372
-965.76372
-965.76372
-965.76372
-965.76372
-965.76372
-965.76372
-965.76372
-965.76372
-965.76372
-965.76372
-965.76372
-965.76372
-965.76372
-965.76372
-965.76372
-965.76372
-965.76372
-965.76372
-965.76372
-965.76372
-965.76372
-965.76372
-965.76372
-965.76372
-965.76372
-965.76372
-965.76372
-965.76372
-965.76372
-965.76372
-965.76372
-965.76372
-965.76372
-965.76372
-965.76372
-965.76372
-965.76372
-965.76372
-965.76372
-965.76372
-965.76372
-965.76372
-965.76372
-965.76372
-965.76372
-965.76372
-965.76372
-965.76372
-965.76372
-965.76372
-965.76372
-965.76372
-965.76372
-965.76372
-965.76372
-965.76372
-965.76372
-965.76372
-965.76372
-965.76372
-965.76372
-965.76372
-965.76372
-965.76372
-965.76372
-965.76372
-965.76372
-965.76372
-965.76372
-965.76372
-965.76372
-965.76372
-965.76372
-965.76372
-965.76372
-965.76372
-965.76372
-965.76372
-965.76372
-965.76372
-965.76372
-965.76372
-965.76372
-965.76372
-965.76372
-965.76372
-965.76372
-965.76372
-965.76372
-965.76372
-965.76372
-965.76372
-965.76372
-965.76372
-965.76372
-965.76372
-965.76372
-965.76372
-965.76372
-965.76372
-965.76372
-965.76372
-965.76372
-965.76372
-965.76372
-965.76372
-965.76372
-965.76372
-965.76372
-965.76372
-965.76372
-965.76372
-965.76372
-965.76372
-965.76372
-965.76372
-965.76372
-965.76372
-965.76372
-965.76372
-965.76372
-965.76372
-965.76372
-965.76372
-965.76372
-965.76372
-965.76372
-965.76372
-965.76372
-965.76372
-965.76372
-965.76372
-965.76372
-965.76372
-965.76372
-965.76372
-965.76372
-965.76372
-965.76372
-965.76372
-965.76372
-965.76372
-965.76372
-965.76372
-965.76372
-965.76372
-965.76372
-965.76372
-965.76372
-965.76372
-965.76372
-965.76372
-965.76372
-965.76372
-965.76372
-965.76372
-965.76372
-965.76372
-965.76372
-965.76372
-965.76372
-965.76372
-965.76372
-965.76372
-965.76372
-965.76372
-965.76372
-965.76372
-965.76372
-965.76372
-965.76372
-965.76372
-965.76372
-965.76372
-965.76372
-965.76372
-965.76372
-965.76372
-965.76372
-965.76372
-965.76372
-965.76372
-965.76372
-965.76372
-965.76372
-965.76372
-965.76372
-965.76372
-965.76372
-965.76372
-965.76372
-965.76372
-965.76372
-965.76372
-965.76372
-965.76372
-965.76372
-965.76372
-965.76372
-965.76372
-965.76372
-965.76372
-965.76372
-965.76372
-965.76372
-965.76372
-965.76372
-965.76372
-965.76372
-965.76372
-965.76372
-965.76372
-965.76372
-965.76372
-965.76372
-965.76372
-965.76372
-965.76372
-965.76372
-965.76372
-965.76372
-965.76372
-965.76372
-965.76372
-965.76372
-965.76372
-965.76372
-965.76372
-965.76372
-965.76372
-965.76372
-965.76372
-965.76372
-965.76372
-965.76372
-965.76372
-965.76372
-965.76372
-965.76372
-965.76372
-965.76372
-965.76372
-965.76372
-965.76372
-965.76372
-965.76372
-965.76372
-965.76372
-965.76372
-965.76372
-965.76372
-965.76372
-965.76372
-965.76372
-965.76372
-965.76372
-965.76372
-965.76372
-965.76372
-965.76372
-965.76372
-965.76372
-965.76372
-965.76372
-965.76372
-965.76372
-965.76372
-965.76372
-965.76372
-965.76372
-965.76372
-965.76372
-965.76372
-965.76372
-965.76372
-965.76372
-965.76372
-965.76372
-965.76372
-965.76372
-965.76372
-965.76372
-965.76372
-965.76372
-965.76372
-965.76372
-965.76372
-965.76372
-965.76372
-965.76372
-965.76372
-965.76372
-965.76372
-965.76372
-965.76372
-965.76372
-965.76372
-965.76372
-965.76372
-965.76372
-965.76372
-965.76372
-965.76372
-965.76372
-965.76372
-965.76372
-965.76372
-965.76372
-965.76372
-965.76372
-965.76372
-965.76372
-965.76372
-965.76372
-965.76372
-965.76372
-965.76372
-965.76372
-965.76372
-965.76372
-965.76372
-965.76372
-965.76372
-965.76372
-965.76372
-965.76372
-965.76372
-965.76372
-965.76372
-965.76372
-965.76372
-965.76372
-965.76372
-965.76372
-965.76372
-965.76372
-965.76372
-965.76372
-965.76372
-965.76372
-965.76372
-965.76372
-965.76372
-965.76372
-965.76372
-965.76372
-965.76372
-965.76372
-965.76372
-965.76372
-965.76372
-965.76372
-965.76372
-965.76372
-965.76372
-965.76372
-965.76372
-965.76372
-965.76372
-965.76372
-965.76372
-965.76372
-965.76372
-965.76372
-965.76372
-965.76372
-965.76372
-965.76372
-965.76372
-965.76372
-965.76372
-965.76372
-965.76372
-965.76372
-965.76372
-965.76372
-965.76372
-965.76372
-965.76372
-965.76372
-965.76372
-965.76372
-965.76372
-965.76372
-965.76372
-965.76372
-965.76372
-965.76372
-965.76372
-965.76372
-965.76372
-965.76372
-965.76372
-965.76372
-965.76372
-965.76372
-965.76372
-965.76372
-965.76372
-965.76372
-965.76372
-965.76372
-965.76372
-965.76372
-965.76372
-965.76372
-965.76372
-965.76372
-965.76372
-965.76372
-965.76372
-965.76372
-965.76372
-965.76372
-965.76372
-965.76372
-965.76372
-965.76372
-965.76372
-965.76372
-965.76372
-965.76372
-965.76372
-965.76372
-965.76372
-965.76372
-965.76372
-965.76372
-965.76372
-965.76372
-965.76372
-965.76372
-965.76372
-965.76372
-965.76372
-965.76372
-965.76372
-965.76372
-965.76372
-965.76372
-965.76372
-965.76372
-965.76372
-965.76372
-965.76372
-965.76372
-965.76372
-965.76372
-965.76372
-965.76372
-965.76372
-965.76372
-965.76372
-965.76372
-965.76372
-965.76372
-965.76372
-965.76372
-965.76372
-965.76372
-965.76372
-965.76372
-965.76372
-965.76372
-965.76372
-965.76372
-965.76372
-965.76372
-965.76372
-965.76372
-965.76372
-965.76372
-965.76372
-965.76372
-965.76372
-965.76372
-965.76372
-965.76372
-965.76372
-965.76372
-965.76372
-965.76372
-965.76372
-965.76372
-965.76372
-965.76372
-965.76372
-965.76372
-965.76372
-965.76372
-965.76372
-965.76372
-965.76372
-965.76372
-965.76372
-965.76372
-965.76372
-965.76372
-965.76372
-965.76372
-965.76372
-965.76372
-965.76372
-965.76372
-965.76372
-965.76372
-965.76372
-965.76372
-965.76372
-965.76372
-965.76372
-965.76372
-965.76372
-965.76372
-965.76372
-965.76372
-965.76372
-965.76372
-965.76372
-965.76372
-965.76372
-965.76372
-965.76372
-965.76372
-965.76372
-965.76372
-965.76372
-965.76372
-965.76372
-965.76372
-965.76372
-965.76372
-965.76372
-965.76372
-965.76372
-965.76372
-965.76372
-965.76372
-965.76372
-965.76372
-965.76372
-965.76372
-965.76372
-965.76372
-965.76372
-965.76372
-965.76372
-965.76372
-965.76372
-965.76372
-965.76372
-965.76372
-965.76372
-965.76372
-965.76372
-965.76372
-965.76372
-965.76372
-965.76372
-965.76372
-965.76372
-965.76372
-965.76372
-965.76372
-965.76372
-965.76372
-965.76372
-965.76372
-965.76372
-965.76372
-965.76372
-965.76372
-965.76372
-965.76372
-965.76372
-965.76372
-965.76372
-965.76372
-965.76372
-965.76372
-965.76372
-965.76372
-965.76372
-965.76372
-965.76372
-965.76372
-965.76372
-965.76372
-965.76372
-965.76372
-965.76372
-965.76372
-965.76372
-965.76372
-965.76372
-965.76372
-965.76372
-965.76372
-965.76372
-965.76372
-965.76372
-965.76372
-965.76372
-965.76372
-965.76372
-965.76372
-965.76372
-965.76372
-965.76372
-965.76372
-965.76372
-965.76372
-965.76372
-965.76372
-965.76372
-965.76372
-965.76372
-965.76372
-965.76372
-965.76372
-965.76372
-965.76372
-965.76372
-965.76372
-965.76372
-965.76372
-965.76372
-965.76372
-965.76372
-965.76372
-965.76372
-965.76372
-965.76372
-965.76372
-965.76372
-965.76372
-965.76372
-965.76372
-965.76372
-965.76372
-965.76372
-965.76372
-965.76372
-965.76372
-965.76372
-965.76372
-965.76372
-965.76372
-965.76372
-965.76372
-965.76372
-965.76372
-965.76372
-965.76372
-965.76372
-965.76372
-965.76372
-965.76372
-965.76372
-965.76372
-965.76372
-965.76372
-965.76372
-965.76372
-965.76372
-965.76372
-965.76372
-965.76372
-965.76372
-965.76372
-965.76372
-965.76372
-965.76372
-965.76372
-965.76372
-965.76372
-965.76372
-965.76372
-965.76372
-965.76372
-965.76372
-965.76372
-965.76372
-965.76372
-965.76372
-965.76372
-965.76372
-965.76372
-965.76372
-965.76372
-965.76372
-965.76372
-965.76372
-965.76372
-965.76372
-965.76372
-965.76372
-965.76372
-965.76372
-965.76372
-965.76372
-965.76372
-965.76372
-965.76372
-965.76372
-965.76372
-965.76372
-965.76372
-965.76372
-965.76372
-965.76372
-965.76372
-965.76372
-965.76372
-965.76372
-965.76372
-965.76372
-965.76372
-965.76372
-965.76372
-965.76372
-965.76372
-965.76372
-965.76372
-965.76372
-965.76372
-965.76372
-965.76372
-965.76372
-965.76372
-965.76372
-965.76372
-965.76372
-965.76372
-965.76372
-965.76372
-965.76372
-965.76372
-965.76372
-965.76372
-965.76372
-965.76372
-965.76372
-965.76372
-965.76372
-965.76372
-965.76372
-965.76372
-965.76372
-965.76372
-965.76372
-965.76372
-965.76372
-965.76372
-965.76372
-965.76372
-965.76372
-965.76372
-965.76372
-965.76372
-965.76372
-965.76372
-965.76372
-965.76372
-965.76372
-965.76372
-965.76372
-965.76372
-965.76372
-965.76372
-965.76372
-965.76372
-965.76372
-965.76372
-965.76372
-965.76372
-965.76372
-965.76372
-965.76372
-965.76372
-965.76372
-965.76372
-965.76372
-965.76372
-965.76372
-965.76372
-965.76372
-965.76372
-965.76372
-965.76372
-965.76372
-965.76372
-965.76372
-965.76372
-965.76372
-965.76372
-965.76372
-965.76372
-965.76372
-965.76372
-965.76372
-965.76372
-965.76372
-965.76372
-965.76372
-965.76372
-965.76372
-965.76372
-965.76372
-965.76372
-965.76372
-965.76372
-965.76372
-965.76372
-965.76372
-965.76372
-965.76372
-965.76372
-965.76372
-965.76372
-965.76372
-965.76372
-965.76372
-965.76372
-965.76372
-965.76372
-965.76372
-965.76372
-965.76372
-965.76372
-965.76372
-965.76372
-965.76372
-965.76372
-965.76372
-965.76372
-965.76372
-965.76372
-965.76372
-965.76372
-965.76372
-965.76372
-965.76372
-965.76372
-965.76372
-965.76372
-965.76372
-965.76372
-965.76372
-965.76372
-965.76372
-965.76372
-965.76372
-965.76372
-965.76372
-965.76372
-965.76372
-965.76372
-965.76372
-965.76372
-965.76372
-965.76372
-965.76372
-965.76372
-965.76372
-965.76372
-965.76372
-965.76372
-965.76372
-965.76372
-965.76372
-965.76372
-965.76372
-965.76372
-965.76372
-965.76372
-965.76372
-965.76372
-965.76372
-965.76372
-965.76372
-965.76372
-965.76372
-965.76372
-965.76372
-965.76372
-965.76372
-965.76372
-965.76372
-965.76372
-965.76372
-965.76372
-965.76372
-965.76372
-965.76372
-965.76372
-965.76372
-965.76372
-965.76372
-965.76372
-965.76372
-965.76372
-965.76372
-965.76372
-965.76372
-965.76372
-965.76372
-965.76372
-965.76372
-965.76372
-965.76372
-965.76372
-965.76372
-965.76372
-965.76372
-965.76372
-965.76372
-965.76372
-965.76372
-965.76372
-965.76372
-965.76372
-965.76372
-965.76372
-965.76372
-965.76372
-965.76372
-965.76372
-965.76372
-965.76372
-965.76372
-965.76372
-965.76372
-965.76372
-965.76372
-965.76372
-965.76372
-965.76372
-965.76372
-965.76372
-965.76372
-965.76372
-965.76372
-965.76372
-965.76372
-965.76372
-965.76372
-965.76372
-965.76372
-965.76372
-965.76372
-965.76372
-965.76372
-965.76372
-965.76372
-965.76372
-965.76372
-965.76372
-965.76372
-965.76372
-965.76372
-965.76372
-965.76372
-965.76372
-965.76372
-965.76372
-965.76372
-965.76372
-965.76372
-965.76372
-965.76372
-965.76372
-965.76372
-965.76372
-965.76372
-965.76372
-965.76372
-965.76372
-965.76372
-965.76372
-965.76372
-965.76372
-965.76372
-965.76372
-965.76372
-965.76372
-965.76372
-965.76372
-965.76372
-965.76372
-965.76372
-965.76372
-965.76372
-965.76372
-965.76372
-965.76372
-965.76372
-965.76372
-965.76372
-965.76372
-965.76372
-965.76372
-965.76372
-965.76372
-965.76372
-965.76372
-965.76372
-965.76372
-965.76372
-965.76372
-965.76372
-965.76372
-965.76372
-965.76372
-965.76372
-965.76372
-965.76372
-965.76372
-965.76372
-965.76372
-965.76372
-965.76372
-965.76372
-965.76372
-965.76372
-965.76372
-965.76372
-965.76372
-965.76372
-965.76372
-965.76372
-965.76372
-965.76372
-965.76372
-965.76372
-965.76372
-965.76372
-965.76372
-965.76372
-965.76372
-965.76372
-965.76372
-965.76372
-965.76372
-965.76372
-965.76372
-965.76372
-965.76372
-965.76372
-965.76372
-965.76372
-965.76372
-965.76372
-965.76372
-965.76372
-965.76372
-965.76372
-965.76372
-965.76372
-965.76372
-965.76372
-965.76372
-965.76372
-965.76372
-965.76372
-965.76372
-965.76372
-965.76372
-965.76372
-965.76372
-965.76372
-965.76372
-965.76372
-965.76372
-965.76372
-965.76372
-965.76372
-965.76372
-965.76372
-965.76372
-965.76372
-965.76372
-965.76372
-965.76372
-965.76372
-965.76372
-965.76372
-965.76372
-965.76372
-965.76372
-965.76372
-965.76372
-965.76372
-965.76372
-965.76372
-965.76372
-965.76372
-965.76372
-965.76372
-965.76372
-965.76372
-965.76372
-965.76372
-965.76372
-965.76372
-965.76372
-965.76372
-965.76372
-965.76372
-965.76372
-965.76372
-965.76372
-965.76372
-965.76372
-965.76372
-965.76372
-965.76372
-965.76372
-965.76372
-965.76372
-965.76372
-965.76372
-965.76372
-965.76372
-965.76372
-965.76372
-965.76372
-965.76372
-965.76372
-965.76372
-965.76372
-965.76372
-965.76372
-965.76372
-965.76372
-965.76372
-965.76372
-965.76372
-965.76372
-965.76372
-965.76372
-965.76372
-965.76372
-965.76372
-965.76372
-965.76372
-965.76372
-965.76372
-965.76372
-965.76372
-965.76372
-965.76372
-965.76372
-965.76372
-965.76372
-965.76372
-965.76372
-965.76372
-965.76372
-965.76372
-965.76372
-965.76372
-965.76372
-965.76372
-965.76372
-965.76372
-965.76372
-965.76372
-965.76372
-965.76372
-965.76372
-965.76372
-965.76372
-965.76372
-965.76372
-965.76372
-965.76372
-965.76372
-965.76372
-965.76372
-965.76372
-965.76372
-965.76372
-965.76372
-965.76372
-965.76372
-965.76372
-965.76372
-965.76372
-965.76372
-965.76372
-965.76372
-965.76372
-965.76372
-965.76372
-965.76372
-965.76372
-965.76372
-965.76372
-965.76372
-965.76372
-965.76372
-965.76372
-965.76372
-965.76372
-965.76372
-965.76372
-965.76372
-965.76372
-965.76372
-965.76372
-965.76372
-965.76372
-965.76372
-965.76372
-965.76372
-965.76372
-965.76372
-965.76372
-965.76372
-965.76372
-965.76372
-965.76372
-965.76372
-965.76372
-965.76372
-965.76372
-965.76372
-965.76372
-965.76372
-965.76372
-965.76372
-965.76372
-965.76372
-965.76372
-965.76372
-965.76372
-965.76372
-965.76372
-965.76372
-965.76372
-965.76372
-965.76372
-965.76372
-965.76372
-965.76372
-965.76372
-965.76372
-965.76372
-965.76372
-965.76372
-965.76372
-965.76372
-965.76372
-965.76372
-965.76372
-965.76372
-965.76372
-965.76372
-965.76372
-965.76372
-965.76372
-965.76372
-965.76372
-965.76372
-965.76372
-965.76372
-965.76372
-965.76372
-965.76372
-965.76372
-965.76372
-965.76372
-965.76372
-965.76372
-965.76372
-965.76372
-965.76372
-965.76372
-965.76372
-965.76372
-965.76372
-965.76372
-965.76372
-965.76372
-965.76372
-965.76372
-965.76372
-965.76372
-965.76372
-965.76372
-965.76372
-965.76372
-965.76372
-965.76372
-965.76372
-965.76372
-965.76372
-965.76372
-965.76372
-965.76372
-965.76372
-965.76372
-965.76372
-965.76372
-965.76372
-965.76372
-965.76372
-965.76372
-965.76372
-965.76372
-965.76372
-965.76372
-965.76372
-965.76372
-965.76372
-965.76372
-965.76372
-965.76372
-965.76372
-965.76372
-965.76372
-965.76372
-965.76372
-965.76372
-965.76372
-965.76372
-965.76372
-965.76372
-965.76372
-965.76372
-965.76372
-965.76372
-965.76372
-965.76372
-965.76372
-965.76372
-965.76372
-965.76372
-965.76372
-965.76372
-965.76372
-965.76372
-965.76372
-965.76372
-965.76372
-965.76372
-965.76372
-965.76372
-965.76372
-965.76372
-965.76372
-965.76372
-965.76372
-965.76372
-965.76372
-965.76372
-965.76372
-965.76372
-965.76372
-965.76372
-965.76372
-965.76372
-965.76372
-965.76372
-965.76372
-965.76372
-965.76372
-965.76372
-965.76372
-965.76372
-965.76372
-965.76372
-965.76372
-965.76372
-965.76372
-965.76372
-965.76372
-965.76372
-965.76372
-965.76372
-965.76372
-965.76372
-965.76372
-965.76372
-965.76372
-965.76372
-965.76372
-965.76372
-965.76372
-965.76372
-965.76372
-965.76372
-965.76372
-965.76372
-965.76372
-965.76372
-965.76372
-965.76372
-965.76372
-965.76372
-965.76372
-965.76372
-965.76372
-965.76372
-965.76372
-965.76372
-965.76372
-965.76372
-965.76372
-965.76372
-965.76372
-965.76372
-965.76372
-965.76372
-965.76372
-965.76372
-965.76372
-965.76372
-965.76372
-965.76372
-965.76372
-965.76372
-965.76372
-965.76372
-965.76372
-965.76372
-965.76372
-965.76372
-965.76372
-965.76372
-965.76372
-965.76372
-965.76372
-965.76372
-965.76372
-965.76372
-965.76372
-965.76372
-965.76372
-965.76372
-965.76372
-965.76372
-965.76372
-965.76372
-965.76372
-965.76372
-965.76372
-965.76372
-965.76372
-965.76372
-965.76372
-965.76372
-965.76372
-965.76372
-965.76372
-965.76372
-965.76372
-965.76372
-965.76372
-965.76372
-965.76372
-965.76372
-965.76372
-965.76372
-965.76372
-965.76372
-965.76372
-965.76372
-965.76372
-965.76372
-965.76372
-965.76372
-965.76372
-965.76372
-965.76372
-965.76372
-965.76372
-965.76372
-965.76372
-965.76372
-965.76372
-965.76372
-965.76372
-965.76372
-965.76372
-965.76372
-965.76372
-965.76372
-965.76372
-965.76372
-965.76372
-965.76372
-965.76372
-965.76372
-965.76372
-965.76372
-965.76372
-965.76372
-965.76372
-965.76372
-965.76372
-965.76372
-965.76372
-965.76372
-965.76372
-965.76372
-965.76372
-965.76372
-965.76372
-965.76372
-965.76372
-965.76372
-965.76372
-965.76372
-965.76372
-965.76372
-965.76372
-965.76372
-965.76372
-965.76372
-965.76372
-965.76372
-965.76372
-965.76372
-965.76372
-965.76372
-965.76372
-965.76372
-965.76372
-965.76372
-965.76372
-965.76372
-965.76372
-965.76372
-965.76372
-965.76372
-965.76372
-965.76372
-965.76372
-965.76372
-965.76372
-965.76372
-965.76372
-965.76372
-965.76372
-965.76372
-965.76372
-965.76372
-965.76372
-965.76372
-965.76372
-965.76372
-965.76372
-965.76372
-965.76372
-965.76372
-965.76372
-965.76372
-965.76372
-965.76372
-965.76372
-965.76372
-965.76372
-965.76372
-965.76372
-965.76372
-965.76372
-965.76372
-965.76372
-965.76372
-965.76372
-965.76372
-965.76372
-965.76372
-965.76372
-965.76372
-965.76372
-965.76372
-965.76372
-965.76372
-965.76372
-965.76372
-965.76372
-965.76372
-965.76372
-965.76372
-965.76372
-965.76372
-965.76372
-965.76372
-965.76372
-965.76372
-965.76372
-965.76372
-965.76372
-965.76372
-965.76372
-965.76372
-965.76372
-965.76372
-965.76372
-965.76372
-965.76372
-965.76372
-965.76372
-965.76372
-965.76372
-965.76372
-965.76372
-965.76372
-965.76372
-965.76372
-965.76372
-965.76372
-965.76372
-965.76372
-965.76372
-965.76372
-965.76372
-965.76372
-965.76372
-965.76372
-965.76372
-965.76372
-965.76372
-965.76372
-965.76372
-965.76372
-965.76372
-965.76372
-965.76372
-965.76372
-965.76372
-965.76372
-965.76372
-965.76372
-965.76372
-965.76372
-965.76372
-965.76372
-965.76372
-965.76372
-965.76372
-965.76372
-965.76372
-965.76372
-965.76372
-965.76372
-965.76372
-965.76372
-965.76372
-965.76372
-965.76372
-965.76372
-965.76372
-965.76372
-965.76372
-965.76372
-965.76372
-965.76372
-965.76372
-965.76372
-965.76372
-965.76372
-965.76372
-965.76372
-965.76372
-965.76372
-965.76372
-965.76372
-965.76372
-965.76372
-965.76372
-965.76372
-965.76372
-965.76372
-965.76372
-965.76372
-965.76372
-965.76372
-965.76372
-965.76372
-965.76372
-965.76372
-965.76372
-965.76372
-965.76372
-965.76372
-965.76372
-965.76372
-965.76372
-965.76372
-965.76372
-965.76372
-965.76372
-965.76372
-965.76372
-965.76372
-965.76372
-965.76372
-965.76372
-965.76372
-965.76372
-965.76372
-965.76372
-965.76372
-965.76372
-965.76372
-965.76372
-965.76372
-965.76372
-965.76372
-965.76372
-965.76372
-965.76372
-965.76372
-965.76372
-965.76372
-965.76372
-965.76372
-965.76372
-965.76372
-965.76372
-965.76372
-965.76372
-965.76372
-965.76372
-965.76372
-965.76372
-965.76372
-965.76372
-965.76372
-965.76372
-965.76372
-965.76372
-965.76372
-965.76372
-965.76372
-965.76372
-965.76372
-965.76372
-965.76372
-965.76372
-965.76372
-965.76372
-965.76372
-965.76372
-965.76372
-965.76372
-965.76372
-965.76372
-965.76372
-965.76372
-965.76372
-965.76372
-965.76372
-965.76372
-965.76372
-965.76372
-965.76372
-965.76372
-965.76372
-965.76372
-965.76372
-965.76372
-965.76372
-965.76372
-965.76372
-965.76372
-965.76372
-965.76372
-965.76372
-965.76372
-965.76372
-965.76372
-965.76372
-965.76372
-965.76372
-965.76372
-965.76372
-965.76372
-965.76372
-965.76372
-965.76372
-965.76372
-965.76372
-965.76372
-965.76372
-965.76372
-965.76372
-965.76372
-965.76372
-965.76372
-965.76372
-965.76372
-965.76372
-965.76372
-965.76372
-965.76372
-965.76372
-965.76372
-965.76372
-965.76372
-965.76372
-965.76372
-965.76372
-965.76372
-965.76372
-965.76372
-965.76372
-965.76372
-965.76372
-965.76372
-965.76372
-965.76372
-965.76372
-965.76372
-965.76372
-965.76372
-965.76372
-965.76372
-965.76372
-965.76372
-965.76372
-965.76372
-965.76372
-965.76372
-965.76372
-965.76372
-965.76372
-965.76372
-965.76372
-965.76372
-965.76372
-965.76372
-965.76372
-965.76372
-965.76372
-965.76372
-965.76372
-965.76372
-965.76372
-965.76372
-965.76372
-965.76372
-965.76372
-965.76372
-965.76372
-965.76372
-965.76372
-965.76372
-965.76372
-965.76372
-965.76372
-965.76372
-965.76372
-965.76372
-965.76372
-965.76372
-965.76372
-965.76372
-965.76372
-965.76372
-965.76372
-965.76372
-965.76372
-965.76372
-965.76372
-965.76372
-965.76372
-965.76372
-965.76372
-965.76372
-965.76372
-965.76372
-965.76372
-965.76372
-965.76372
-965.76372
-965.76372
-965.76372
-965.76372
-965.76372
-965.76372
-965.76372
-965.76372
-965.76372
-965.76372
-965.76372
-965.76372
-965.76372
-965.76372
-965.76372
-965.76372
-965.76372
-965.76372
-965.76372
-965.76372
-965.76372
-965.76372
-965.76372
-965.76372
-965.76372
-965.76372
-965.76372
-965.76372
-965.76372
-965.76372
-965.76372
-965.76372
-965.76372
-965.76372
-965.76372
-965.76372
-965.76372
-965.76372
-965.76372
-965.76372
-965.76372
-965.76372
-965.76372
-965.76372
-965.76372
-965.76372
-965.76372
-965.76372
-965.76372
-965.76372
-965.76372
-965.76372
-965.76372
-965.76372
-965.76372
-965.76372
-965.76372
-965.76372
-965.76372
-965.76372
-965.76372
-965.76372
-965.76372
-965.76372
-965.76372
-965.76372
-965.76372
-965.76372
-965.76372
-965.76372
-965.76372
-965.76372
-965.76372
-965.76372
-965.76372
-965.76372
-965.76372
-965.76372
-965.76372
-965.76372
-965.76372
-965.76372
-965.76372
-965.76372
-965.76372
-965.76372
-965.76372
-965.76372
-965.76372
-965.76372
-965.76372
-965.76372
-965.76372
-965.76372
-965.76372
-965.76372
-965.76372
-965.76372
-965.76372
-965.76372
-965.76372
-965.76372
-965.76372
-965.76372
-965.76372
-965.76372
-965.76372
-965.76372
-965.76372
-965.76372
-965.76372
-965.76372
-965.76372
-965.76372
-965.76372
-965.76372
-965.76372
-965.76372
-965.76372
-965.76372
-965.76372
-965.76372
-965.76372
-965.76372
-965.76372
-965.76372
-965.76372
-965.76372
-965.76372
-965.76372
-965.76372
-965.76372
-965.76372
-965.76372
-965.76372
-965.76372
-965.76372
-965.76372
-965.76372
-965.76372
-965.76372
-965.76372
-965.76372
-965.76372
-965.76372
-965.76372
-965.76372
-965.76372
-965.76372
-965.76372
-965.76372
-965.76372
-965.76372
-965.76372
-965.76372
-965.76372
-965.76372
-965.76372
-965.76372
-965.76372
-965.76372
-965.76372
-965.76372
-965.76372
-965.76372
-965.76372
-965.76372
-965.76372
-965.76372
-965.76372
-965.76372
-965.76372
-965.76372
-965.76372
-965.76372
-965.76372
-965.76372
-965.76372
-965.76372
-965.76372
-965.76372
-965.76372
-965.76372
-965.76372
-965.76372
-965.76372
-965.76372
-965.76372
-965.76372
-965.76372
-965.76372
-965.76372
-965.76372
-965.76372
-965.76372
-965.76372
-965.76372
-965.76372
-965.76372
-965.76372
-965.76372
-965.76372
-965.76372
-965.76372
-965.76372
-965.76372
-965.76372
-965.76372
-965.76372
-965.76372
-965.76372
-965.76372
-965.76372
-965.76372
-965.76372
-965.76372
-965.76372
-965.76372
-965.76372
-965.76372
-965.76372
-965.76372
-965.76372
-965.76372
-965.76372
-965.76372
-965.76372
-965.76372
-965.76372
-965.76372
-965.76372
-965.76372
-965.76372
-965.76372
-965.76372
-965.76372
-965.76372
-965.76372
-965.76372
-965.76372
-965.76372
-965.76372
-965.76372
-965.76372
-965.76372
-965.76372
-965.76372
-965.76372
-965.76372
-965.76372
-965.76372
-965.76372
-965.76372
-965.76372
-965.76372
-965.76372
-965.76372
-965.76372
-965.76372
-965.76372
-965.76372
-965.76372
-965.76372
-965.76372
-965.76372
-965.76372
-965.76372
-965.76372
-965.76372
-965.76372
-965.76372
-965.76372
-965.76372
-965.76372
-965.76372
-965.76372
-965.76372
-965.76372
-965.76372
-965.76372
-965.76372
-965.76372
-965.76372
-965.76372
-965.76372
-965.76372
-965.76372
-965.76372
-965.76372
-965.76372
-965.76372
-965.76372
-965.76372
-965.76372
-965.76372
-965.76372
-965.76372
-965.76372
-965.76372
-965.76372
-965.76372
-965.76372
-965.76372
-965.76372
-965.76372
-965.76372
-965.76372
-965.76372
-965.76372
-965.76372
-965.76372
-965.76372
-965.76372
-965.76372
-965.76372
-965.76372
-965.76372
-965.76372
-965.76372
-965.76372
-965.76372
-965.76372
-965.76372
-965.76372
-965.76372
-965.76372
-965.76372
-965.76372
-965.76372
-965.76372
-965.76372
-965.76372
-965.76372
-965.76372
-965.76372
-965.76372
-965.76372
-965.76372
-965.76372
-965.76372
-965.76372
-965.76372
-965.76372
-965.76372
-965.76372
-965.76372
-965.76372
-965.76372
-965.76372
-965.76372
-965.76372
-965.76372
-965.76372
-965.76372
-965.76372
-965.76372
-965.76372
-965.76372
-965.76372
-965.76372
-965.76372
-965.76372
-965.76372
-965.76372
-965.76372
-965.76372
-965.76372
-965.76372
-965.76372
-965.76372
-965.76372
-965.76372
-965.76372
-965.76372
-965.76372
-965.76372
-965.76372
-965.76372
-965.76372
-965.76372
-965.76372
-965.76372
-965.76372
-965.76372
-965.76372
-965.76372
-965.76372
-965.76372
-965.76372
-965.76372
-965.76372
-965.76372
-965.76372
-965.76372
-965.76372
-965.76372
-965.76372
-965.76372
-965.76372
-965.76372
-965.76372
-965.76372
-965.76372
-965.76372
-965.76372
-965.76372
-965.76372
-965.76372
-965.76372
-965.76372
-965.76372
-965.76372
-965.76372
-965.76372
-965.76372
-965.76372
-965.76372
-965.76372
-965.76372
-965.76372
-965.76372
-965.76372
-965.76372
-965.76372
-965.76372
-965.76372
-965.76372
-965.76372
-965.76372
-965.76372
-965.76372
-965.76372
-965.76372
-965.76372
-965.76372
-965.76372
-965.76372
-965.76372
-965.76372
-965.76372
-965.76372
-965.76372
-965.76372
-965.76372
-965.76372
-965.76372
-965.76372
-965.76372
-965.76372
-965.76372
-965.76372
-965.76372
-965.76372
-965.76372
-965.76372
-965.76372
-965.76372
-965.76372
-965.76372
-965.76372
-965.76372
-965.76372
-965.76372
-965.76372
-965.76372
-965.76372
-965.76372
-965.76372
-965.76372
-965.76372
-965.76372
-965.76372
-965.76372
-965.76372
-965.76372
-965.76372
-965.76372
-965.76372
-965.76372
-965.76372
-965.76372
-965.76372
-965.76372
-965.76372
-965.76372
-965.76372
-965.76372
-965.76372
-965.76372
-965.76372
-965.76372
-965.76372
-965.76372
-965.76372
-965.76372
-965.76372
-965.76372
-965.76372
-965.76372
-965.76372
-965.76372
-965.76372
-965.76372
-965.76372
-965.76372
-965.76372
-965.76372
-965.76372
-965.76372
-965.76372
-965.76372
-965.76372
-965.76372
-965.76372
-965.76372
-965.76372
-965.76372
-965.76372
-965.76372
-965.76372
-965.76372
-965.76372
-965.76372
-965.76372
-965.76372
-965.76372
-965.76372
-965.76372
-965.76372
-965.76372
-965.76372
-965.76372
-965.76372
-965.76372
-965.76372
-965.76372
-965.76372
-965.76372
-965.76372
-965.76372
-965.76372
-965.76372
-965.76372
-965.76372
-965.76372
-965.76372
-965.76372
-965.76372
-965.76372
-965.76372
-965.76372
-965.76372
-965.76372
-965.76372
-965.76372
-965.76372
-965.76372
-965.76372
-965.76372
-965.76372
-965.76372
-965.76372
-965.76372
-965.76372
-965.76372
-965.76372
-965.76372
-965.76372
-965.76372
-965.76372
-965.76372
-965.76372
-965.76372
-965.76372
-965.76372
-965.76372
-965.76372
-965.76372
-965.76372
-965.76372
-965.76372
-965.76372
-965.76372
-965.76372
-965.76372
-965.76372
-965.76372
-965.76372
-965.76372
-965.76372
-965.76372
-965.76372
-965.76372
-965.76372
-965.76372
-965.76372
-965.76372
-965.76372
-965.76372
-965.76372
-965.76372
-965.76372
-965.76372
-965.76372
-965.76372
-965.76372
-965.76372
-965.76372
-965.76372
-965.76372
-965.76372
-965.76372
-965.76372
-965.76372
-965.76372
-965.76372
-965.76372
-965.76372
-965.76372
-965.76372
-965.76372
-965.76372
-965.76372
-965.76372
-965.76372
-965.76372
-965.76372
-965.76372
-965.76372
-965.76372
-965.76372
-965.76372
-965.76372
-965.76372
-965.76372
-965.76372
-965.76372
-965.76372
-965.76372
-965.76372
-965.76372
-965.76372
-965.76372
-965.76372
-965.76372
-965.76372
-965.76372
-965.76372
-965.76372
-965.76372
-965.76372
-965.76372
-965.76372
-965.76372
-965.76372
-965.76372
-965.76372
-965.76372
-965.76372
-965.76372
-965.76372
-965.76372
-965.76372
-965.76372
-965.76372
-965.76372
-965.76372
-965.76372
-965.76372
-965.76372
-965.76372
-965.76372
-965.76372
-965.76372
-965.76372
-965.76372
-965.76372
-965.76372
-965.76372
-965.76372
-965.76372
-965.76372
-965.76372
-965.76372
-965.76372
-965.76372
-965.76372
-965.76372
-965.76372
-965.76372
-965.76372
-965.76372
-965.76372
-965.76372
-965.76372
-965.76372
-965.76372
-965.76372
-965.76372
-965.76372
-965.76372
-965.76372
-965.76372
-965.76372
-965.76372
-965.76372
-965.76372
-965.76372
-965.76372
-965.76372
-965.76372
-965.76372
-965.76372
-965.76372
-965.76372
-965.76372
-965.76372
-965.76372
-965.76372
-965.76372
-965.76372
-965.76372
-965.76372
-965.76372
-965.76372
-965.76372
-965.76372
-965.76372
-965.76372
-965.76372
-965.76372
-965.76372
-965.76372
-965.76372
-965.76372
-965.76372
-965.76372
-965.76372
-965.76372
-965.76372
-965.76372
-965.76372
-965.76372
-965.76372
-965.76372
-965.76372
-965.76372
-965.76372
-965.76372
-965.76372
-965.76372
-965.76372
-965.76372
-965.76372
-965.76372
-965.76372
-965.76372
-965.76372
-965.76372
-965.76372
-965.76372
-965.76372
-965.76372
-965.76372
-965.76372
-965.76372
-965.76372
-965.76372
-965.76372
-965.76372
-965.76372
-965.76372
-965.76372
-965.76372
-965.76372
-965.76372
-965.76372
-965.76372
-965.76372
-965.76372
-965.76372
-965.76372
-965.76372
-965.76372
-965.76372
-965.76372
-965.76372
-965.76372
-965.76372
-965.76372
-965.76372
