0.47939615
0.82055273
0.65056269
0.11729395
-0.50596112
-1.0125955
-1.0915983
-1.0515864
-1.0345908
-1.0923242
-1.2767513
-1.5071923
-1.6916218
-1.8124865
-1.907332
-2.0050712
-2.0990644
-2.1621408
-2.1855393
-2.2087917
-2.242612
-2.2902616
-2.34583
-2.401849
-2.4533275
-2.4952324
-2.5315092
-2.5643184
-2.5836597
-2.593177
-2.5993576
-2.6050764
-2.6148362
-2.6297867
-2.6489882
-2.6707369
-2.6926272
-2.7119944
-2.7254701
-2.7343683
-2.7403467
-2.743541
-2.744311
-2.7445035
-2.7469611
-2.7516764
-2.7584475
-2.766924
-2.7765219
-2.7866107
-2.7955358
-2.8030215
-2.8090403
-2.8118876
-2.8118947
-2.8111706
-2.8113935
-2.8117822
-2.8132758
-2.815981
-2.8197217
-2.823894
-2.8282502
-2.8315646
-2.8332893
-2.8343135
-2.8353125
-2.835784
-2.8360424
-2.835745
-2.8357134
-2.8361414
-2.8373713
-2.8392982
-2.841711
-2.8436049
-2.8451661
-2.8467655
-2.848251
-2.8488491
-2.8491579
-2.849193
-2.8489485
-2.8487561
-2.8489602
-2.8495756
-2.8505578
-2.8517684
-2.8529316
-2.853485
-2.8535541
-2.8534957
-2.8535084
-2.8533314
-2.8533669
-2.8535728
-2.8538634
-2.8541623
-2.8545336
-2.8551038
-2.855795
-2.8563195
-2.8565141
-2.8567464
-2.8568394
-2.8568718
-2.8569339
-2.8569946
-2.8569961
-2.8569982
-2.8571169
-2.8573685
-2.8577378
-2.8581904
-2.8586797
-2.8589968
-2.8588498
-2.8586351
-2.8584016
-2.8582619
-2.8582223
-2.8582834
-2.8584323
-2.8586548
-2.8588969
-2.8591506
-2.8594137
-2.859434
-2.8592265
-2.8590183
-2.858807
-2.8585259
-2.858301
-2.8581581
-2.8581358
-2.858204
-2.8583752
-2.858623
-2.8589342
-2.8592672
-2.8596208
-2.8599785
-2.8601102
-2.8600675
-2.8598683
-2.8596725
-2.8595263
-2.8594343
-2.8593982
-2.8594173
-2.8594885
-2.8596063
-2.859763
-2.8599491
-2.8601533
-2.8603589
-2.860485
-2.8604689
-2.8603799
-2.8602662
-2.8601628
-2.860073
-2.8599934
-2.8599528
-2.8599541
-2.8599941
-2.8600672
-2.8601608
-2.8602745
-2.8603863
-2.8604513
-2.8604618
-2.8604493
-2.8604391
-2.8604406
-2.8604222
-2.8603939
-2.8603828
-2.8603854
-2.8604056
-2.8604412
-2.8604887
-2.8605434
-2.8605976
-2.8606431
-2.8606566
-2.8606477
-2.8606315
-2.8606195
-2.8606083
-2.8605926
-2.8605801
-2.8605694
-2.8605649
-2.8605717
-2.8605887
-2.8606137
-2.860635
-2.8606482
-2.8606597
-2.8606668
-2.8606676
-2.8606696
-2.8606713
-2.8606776
-2.8606867
-2.8606924
-2.8606959
-2.8607023
-2.8607125
-2.8607252
-2.8607388
-2.8607518
-2.8607547
-2.8607519
-2.8607484
-2.8607454
-2.8607416
-2.8607401
-2.8607412
-2.8607416
-2.8607416
-2.8607445
-2.8607505
-2.8607574
-2.8607618
-2.8607639
-2.8607667
-2.8607689
-2.8607675
-2.8607645
-2.8607628
-2.8607629
-2.8607651
-2.8607693
-2.8607747
-2.8607798
-2.8607854
-2.8607919
-2.8607967
-2.8608014
-2.8608039
-2.8608024
-2.8607996
-2.8607968
-2.8607945
-2.8607927
-2.8607919
-2.8607921
-2.8607937
-2.8607961
-2.860799
-2.8608024
-2.8608064
-2.8608098
-2.8608105
-2.8608104
-2.8608088
-2.8608063
-2.8608037
-2.860802
-2.8608013
-2.8608016
-2.8608029
-2.8608049
-2.8608077
-2.860811
-2.8608144
-2.8608178
-2.8608203
-2.8608202
-2.8608189
-2.8608173
-2.8608158
-2.8608143
-2.8608133
-2.8608128
-2.8608129
-2.8608136
-2.8608148
-2.8608165
-2.8608185
-2.8608205
-2.8608223
-2.8608233
-2.8608225
-2.8608211
-2.8608197
-2.8608184
-2.8608176
-2.8608171
-2.860817
-2.8608174
-2.860818
-2.860819
-2.8608203
-2.8608217
-2.8608232
-2.8608245
-2.8608246
-2.8608242
-2.8608234
-2.8608227
-2.860822
-2.8608216
-2.8608213
-2.8608214
-2.8608217
-2.8608222
-2.8608229
-2.8608237
-2.8608245
-2.8608253
-2.8608257
-2.8608255
-2.8608249
-2.8608244
-2.8608239
-2.8608235
-2.8608232
-2.8608231
-2.8608232
-2.8608235
-2.8608238
-2.8608243
-2.8608249
-2.8608255
-2.8608259
-2.860826
-2.8608257
-2.8608254
-2.8608251
-2.8608249
-2.8608248
-2.8608247
