6.28268108e-01
5.16394704e-01
4.54809879e-01
4.24956603e-01
4.05323087e-01
3.85386218e-01
3.64411797e-01
3.44140695e-01
3.26184895e-01
3.10935123e-01
2.97677413e-01
2.85582574e-01
2.74038530e-01
2.63234309e-01
2.53197011e-01
2.43830429e-01
2.35036258e-01
2.26776999e-01
2.19060409e-01
2.11826103e-01
2.04965459e-01
1.98334786e-01
1.91932587e-01
1.85855294e-01
1.80147638e-01
1.74755345e-01
1.69671365e-01
1.64854754e-01
1.60273810e-01
1.55848950e-01
1.51510977e-01
1.47329854e-01
1.43351885e-01
1.39540212e-01
1.35801145e-01
1.32198740e-01
1.28743593e-01
1.25464931e-01
1.22298793e-01
1.19231593e-01
1.16195933e-01
1.13281504e-01
1.10538559e-01
1.07923951e-01
1.05351082e-01
1.02811883e-01
1.00331664e-01
9.79768857e-02
9.57622159e-02
9.36516935e-02
9.15981965e-02
8.95888369e-02
8.76106141e-02
8.56994822e-02
8.38763229e-02
8.21443899e-02
8.04788199e-02
7.88398260e-02
7.72419167e-02
7.57059234e-02
7.42254411e-02
7.27810197e-02
7.13511083e-02
6.99411718e-02
6.85803335e-02
6.72603534e-02
6.59720495e-02
6.47156882e-02
6.35080898e-02
6.23469011e-02
6.12122804e-02
6.00842228e-02
5.89921739e-02
5.79537471e-02
5.69667773e-02
5.60118250e-02
5.50707970e-02
5.41334871e-02
5.31998311e-02
5.22897236e-02
5.14089310e-02
5.05374195e-02
4.96902345e-02
4.88761290e-02
4.80939107e-02
4.73269452e-02
4.65647107e-02
4.57785051e-02
4.50151436e-02
4.42952649e-02
4.36032515e-02
4.29278715e-02
4.22652172e-02
4.16054926e-02
4.09553317e-02
4.03214849e-02
3.96870779e-02
3.90681789e-02
3.84756622e-02
3.79104963e-02
3.73556102e-02
3.67939162e-02
3.62389895e-02
3.56956675e-02
3.51619347e-02
3.46452127e-02
3.41475776e-02
3.36671736e-02
3.31997612e-02
3.27213282e-02
3.22446971e-02
3.17826813e-02
3.13397159e-02
3.09131804e-02
3.04981745e-02
3.00912013e-02
2.96909767e-02
2.92866004e-02
2.88726086e-02
2.84686969e-02
2.80841194e-02
2.77185463e-02
2.73654927e-02
2.70189794e-02
2.66752064e-02
2.63352016e-02
2.60007445e-02
2.56732252e-02
2.53528382e-02
2.50383870e-02
2.47223387e-02
2.44107850e-02
2.41078224e-02
2.38137021e-02
2.35261338e-02
2.32427640e-02
2.29626959e-02
2.26864517e-02
2.24150327e-02
2.21489993e-02
2.18882287e-02
2.16321567e-02
2.13791602e-02
2.11202566e-02
2.08404840e-02
2.05639587e-02
2.03056790e-02
2.00665941e-02
1.98388362e-02
1.96131274e-02
1.93818874e-02
1.91471921e-02
1.89163754e-02
1.86945509e-02
1.84815285e-02
1.82748770e-02
1.80720363e-02
1.78715533e-02
1.76732176e-02
1.74775205e-02
1.72850373e-02
1.70943789e-02
1.69054591e-02
1.67198137e-02
1.65378413e-02
1.63591022e-02
1.61830371e-02
1.60093984e-02
1.58382411e-02
1.56696935e-02
1.55037360e-02
1.53402753e-02
1.51792172e-02
1.50205176e-02
1.48641754e-02
1.47101914e-02
1.45585506e-02
1.44092012e-02
1.42620660e-02
1.41170604e-02
1.39732528e-02
1.38297109e-02
1.36884314e-02
1.35504320e-02
1.34154271e-02
1.32825207e-02
1.31510252e-02
1.30207996e-02
1.28920896e-02
1.27651790e-02
1.26401578e-02
1.25169006e-02
1.23952820e-02
1.22752175e-02
1.21523550e-02
1.20289316e-02
1.19094245e-02
1.17949633e-02
1.16838474e-02
1.15738627e-02
1.14640174e-02
1.13547083e-02
1.12468433e-02
1.11409652e-02
1.10369897e-02
1.09344907e-02
1.08331089e-02
1.07327492e-02
1.06335172e-02
1.05351254e-02
1.04372664e-02
1.03407389e-02
1.02459389e-02
1.01527686e-02
1.00608907e-02
9.97002372e-03
9.88007835e-03
9.79111743e-03
9.70323890e-03
9.61648664e-03
9.53064908e-03
9.44560070e-03
9.36140602e-03
9.27830077e-03
9.19635371e-03
9.11550713e-03
9.03566649e-03
8.95675668e-03
8.87873309e-03
8.80157259e-03
8.72159220e-03
8.64101798e-03
8.56276644e-03
8.48792092e-03
8.41574527e-03
8.34475844e-03
8.27386839e-03
8.20284990e-03
8.13213227e-03
8.06230075e-03
7.99369961e-03
7.92632143e-03
7.85983630e-03
7.79405559e-03
7.72890713e-03
7.66440059e-03
7.60057887e-03
7.53747569e-03
7.47509678e-03
7.41342291e-03
7.35242383e-03
7.29207251e-03
7.23235300e-03
7.17326252e-03
7.11480270e-03
7.05585048e-03
6.99669004e-03
6.93860218e-03
6.88204043e-03
6.82668656e-03
6.77200605e-03
6.71769590e-03
6.66376645e-03
6.61037077e-03
6.55761797e-03
6.50550821e-03
6.45397745e-03
6.40296816e-03
6.35246279e-03
6.30247276e-03
6.25301108e-03
6.20407555e-03
6.15565003e-03
6.10771509e-03
6.06025671e-03
6.01326821e-03
5.96664946e-03
5.92046504e-03
5.87478167e-03
5.82960489e-03
5.78490157e-03
5.74063857e-03
5.69680162e-03
5.65339050e-03
5.61040643e-03
5.56719558e-03
5.51886966e-03
5.47018121e-03
5.42448509e-03
5.38226820e-03
5.34220097e-03
5.30284357e-03
5.26354820e-03
5.22435259e-03
5.18545783e-03
5.14691857e-03
5.10863989e-03
5.07054167e-03
5.03266459e-03
4.99514061e-03
4.95810208e-03
4.92161341e-03
4.88565105e-03
4.85013418e-03
4.81496618e-03
4.78007817e-03
4.74545167e-03
4.71109793e-03
4.67704305e-03
4.64331447e-03
4.60993033e-03
4.57689340e-03
4.54419087e-03
4.51179973e-03
4.47969488e-03
4.44785663e-03
4.41627509e-03
4.38495066e-03
4.35389126e-03
4.32310790e-03
4.29261002e-03
4.26240194e-03
4.23248145e-03
4.20284059e-03
4.17346815e-03
4.14435281e-03
4.11548573e-03
4.08685939e-03
4.05845749e-03
4.03029342e-03
4.00237926e-03
3.97471978e-03
3.94694162e-03
3.91919694e-03
3.89184355e-03
3.86501454e-03
3.83862614e-03
3.81251567e-03
3.78656610e-03
3.76074843e-03
3.73509622e-03
3.70965916e-03
3.68447026e-03
3.65953577e-03
3.63484104e-03
3.61036289e-03
3.58608130e-03
3.56198644e-03
3.53807930e-03
3.51436710e-03
3.49085670e-03
3.46754995e-03
3.44444305e-03
3.42152919e-03
3.39880206e-03
3.37625805e-03
3.35389616e-03
3.33152594e-03
3.30928789e-03
3.28731412e-03
3.26562314e-03
3.24415963e-03
3.22286648e-03
3.20172166e-03
3.18073132e-03
3.15990727e-03
3.13925415e-03
3.11877065e-03
3.09845516e-03
3.07830778e-03
3.05832802e-03
3.03851252e-03
3.01885552e-03
2.99935149e-03
2.97999732e-03
2.96079254e-03
2.94173787e-03
2.92283356e-03
2.90407858e-03
2.88547087e-03
2.86700802e-03
2.84868800e-03
2.83050931e-03
2.81247094e-03
2.79457210e-03
2.77681193e-03
2.75918937e-03
2.74170309e-03
2.72435154e-03
2.70713308e-03
2.69004612e-03
2.67308921e-03
2.65626103e-03
2.63956041e-03
2.62298622e-03
2.60653735e-03
2.59021268e-03
2.57401105e-03
2.55793134e-03
2.54197242e-03
2.52613322e-03
2.51041264e-03
2.49480964e-03
2.47932312e-03
2.46395202e-03
2.44869522e-03
2.43355164e-03
2.41852020e-03
2.40359982e-03
2.38878946e-03
2.37408811e-03
2.35949476e-03
2.34500843e-03
2.33062816e-03
2.31635299e-03
2.30218198e-03
2.28811421e-03
2.27414875e-03
2.26028470e-03
2.24652115e-03
2.23285722e-03
2.21929200e-03
2.20582461e-03
2.19245417e-03
2.17917984e-03
2.16600073e-03
2.15291601e-03
2.13992484e-03
2.12702637e-03
2.11421980e-03
2.10150431e-03
2.08887911e-03
2.07634342e-03
2.06389645e-03
2.05153742e-03
2.03926559e-03
2.02708019e-03
2.01498047e-03
2.00296571e-03
1.99103515e-03
1.97918809e-03
1.96742379e-03
1.95574155e-03
1.94414065e-03
1.93262041e-03
1.92118014e-03
1.90981915e-03
1.89853676e-03
1.88733232e-03
1.87620516e-03
1.86515462e-03
1.85418007e-03
1.84328086e-03
1.83245635e-03
1.82170593e-03
1.81102897e-03
1.80042486e-03
1.78989299e-03
1.77943275e-03
1.76904356e-03
1.75872481e-03
1.74847593e-03
1.73829634e-03
1.72818547e-03
1.71814275e-03
1.70816762e-03
1.69825952e-03
1.68841792e-03
1.67864225e-03
1.66893199e-03
1.65928661e-03
1.64970557e-03
1.64018835e-03
1.63073443e-03
1.62134331e-03
1.61201448e-03
1.60274742e-03
1.59354166e-03
1.58439669e-03
1.57531203e-03
1.56628719e-03
1.55732170e-03
1.54841508e-03
1.53956687e-03
1.53077660e-03
1.52204381e-03
1.51336805e-03
1.50474886e-03
1.49618581e-03
1.48767844e-03
1.47922632e-03
1.47082902e-03
1.46248610e-03
1.45419715e-03
1.44596174e-03
1.43777945e-03
1.42964987e-03
1.42157259e-03
1.41354721e-03
1.40557333e-03
1.39765054e-03
1.38977845e-03
1.38195667e-03
1.37418482e-03
1.36646252e-03
1.35878937e-03
1.35116501e-03
1.34358907e-03
1.33606118e-03
1.32858097e-03
1.32114807e-03
1.31376214e-03
1.30642281e-03
1.29912973e-03
1.29188256e-03
1.28468095e-03
1.27752455e-03
1.27041303e-03
1.26334605e-03
1.25632328e-03
1.24934438e-03
1.24240904e-03
1.23551692e-03
1.22866771e-03
1.22186109e-03
1.21509674e-03
1.20837435e-03
1.20169361e-03
1.19505421e-03
1.18845585e-03
1.18189823e-03
1.17538105e-03
1.16890402e-03
1.16246683e-03
1.15606920e-03
1.14971085e-03
1.14339148e-03
1.13711081e-03
1.13086856e-03
1.12466446e-03
1.11849823e-03
1.11236959e-03
1.10627828e-03
1.10022402e-03
1.09420655e-03
1.08822561e-03
1.08228094e-03
1.07637227e-03
1.07049935e-03
1.06466193e-03
1.05885974e-03
1.05309255e-03
1.04736011e-03
1.04166216e-03
1.03599847e-03
1.03036879e-03
1.02477288e-03
1.01921051e-03
1.01368143e-03
1.00818543e-03
1.00272226e-03
9.97291690e-04
9.91893501e-04
9.86527465e-04
9.81193357e-04
9.75890956e-04
9.70620041e-04
9.65380394e-04
9.60171800e-04
9.54994043e-04
9.49846911e-04
9.44730192e-04
9.39643679e-04
9.34587163e-04
9.29560439e-04
9.24563302e-04
9.19595551e-04
9.14656986e-04
9.09747406e-04
9.04866624e-04
9.00014448e-04
8.95190680e-04
8.90395126e-04
8.85627594e-04
8.80887894e-04
8.76175836e-04
8.71491236e-04
8.66833907e-04
8.62203667e-04
8.57600332e-04
8.53023724e-04
8.48473662e-04
8.43949971e-04
8.39452472e-04
8.34980992e-04
8.30535357e-04
8.26115395e-04
8.21720935e-04
8.17351807e-04
8.13007844e-04
8.08688879e-04
8.04394748e-04
8.00125285e-04
7.95880330e-04
7.91654453e-04
7.87439026e-04
7.83247632e-04
7.79088770e-04
7.74962565e-04
7.70864060e-04
7.66788186e-04
7.62732639e-04
7.58697873e-04
7.54685514e-04
7.50696842e-04
7.46732180e-04
7.42791093e-04
7.38872888e-04
7.34976999e-04
7.31103106e-04
7.27251065e-04
7.23420794e-04
7.19612196e-04
7.15825138e-04
7.12059466e-04
7.08315030e-04
7.04591691e-04
7.00889325e-04
6.97207809e-04
6.93547021e-04
6.89906837e-04
6.86287125e-04
6.82687755e-04
6.79108595e-04
6.75549514e-04
6.72010379e-04
6.68491062e-04
6.64991430e-04
6.61511357e-04
6.58050715e-04
6.54609382e-04
6.51187237e-04
6.47784160e-04
6.44400033e-04
6.41034741e-04
6.37688167e-04
6.34360196e-04
6.31050710e-04
6.27759595e-04
6.24486737e-04
6.21232021e-04
6.17995334e-04
6.14776564e-04
6.11575599e-04
6.08392330e-04
6.05226647e-04
6.02078441e-04
5.98947606e-04
5.95834034e-04
5.92737620e-04
5.89658257e-04
5.86595842e-04
5.83550271e-04
5.80521440e-04
5.77509248e-04
5.74513593e-04
5.71534373e-04
5.68571489e-04
5.65624841e-04
5.62694330e-04
5.59779859e-04
5.56881329e-04
5.53998645e-04
5.51131711e-04
5.48280431e-04
5.45444711e-04
5.42624457e-04
5.39819576e-04
5.37029975e-04
5.34255562e-04
5.31496246e-04
5.28751937e-04
5.26022544e-04
5.23307978e-04
5.20608150e-04
5.17922973e-04
5.15252358e-04
5.12596220e-04
5.09954470e-04
5.07327025e-04
5.04713799e-04
5.02114707e-04
4.99529665e-04
4.96958591e-04
4.94401401e-04
4.91858013e-04
4.89328346e-04
4.86812318e-04
4.84309850e-04
4.81820860e-04
4.79345271e-04
4.76883002e-04
4.74433975e-04
4.71998114e-04
4.69575340e-04
4.67165576e-04
4.64768748e-04
4.62384778e-04
4.60013591e-04
4.57655114e-04
4.55309271e-04
4.52975990e-04
4.50655196e-04
4.48346818e-04
4.46050782e-04
4.43767018e-04
4.41495454e-04
4.39236020e-04
4.36988644e-04
4.34753257e-04
4.32529791e-04
4.30318175e-04
4.28118341e-04
4.25930222e-04
4.23753750e-04
4.21588858e-04
4.19435479e-04
4.17293547e-04
4.15162996e-04
4.13043761e-04
4.10935776e-04
4.08838978e-04
4.06753303e-04
4.04678686e-04
4.02615064e-04
4.00562375e-04
3.98520556e-04
3.96489545e-04
3.94469281e-04
3.92459702e-04
3.90460748e-04
3.88472358e-04
3.86494471e-04
3.84527029e-04
3.82569973e-04
3.80623242e-04
3.78686779e-04
3.76760526e-04
3.74844425e-04
3.72938418e-04
3.71042449e-04
3.69156460e-04
3.67280396e-04
3.65414201e-04
3.63557818e-04
3.61711194e-04
3.59874272e-04
3.58046998e-04
3.56229319e-04
3.54421180e-04
3.52622528e-04
3.50833309e-04
3.49053472e-04
3.47282963e-04
3.45521712e-04
3.43769678e-04
3.42026821e-04
3.40293096e-04
3.38568450e-04
3.36852831e-04
3.35146187e-04
3.33448464e-04
3.31759611e-04
3.30079578e-04
3.28408314e-04
3.26745770e-04
3.25091899e-04
3.23446653e-04
3.21809985e-04
3.20181850e-04
3.18562200e-04
3.16950989e-04
3.15348171e-04
3.13753698e-04
3.12167526e-04
3.10589606e-04
3.09019895e-04
3.07458347e-04
3.05904915e-04
3.04359557e-04
3.02822226e-04
3.01292879e-04
2.99771472e-04
2.98257961e-04
2.96752303e-04
2.95254455e-04
2.93764373e-04
2.92282017e-04
2.90807342e-04
2.89340308e-04
2.87880872e-04
2.86428994e-04
2.84984632e-04
2.83547744e-04
2.82118291e-04
2.80696231e-04
2.79281525e-04
2.77874133e-04
2.76474014e-04
2.75081128e-04
2.73695438e-04
2.72316903e-04
2.70945485e-04
2.69581144e-04
2.68223844e-04
2.66873544e-04
2.65530209e-04
2.64193799e-04
2.62864277e-04
2.61541607e-04
2.60225750e-04
2.58916671e-04
2.57614332e-04
2.56318698e-04
2.55029732e-04
2.53747398e-04
2.52471660e-04
2.51202483e-04
2.49939832e-04
2.48683671e-04
2.47433965e-04
2.46190680e-04
2.44953782e-04
2.43723236e-04
2.42499007e-04
2.41281062e-04
2.40069368e-04
2.38863890e-04
2.37664596e-04
2.36471452e-04
2.35284425e-04
2.34103483e-04
2.32928593e-04
2.31759723e-04
2.30596840e-04
2.29439913e-04
2.28288910e-04
2.27143799e-04
2.26004548e-04
2.24871127e-04
2.23743505e-04
2.22621650e-04
2.21505531e-04
2.20395119e-04
2.19290383e-04
2.18191293e-04
2.17097818e-04
2.16009929e-04
2.14927597e-04
2.13850791e-04
2.12779482e-04
2.11713642e-04
2.10653240e-04
2.09598249e-04
2.08548640e-04
2.07504384e-04
2.06465453e-04
2.05431819e-04
2.04403453e-04
2.03380328e-04
2.02362416e-04
2.01349689e-04
2.00342121e-04
1.99339683e-04
1.98342350e-04
1.97350093e-04
1.96362887e-04
1.95380704e-04
1.94403518e-04
1.93431302e-04
1.92464032e-04
1.91501679e-04
1.90544220e-04
1.89591627e-04
1.88643876e-04
1.87700940e-04
1.86762795e-04
1.85829416e-04
1.84900777e-04
1.83976853e-04
1.83057620e-04
1.82143053e-04
1.81233128e-04
1.80327821e-04
1.79427106e-04
1.78530960e-04
1.77639360e-04
1.76752281e-04
1.75869700e-04
1.74991593e-04
1.74117937e-04
1.73248709e-04
1.72383885e-04
1.71523442e-04
1.70667358e-04
1.69815609e-04
1.68968174e-04
1.68125029e-04
1.67286153e-04
1.66451523e-04
1.65608161e-04
1.64758949e-04
1.63919380e-04
1.63095608e-04
1.62284356e-04
1.61479038e-04
1.60675261e-04
1.59872407e-04
1.59072113e-04
1.58276133e-04
1.57485242e-04
1.56699332e-04
1.55917970e-04
1.55140795e-04
1.54367592e-04
1.53598224e-04
1.52832586e-04
1.52070638e-04
1.51312429e-04
1.50558072e-04
1.49807664e-04
1.49061226e-04
1.48318692e-04
1.47579952e-04
1.46844910e-04
1.46113515e-04
1.45385766e-04
1.44661682e-04
1.43941278e-04
1.43224545e-04
1.42511457e-04
1.41801976e-04
1.41096068e-04
1.40393707e-04
1.39694877e-04
1.38999567e-04
1.38307766e-04
1.37619460e-04
1.36934630e-04
1.36253255e-04
1.35575314e-04
1.34900788e-04
1.34229657e-04
1.33561905e-04
1.32897514e-04
1.32236469e-04
1.31578753e-04
1.30924347e-04
1.30273235e-04
1.29625398e-04
1.28980820e-04
1.28339484e-04
1.27701372e-04
1.27066470e-04
1.26434759e-04
1.25806225e-04
1.25180850e-04
1.24558618e-04
1.23939513e-04
1.23323519e-04
1.22710619e-04
1.22100799e-04
1.21494041e-04
1.20890330e-04
1.20289650e-04
1.19691986e-04
1.19097323e-04
1.18505644e-04
1.17916936e-04
1.17331181e-04
1.16748365e-04
1.16168474e-04
1.15591492e-04
1.15017404e-04
1.14446196e-04
1.13877852e-04
1.13312359e-04
1.12749700e-04
1.12189863e-04
1.11632832e-04
1.11078593e-04
1.10527132e-04
1.09978434e-04
1.09432486e-04
1.08889273e-04
1.08348781e-04
1.07810997e-04
1.07275906e-04
1.06743496e-04
1.06213751e-04
1.05686659e-04
1.05162207e-04
1.04640379e-04
1.04121164e-04
1.03604548e-04
1.03090517e-04
1.02579059e-04
1.02070160e-04
1.01563807e-04
1.01059988e-04
1.00558689e-04
1.00059898e-04
9.95636010e-05
9.90697864e-05
9.85784412e-05
9.80895530e-05
9.76031091e-05
9.71190972e-05
9.66375048e-05
9.61583198e-05
9.56815298e-05
9.52071226e-05
9.47350863e-05
9.42654086e-05
9.37980777e-05
9.33330816e-05
9.28704085e-05
9.24100465e-05
9.19519840e-05
9.14962092e-05
9.10427106e-05
9.05914767e-05
9.01424958e-05
8.96957567e-05
8.92512479e-05
8.88089581e-05
8.83688761e-05
8.79309907e-05
8.74952908e-05
8.70617652e-05
8.66304030e-05
8.62011933e-05
8.57741251e-05
8.53491875e-05
8.49263699e-05
8.45056614e-05
8.40870514e-05
8.36705293e-05
8.32560845e-05
8.28437065e-05
8.24333849e-05
8.20251092e-05
8.16188691e-05
8.12146544e-05
8.08124548e-05
8.04122600e-05
8.00140601e-05
7.96178448e-05
7.92236042e-05
7.88313284e-05
7.84410073e-05
7.80526311e-05
7.76661900e-05
7.72816742e-05
7.68990741e-05
7.65183799e-05
7.61395820e-05
7.57626709e-05
7.53876370e-05
7.50144710e-05
7.46431632e-05
7.42737045e-05
7.39060855e-05
7.35402968e-05
7.31763293e-05
7.28141738e-05
7.24538212e-05
7.20952624e-05
7.17384883e-05
7.13834900e-05
7.10302585e-05
7.06787849e-05
7.03290604e-05
6.99810762e-05
6.96348234e-05
6.92902935e-05
6.89474777e-05
6.86063674e-05
6.82669540e-05
6.79292290e-05
6.75931839e-05
6.72588102e-05
6.69260995e-05
6.65950436e-05
6.62656340e-05
6.59378625e-05
6.56117208e-05
6.52872008e-05
6.49642943e-05
6.46429932e-05
6.43232895e-05
6.40051750e-05
6.36886419e-05
6.33736822e-05
6.30602880e-05
6.27484514e-05
6.24381646e-05
6.21294198e-05
6.18222094e-05
6.15165255e-05
6.12123605e-05
6.09097068e-05
6.06085569e-05
6.03089032e-05
6.00107381e-05
5.97140542e-05
5.94188441e-05
5.91251004e-05
5.88328157e-05
5.85419828e-05
5.82525942e-05
5.79646429e-05
5.76781216e-05
5.73930231e-05
5.71093403e-05
5.68270661e-05
5.65461935e-05
5.62667153e-05
5.59886248e-05
5.57119148e-05
5.54365785e-05
5.51626089e-05
5.48899994e-05
5.46187430e-05
5.43488329e-05
5.40802625e-05
5.38130250e-05
5.35471137e-05
5.32825220e-05
5.30192434e-05
5.27572712e-05
5.24965989e-05
5.22372200e-05
5.19791280e-05
5.17223165e-05
5.14667791e-05
5.12125094e-05
5.09595011e-05
5.07077479e-05
5.04572434e-05
5.02079815e-05
4.99599559e-05
4.97131604e-05
4.94675890e-05
4.92232355e-05
4.89800937e-05
4.87381577e-05
4.84974214e-05
4.82578789e-05
4.80195241e-05
4.77823511e-05
4.75463541e-05
4.73115271e-05
4.70778643e-05
4.68453599e-05
4.66140081e-05
4.63838031e-05
4.61547393e-05
4.59268109e-05
4.57000123e-05
4.54743378e-05
4.52497818e-05
4.50263387e-05
4.48040030e-05
4.45827691e-05
4.43626316e-05
4.41435849e-05
4.39256237e-05
4.37087425e-05
4.34929359e-05
4.32781986e-05
4.30645253e-05
4.28519105e-05
4.26403491e-05
4.24298358e-05
4.22203654e-05
4.20119327e-05
4.18045324e-05
4.15981595e-05
4.13928088e-05
4.11884752e-05
4.09851537e-05
4.07828392e-05
4.05815267e-05
4.03812112e-05
4.01818878e-05
3.99835514e-05
3.97861972e-05
3.95898202e-05
3.93944157e-05
3.91999788e-05
3.90065046e-05
3.88139883e-05
3.86224252e-05
3.84318105e-05
3.82421396e-05
3.80534076e-05
3.78656100e-05
3.76787421e-05
3.74927992e-05
3.73077767e-05
3.71236701e-05
3.69404748e-05
3.67581863e-05
3.65768000e-05
3.63963115e-05
3.62167162e-05
3.60380098e-05
3.58601879e-05
3.56832459e-05
3.55071796e-05
3.53319846e-05
3.51576565e-05
3.49841910e-05
3.48115839e-05
3.46398309e-05
3.44689277e-05
3.42988701e-05
3.41296539e-05
3.39612749e-05
3.37937289e-05
3.36270118e-05
3.34611195e-05
3.32960479e-05
3.31317929e-05
3.29683504e-05
3.28057164e-05
3.26438869e-05
3.24828578e-05
3.23226253e-05
3.21631853e-05
3.20045339e-05
3.18466671e-05
3.16895812e-05
3.15332721e-05
3.13777361e-05
3.12229693e-05
3.10689678e-05
3.09157279e-05
3.07632458e-05
3.06115178e-05
3.04605400e-05
3.03103087e-05
3.01608203e-05
3.00120710e-05
2.98640572e-05
2.97167752e-05
2.95702215e-05
2.94243922e-05
2.92792840e-05
2.91348931e-05
2.89912161e-05
2.88482494e-05
2.87059894e-05
2.85644327e-05
2.84235757e-05
2.82834150e-05
2.81439471e-05
2.80051687e-05
2.78670761e-05
2.77296662e-05
2.75929354e-05
2.74568804e-05
2.73214978e-05
2.71867844e-05
2.70527367e-05
2.69193515e-05
2.67866256e-05
2.66545555e-05
2.65231381e-05
2.63923701e-05
2.62622484e-05
2.61327696e-05
2.60039306e-05
2.58757283e-05
2.57481595e-05
2.56212210e-05
2.54949097e-05
2.53692225e-05
2.52441563e-05
2.51197080e-05
2.49958746e-05
2.48726529e-05
2.47500401e-05
2.46280330e-05
2.45066286e-05
2.43858240e-05
2.42656162e-05
2.41460022e-05
2.40269791e-05
2.39085439e-05
2.37906938e-05
2.36734258e-05
2.35567371e-05
2.34406247e-05
2.33250859e-05
2.32101177e-05
2.30957174e-05
2.29818821e-05
2.28686090e-05
2.27558954e-05
2.26437385e-05
2.25321355e-05
2.24210836e-05
2.23105802e-05
2.22006225e-05
2.20912078e-05
2.19823334e-05
2.18739967e-05
2.17661949e-05
2.16589255e-05
2.15521858e-05
2.14459731e-05
2.13402849e-05
2.12351186e-05
2.11304715e-05
2.10263411e-05
2.09227249e-05
2.08196203e-05
2.07170247e-05
2.06149357e-05
2.05133507e-05
2.04122672e-05
2.03116828e-05
2.02115949e-05
2.01120012e-05
2.00128991e-05
1.99142863e-05
1.98161602e-05
1.97185186e-05
1.96213590e-05
1.95246790e-05
1.94284762e-05
1.93327484e-05
1.92374930e-05
1.91427078e-05
1.90483905e-05
1.89545388e-05
1.88611502e-05
1.87682226e-05
1.86757537e-05
1.85837412e-05
1.84921828e-05
1.84010763e-05
1.83104194e-05
1.82202099e-05
1.81304457e-05
1.80411245e-05
1.79522440e-05
1.78638022e-05
1.77757969e-05
1.76882258e-05
1.76010870e-05
1.75143781e-05
1.74280971e-05
1.73422418e-05
1.72568102e-05
1.71718002e-05
1.70872097e-05
1.70030365e-05
1.69192787e-05
1.68359342e-05
1.67530009e-05
1.66704768e-05
1.65883599e-05
1.65066481e-05
1.64253395e-05
1.63444321e-05
1.62639238e-05
1.61838128e-05
1.61040970e-05
1.60247744e-05
1.59458432e-05
1.58673014e-05
1.57891471e-05
1.57113784e-05
1.56339932e-05
1.55569899e-05
1.54803664e-05
1.54041209e-05
1.53282515e-05
1.52527564e-05
1.51776337e-05
1.51028815e-05
1.50284981e-05
1.49544816e-05
1.48808302e-05
1.48075421e-05
1.47346155e-05
1.46620485e-05
1.45898396e-05
1.45179867e-05
1.44464883e-05
1.43753425e-05
1.43045476e-05
1.42341019e-05
1.41640036e-05
1.40942511e-05
1.40248425e-05
1.39557763e-05
1.38870507e-05
1.38186640e-05
1.37506146e-05
1.36829008e-05
1.36155209e-05
1.35484733e-05
1.34817564e-05
1.34153685e-05
1.33493079e-05
1.32835731e-05
1.32181625e-05
1.31530744e-05
1.30883073e-05
1.30238595e-05
1.29597295e-05
1.28959158e-05
1.28324167e-05
1.27692308e-05
1.27063563e-05
1.26437920e-05
1.25815360e-05
1.25195871e-05
1.24579436e-05
1.23966040e-05
1.23355669e-05
1.22748307e-05
1.22143940e-05
1.21542552e-05
1.20944130e-05
1.20348657e-05
1.19756121e-05
1.19166506e-05
1.18579797e-05
1.17995982e-05
1.17415044e-05
1.16836970e-05
1.16261747e-05
1.15689359e-05
1.15119792e-05
1.14553034e-05
1.13989069e-05
1.13427885e-05
1.12869467e-05
1.12313802e-05
1.11760876e-05
1.11210675e-05
1.10663187e-05
1.10118397e-05
1.09576293e-05
1.09036861e-05
1.08500089e-05
1.07965961e-05
1.07434467e-05
1.06905593e-05
1.06379325e-05
1.05855651e-05
1.05334559e-05
1.04816034e-05
1.04300066e-05
1.03786640e-05
1.03275746e-05
1.02767369e-05
1.02261498e-05
1.01758120e-05
1.01257223e-05
1.00758795e-05
1.00262823e-05
9.97692953e-06
9.92782001e-06
9.87895253e-06
9.83032588e-06
9.78193887e-06
9.73379032e-06
9.68587906e-06
9.63820391e-06
9.59076371e-06
9.54355730e-06
9.49658352e-06
9.44984122e-06
9.40332927e-06
9.35704652e-06
9.31099185e-06
9.26516412e-06
9.21956222e-06
9.17418504e-06
9.12903145e-06
9.08410037e-06
9.03939069e-06
8.99490132e-06
8.95063116e-06
8.90657915e-06
8.86274420e-06
8.81912525e-06
8.77572121e-06
8.73253105e-06
8.68955369e-06
8.64678809e-06
8.60423320e-06
8.56188799e-06
8.51975142e-06
8.47782245e-06
8.43610007e-06
8.39458326e-06
8.35327100e-06
8.31216228e-06
8.27125609e-06
8.23055145e-06
8.19004735e-06
8.14974280e-06
8.10963682e-06
8.06972842e-06
8.03001665e-06
7.99050051e-06
7.95117906e-06
7.91205132e-06
7.87311635e-06
7.83437318e-06
7.79582089e-06
7.75745851e-06
7.71928512e-06
7.68129979e-06
7.64350158e-06
7.60588957e-06
7.56846285e-06
7.53122049e-06
7.49416160e-06
7.45728526e-06
7.42059058e-06
7.38407665e-06
7.34774259e-06
7.31158752e-06
7.27561053e-06
7.23981077e-06
7.20418735e-06
7.16873940e-06
7.13346606e-06
7.09836647e-06
7.06343977e-06
7.02868510e-06
6.99410163e-06
6.95968850e-06
6.92544487e-06
6.89136991e-06
6.85746278e-06
6.82372267e-06
6.79014873e-06
6.75674017e-06
6.72349615e-06
6.69041587e-06
6.65749852e-06
6.62474329e-06
6.59214939e-06
6.55971603e-06
6.52744240e-06
6.49532772e-06
6.46337121e-06
6.43157209e-06
6.39992958e-06
6.36844291e-06
6.33711131e-06
6.30593402e-06
6.27491027e-06
6.24403931e-06
6.21332038e-06
6.18275274e-06
6.15233564e-06
6.12206833e-06
6.09195008e-06
6.06198016e-06
6.03215782e-06
6.00248235e-06
5.97295302e-06
5.94356910e-06
5.91432989e-06
5.88523467e-06
5.85628272e-06
5.82747335e-06
5.79880584e-06
5.77027951e-06
5.74189399e-06
5.71365835e-06
5.68556873e-06
5.65761600e-06
5.62979464e-06
5.60210304e-06
5.57454230e-06
5.54711456e-06
5.51982154e-06
5.49266388e-06
5.46564112e-06
5.43875220e-06
5.41199598e-06
5.38537157e-06
5.35887843e-06
5.33251622e-06
5.30628461e-06
5.28018311e-06
5.25421104e-06
5.22836754e-06
5.20265173e-06
5.17706275e-06
5.15159985e-06
5.12626237e-06
5.10104968e-06
5.07596121e-06
5.05099632e-06
5.02615437e-06
5.00143469e-06
4.97683663e-06
4.95235954e-06
4.92800282e-06
4.90376590e-06
4.87964821e-06
4.85564920e-06
4.83176830e-06
4.80800494e-06
4.78435854e-06
4.76082851e-06
4.73741427e-06
4.71411523e-06
4.69093083e-06
4.66786050e-06
4.64490367e-06
4.62205978e-06
4.59932828e-06
4.57670861e-06
4.55420021e-06
4.53180255e-06
4.50951508e-06
4.48733726e-06
4.46526857e-06
4.44330847e-06
4.42145644e-06
4.39971195e-06
4.37807448e-06
4.35654349e-06
4.33511848e-06
4.31379893e-06
4.29258431e-06
4.27147412e-06
4.25046783e-06
4.22956494e-06
4.20876495e-06
4.18806734e-06
4.16747160e-06
4.14697725e-06
4.12658377e-06
4.10629067e-06
4.08609745e-06
4.06600363e-06
4.04600871e-06
4.02611220e-06
4.00631363e-06
3.98661250e-06
3.96700833e-06
3.94750066e-06
3.92808899e-06
3.90877287e-06
3.88955182e-06
3.87042537e-06
3.85139306e-06
3.83245442e-06
3.81360900e-06
3.79485633e-06
3.77619595e-06
3.75762742e-06
3.73915028e-06
3.72076409e-06
3.70246839e-06
3.68426274e-06
3.66614669e-06
3.64811981e-06
3.63018166e-06
3.61233180e-06
3.59456979e-06
3.57689520e-06
3.55930760e-06
3.54180657e-06
3.52439168e-06
3.50706249e-06
3.48981860e-06
3.47265958e-06
3.45558501e-06
3.43859447e-06
3.42168756e-06
3.40486385e-06
3.38812295e-06
3.37146444e-06
3.35488791e-06
3.33839296e-06
3.32197920e-06
3.30564621e-06
3.28939361e-06
3.27322099e-06
3.25712797e-06
3.24111414e-06
3.22517913e-06
3.20932253e-06
3.19354398e-06
3.17784307e-06
3.16221943e-06
3.14667268e-06
3.13120244e-06
3.11580833e-06
3.10048998e-06
3.08524701e-06
3.07007906e-06
3.05498575e-06
3.03996671e-06
3.02502159e-06
3.01015001e-06
2.99535162e-06
2.98062605e-06
2.96597295e-06
2.95139195e-06
2.93688271e-06
2.92244487e-06
2.90807808e-06
2.89378198e-06
2.87955624e-06
2.86540050e-06
2.85131441e-06
2.83729765e-06
2.82334986e-06
2.80947070e-06
2.79565984e-06
2.78191694e-06
2.76824167e-06
2.75463369e-06
2.74109267e-06
2.72761828e-06
2.71421019e-06
2.70086809e-06
2.68759163e-06
2.67438051e-06
2.66123439e-06
2.64815296e-06
2.63513589e-06
2.62218288e-06
2.60929361e-06
2.59646775e-06
2.58370501e-06
2.57100507e-06
2.55836761e-06
2.54579234e-06
2.53327895e-06
2.52082712e-06
2.50843657e-06
2.49610698e-06
2.48383806e-06
2.47162951e-06
2.45948102e-06
2.44739231e-06
2.43536308e-06
2.42339304e-06
2.41148190e-06
2.39962936e-06
2.38783514e-06
2.37609895e-06
2.36442051e-06
2.35279952e-06
2.34123571e-06
2.32972880e-06
2.31827851e-06
2.30688455e-06
2.29554665e-06
2.28426454e-06
2.27303793e-06
2.26186656e-06
2.25075016e-06
2.23968845e-06
2.22868116e-06
2.21772803e-06
2.20682879e-06
2.19598317e-06
2.18519091e-06
2.17445175e-06
2.16376543e-06
2.15313168e-06
2.14255025e-06
2.13202087e-06
2.12154331e-06
2.11111729e-06
2.10074256e-06
2.09041888e-06
2.08014599e-06
2.06992363e-06
2.05975157e-06
2.04962956e-06
2.03955734e-06
2.02953467e-06
2.01956132e-06
2.00963703e-06
1.99976156e-06
1.98993468e-06
1.98015614e-06
1.97042572e-06
1.96074316e-06
1.95110823e-06
1.94152071e-06
1.93198035e-06
1.92248693e-06
1.91304021e-06
1.90363997e-06
1.89428596e-06
1.88497798e-06
1.87571579e-06
1.86649916e-06
1.85732788e-06
1.84820171e-06
1.83912044e-06
1.83008384e-06
1.82109170e-06
1.81214380e-06
1.80323991e-06
1.79437982e-06
1.78556333e-06
1.77679020e-06
1.76806023e-06
1.75937321e-06
1.75072892e-06
1.74212715e-06
1.73356770e-06
1.72505036e-06
1.71657491e-06
1.70814116e-06
1.69974890e-06
1.69139792e-06
1.68308802e-06
1.67481900e-06
1.66659066e-06
1.65840279e-06
1.65025520e-06
1.64214769e-06
1.63408006e-06
1.62605212e-06
1.61806367e-06
1.61011451e-06
1.60220446e-06
1.59433332e-06
1.58650090e-06
1.57870700e-06
1.57095145e-06
1.56323404e-06
1.55555460e-06
1.54791293e-06
1.54030885e-06
1.53274218e-06
1.52521272e-06
1.51772031e-06
1.51026475e-06
1.50284586e-06
1.49546347e-06
1.48811739e-06
1.48080744e-06
1.47353345e-06
1.46629524e-06
1.45909264e-06
1.45192547e-06
1.44479355e-06
1.43769671e-06
1.43063478e-06
1.42360758e-06
1.41661495e-06
1.40965672e-06
1.40273271e-06
1.39584277e-06
1.38898671e-06
1.38216437e-06
1.37537560e-06
1.36862021e-06
1.36189806e-06
1.35520897e-06
1.34855278e-06
1.34192933e-06
1.33533846e-06
1.32878001e-06
1.32225382e-06
1.31575972e-06
1.30929758e-06
1.30286721e-06
1.29646848e-06
1.29010122e-06
1.28376527e-06
1.27746050e-06
1.27118673e-06
1.26494382e-06
1.25873162e-06
1.25254997e-06
1.24639873e-06
1.24027775e-06
1.23418687e-06
1.22812595e-06
1.22209484e-06
1.21609340e-06
1.21012147e-06
1.20417892e-06
1.19826560e-06
1.19238136e-06
1.18652606e-06
1.18069956e-06
1.17490173e-06
1.16913240e-06
1.16339146e-06
1.15767875e-06
1.15199414e-06
1.14633749e-06
1.14070866e-06
1.13510752e-06
1.12953393e-06
1.12398775e-06
1.11846885e-06
1.11297709e-06
1.10751235e-06
1.10207448e-06
1.09666336e-06
1.09127885e-06
1.08592083e-06
1.08058916e-06
1.07528371e-06
1.07000436e-06
1.06475098e-06
1.05952343e-06
1.05432159e-06
1.04914534e-06
1.04399455e-06
1.03886909e-06
1.03376884e-06
1.02869368e-06
1.02364348e-06
1.01861811e-06
1.01361747e-06
1.00864142e-06
1.00368984e-06
9.98762615e-07
