-961.45474
-961.55729
-961.6566
-961.75453
-961.84656
-961.92794
-961.99703
-962.0562
-962.10889
-962.15769
-962.20337
-962.24583
-962.28477
-962.32046
-962.35339
-962.38405
-962.41261
-962.43923
-962.46405
-962.48714
-962.50868
-962.52879
-962.54761
-962.56526
-962.58182
-962.59738
-962.61203
-962.62585
-962.63892
-962.65129
-962.66295
-962.67397
-962.6844
-962.69426
-962.70355
-962.71237
-962.72078
-962.72879
-962.73637
-962.74356
-962.75037
-962.75687
-962.76304
-962.76893
-962.77454
-962.77988
-962.78496
-962.78982
-962.79448
-962.79893
-962.80319
-962.80727
-962.81114
-962.81484
-962.81838
-962.8218
-962.82509
-962.82824
-962.83127
-962.83418
-962.83697
-962.83964
-962.84219
-962.84464
-962.84701
-962.84928
-962.85148
-962.85359
-962.85564
-962.85763
-962.85954
-962.86137
-962.86313
-962.86483
-962.86648
-962.86808
-962.86961
-962.87109
-962.87252
-962.8739
-962.87523
-962.87652
-962.87778
-962.879
-962.88019
-962.88132
-962.88242
-962.88347
-962.88449
-962.88548
-962.88644
-962.88737
-962.88827
-962.88914
-962.88998
-962.89079
-962.89157
-962.89234
-962.89309
-962.89382
-962.89453
-962.89522
-962.89589
-962.89654
-962.89716
-962.89777
-962.89836
-962.89893
-962.89949
-962.90003
-962.90055
-962.90106
-962.90156
-962.90205
-962.90252
-962.90299
-962.90344
-962.90387
-962.90429
-962.90469
-962.90509
-962.90548
-962.90586
-962.90623
-962.90659
-962.90694
-962.90729
-962.90762
-962.90795
-962.90827
-962.90858
-962.90888
-962.90917
-962.90946
-962.90974
-962.91002
-962.91029
-962.91055
-962.9108
-962.91105
-962.9113
-962.91153
-962.91176
-962.91199
-962.9122
-962.9124
-962.91261
-962.91281
-962.91301
-962.91321
-962.9134
-962.91358
-962.91376
-962.91394
-962.91411
-962.91428
-962.91445
-962.91461
-962.91477
-962.91493
-962.91508
-962.91523
-962.91537
-962.91551
-962.91565
-962.91579
-962.91592
-962.91605
-962.91618
-962.9163
-962.91642
-962.91655
-962.91666
-962.91678
-962.91689
-962.917
-962.91711
-962.91721
-962.91732
-962.91742
-962.91752
-962.91761
-962.91771
-962.9178
-962.91789
-962.91798
-962.91807
-962.91816
-962.91824
-962.91832
-962.9184
-962.91848
-962.91856
-962.91864
-962.91871
-962.91878
-962.91886
-962.91893
-962.919
-962.91907
-962.91913
-962.9192
-962.91926
-962.91933
-962.91939
-962.91945
-962.91951
-962.91957
-962.91962
-962.91968
-962.91973
-962.91979
-962.91984
-962.91989
-962.91994
-962.92
-962.92004
-962.92009
-962.92014
-962.92019
-962.92023
-962.92028
-962.92032
-962.92037
-962.92041
-962.92045
-962.92049
-962.92053
-962.92057
-962.92061
-962.92065
-962.92069
-962.92072
-962.92076
-962.9208
-962.92083
-962.92087
-962.9209
-962.92094
-962.92097
-962.921
-962.92103
-962.92106
-962.92109
-962.92112
-962.92115
-962.92118
-962.92121
-962.92124
-962.92127
-962.9213
-962.92132
-962.92135
-962.92138
-962.9214
-962.92143
-962.92145
-962.92147
-962.9215
-962.92152
-962.92155
-962.92157
-962.92159
-962.92161
-962.92164
-962.92166
-962.92168
-962.9217
-962.92172
-962.92174
-962.92176
-962.92178
-962.9218
-962.92182
-962.92184
-962.92186
-962.92187
-962.92189
-962.92191
-962.92192
-962.92194
-962.92196
-962.92198
-962.92199
-962.92201
-962.92202
-962.92204
-962.92205
-962.92207
-962.92208
-962.92209
-962.92211
-962.92212
-962.92214
-962.92215
-962.92217
-962.92218
-962.92219
-962.9222
-962.92222
-962.92223
-962.92224
-962.92225
-962.92227
-962.92228
-962.92229
-962.9223
-962.92231
-962.92232
-962.92233
-962.92235
-962.92236
-962.92237
-962.92238
-962.92239
-962.9224
-962.92241
-962.92242
-962.92243
-962.92244
-962.92245
-962.92245
-962.92246
-962.92247
-962.92248
-962.92249
-962.9225
-962.92251
-962.92252
-962.92252
-962.92253
-962.92254
-962.92255
-962.92256
-962.92256
-962.92257
-962.92258
-962.92259
-962.92259
-962.9226
-962.92261
-962.92261
-962.92262
-962.92263
-962.92263
-962.92264
-962.92265
-962.92265
-962.92266
-962.92267
-962.92267
-962.92268
-962.92269
-962.92269
-962.9227
-962.9227
-962.92271
-962.92271
-962.92272
-962.92273
-962.92273
-962.92274
-962.92274
-962.92275
-962.92275
-962.92276
-962.92276
-962.92277
-962.92277
-962.92278
-962.92278
-962.92279
-962.92279
-962.9228
-962.9228
-962.9228
-962.92281
-962.92281
-962.92282
-962.92282
-962.92283
-962.92283
-962.92283
-962.92284
-962.92284
-962.92285
-962.92285
-962.92285
-962.92286
-962.92286
-962.92286
-962.92287
-962.92287
-962.92288
-962.92288
-962.92288
-962.92289
-962.92289
-962.92289
-962.9229
-962.9229
-962.9229
-962.92291
-962.92291
-962.92291
-962.92291
-962.92292
-962.92292
-962.92292
-962.92293
-962.92293
-962.92293
-962.92293
-962.92294
-962.92294
-962.92294
-962.92295
-962.92295
-962.92295
-962.92295
-962.92296
-962.92296
-962.92296
-962.92296
-962.92297
-962.92297
-962.92297
-962.92297
-962.92298
-962.92298
-962.92298
-962.92298
-962.92298
-962.92299
-962.92299
-962.92299
-962.92299
-962.92299
-962.923
-962.923
-962.923
-962.923
-962.923
-962.92301
-962.92301
-962.92301
-962.92301
-962.92301
-962.92302
-962.92302
-962.92302
-962.92302
-962.92302
-962.92302
-962.92303
-962.92303
-962.92303
-962.92303
-962.92303
-962.92303
-962.92304
-962.92304
-962.92304
-962.92304
-962.92304
-962.92304
-962.92305
-962.92305
-962.92305
-962.92305
-962.92305
-962.92305
-962.92305
-962.92305
-962.92306
-962.92306
-962.92306
-962.92306
-962.92306
-962.92306
-962.92306
-962.92307
-962.92307
-962.92307
-962.92307
-962.92307
-962.92307
-962.92307
-962.92307
-962.92307
-962.92308
-962.92308
-962.92308
-962.92308
-962.92308
-962.92308
-962.92308
-962.92308
-962.92308
-962.92309
-962.92309
-962.92309
-962.92309
-962.92309
-962.92309
-962.92309
-962.92309
-962.92309
-962.92309
-962.92309
-962.9231
-962.9231
-962.9231
-962.9231
-962.9231
-962.9231
-962.9231
-962.9231
-962.9231
-962.9231
-962.9231
-962.9231
-962.92311
-962.92311
-962.92311
-962.92311
-962.92311
-962.92311
-962.92311
-962.92311
-962.92311
-962.92311
-962.92311
-962.92311
-962.92311
-962.92312
-962.92312
-962.92312
-962.92312
-962.92312
-962.92312
-962.92312
-962.92312
-962.92312
-962.92312
-962.92312
-962.92312
-962.92312
-962.92312
-962.92312
-962.92312
-962.92312
-962.92313
-962.92313
-962.92313
-962.92313
-962.92313
-962.92313
-962.92313
-962.92313
-962.92313
-962.92313
-962.92313
-962.92313
-962.92313
-962.92313
-962.92313
-962.92313
-962.92313
-962.92313
-962.92313
-962.92314
-962.92314
-962.92314
-962.92314
-962.92314
-962.92314
-962.92314
-962.92314
-962.92314
-962.92314
-962.92314
-962.92314
-962.92314
-962.92314
-962.92314
-962.92314
-962.92314
-962.92314
-962.92314
-962.92314
-962.92314
-962.92314
-962.92314
-962.92314
-962.92314
-962.92315
-962.92315
-962.92315
-962.92315
-962.92315
-962.92315
-962.92315
-962.92315
-962.92315
-962.92315
-962.92315
-962.92315
-962.92315
-962.92315
-962.92315
-962.92315
-962.92315
-962.92315
-962.92315
-962.92315
-962.92315
-962.92315
-962.92315
-962.92315
-962.92315
-962.92315
-962.92315
-962.92315
-962.92315
-962.92315
-962.92315
-962.92315
-962.92315
-962.92316
-962.92316
-962.92316
-962.92316
-962.92316
-962.92316
-962.92316
-962.92316
-962.92316
-962.92316
-962.92316
-962.92316
-962.92316
-962.92316
-962.92316
-962.92316
-962.92316
-962.92316
-962.92316
-962.92316
-962.92316
-962.92316
-962.92316
-962.92316
-962.92316
-962.92316
-962.92316
-962.92316
-962.92316
-962.92316
-962.92316
-962.92316
-962.92316
-962.92316
-962.92316
-962.92316
-962.92316
-962.92316
-962.92316
-962.92316
-962.92316
-962.92316
-962.92316
-962.92316
-962.92316
-962.92316
-962.92316
-962.92316
-962.92316
-962.92316
-962.92316
-962.92316
-962.92317
-962.92317
-962.92317
-962.92317
-962.92317
-962.92317
-962.92317
-962.92317
-962.92317
-962.92317
-962.92317
-962.92317
-962.92317
-962.92317
-962.92317
-962.92317
-962.92317
-962.92317
-962.92317
-962.92317
-962.92317
-962.92317
-962.92317
-962.92317
-962.92317
-962.92317
-962.92317
-962.92317
-962.92317
-962.92317
-962.92317
-962.92317
-962.92317
-962.92317
-962.92317
-962.92317
-962.92317
-962.92317
-962.92317
-962.92317
-962.92317
-962.92317
-962.92317
-962.92317
-962.92317
-962.92317
-962.92317
-962.92317
-962.92317
-962.92317
-962.92317
-962.92317
-962.92317
-962.92317
-962.92317
-962.92317
-962.92317
-962.92317
-962.92317
-962.92317
-962.92317
-962.92317
-962.92317
-962.92317
-962.92317
-962.92317
-962.92317
-962.92317
-962.92317
-962.92317
-962.92317
-962.92317
-962.92317
-962.92317
-962.92317
-962.92317
-962.92317
-962.92317
-962.92317
-962.92317
-962.92317
-962.92317
-962.92317
-962.92317
-962.92317
-962.92317
-962.92317
-962.92317
-962.92317
-962.92317
-962.92317
-962.92317
-962.92317
-962.92317
-962.92317
-962.92317
-962.92317
-962.92317
-962.92317
-962.92317
-962.92317
-962.92317
-962.92317
-962.92317
-962.92317
-962.92317
-962.92317
-962.92317
-962.92317
-962.92317
-962.92317
-962.92317
-962.92318
-962.92318
-962.92318
-962.92318
-962.92318
-962.92318
-962.92318
-962.92318
-962.92318
-962.92318
-962.92318
-962.92318
-962.92318
-962.92318
-962.92318
-962.92318
-962.92318
-962.92318
-962.92318
-962.92318
-962.92318
-962.92318
-962.92318
-962.92318
-962.92318
-962.92318
-962.92318
-962.92318
-962.92318
-962.92318
-962.92318
-962.92318
-962.92318
-962.92318
-962.92318
-962.92318
-962.92318
-962.92318
-962.92318
-962.92318
-962.92318
-962.92318
-962.92318
-962.92318
-962.92318
-962.92318
-962.92318
-962.92318
-962.92318
-962.92318
-962.92318
-962.92318
-962.92318
-962.92318
-962.92318
-962.92318
-962.92318
-962.92318
-962.92318
-962.92318
-962.92318
-962.92318
-962.92318
-962.92318
-962.92318
-962.92318
-962.92318
-962.92318
-962.92318
-962.92318
-962.92318
-962.92318
-962.92318
-962.92318
-962.92318
-962.92318
-962.92318
-962.92318
-962.92318
-962.92318
-962.92318
-962.92318
-962.92318
-962.92318
-962.92318
-962.92318
-962.92318
-962.92318
-962.92318
-962.92318
-962.92318
-962.92318
-962.92318
-962.92318
-962.92318
-962.92318
-962.92318
-962.92318
-962.92318
-962.92318
-962.92318
-962.92318
-962.92318
-962.92318
-962.92318
-962.92318
-962.92318
-962.92318
-962.92318
-962.92318
-962.92318
-962.92318
-962.92318
-962.92318
-962.92318
-962.92318
-962.92318
-962.92318
-962.92318
-962.92318
-962.92318
-962.92318
-962.92318
-962.92318
-962.92318
-962.92318
-962.92318
-962.92318
-962.92318
-962.92318
-962.92318
-962.92318
-962.92318
-962.92318
-962.92318
-962.92318
-962.92318
-962.92318
-962.92318
-962.92318
-962.92318
-962.92318
-962.92318
-962.92318
-962.92318
-962.92318
-962.92318
-962.92318
-962.92318
-962.92318
-962.92318
-962.92318
-962.92318
-962.92318
-962.92318
-962.92318
-962.92318
-962.92318
-962.92318
-962.92318
-962.92318
-962.92318
-962.92318
-962.92318
-962.92318
-962.92318
-962.92318
-962.92318
-962.92318
-962.92318
-962.92318
-962.92318
-962.92318
-962.92318
-962.92318
-962.92318
-962.92318
-962.92318
-962.92318
-962.92318
-962.92318
-962.92318
-962.92318
-962.92318
-962.92318
-962.92318
-962.92318
-962.92318
-962.92318
-962.92318
-962.92318
-962.92318
-962.92318
-962.92318
-962.92318
-962.92318
-962.92318
-962.92318
-962.92318
-962.92318
-962.92318
-962.92318
-962.92318
-962.92318
-962.92318
-962.92318
-962.92318
-962.92318
-962.92318
-962.92318
-962.92318
-962.92318
-962.92318
-962.92318
-962.92318
-962.92318
-962.92318
-962.92318
-962.92318
-962.92318
-962.92318
-962.92318
-962.92318
-962.92318
-962.92318
-962.92318
-962.92318
-962.92318
-962.92318
-962.92318
-962.92318
-962.92318
-962.92318
-962.92318
-962.92318
-962.92318
-962.92318
-962.92318
-962.92318
-962.92318
-962.92318
-962.92318
-962.92318
-962.92318
-962.92318
-962.92318
-962.92318
-962.92318
-962.92318
-962.92318
-962.92318
-962.92318
-962.92318
-962.92318
-962.92318
-962.92318
-962.92318
-962.92318
-962.92318
-962.92318
-962.92318
-962.92318
-962.92318
-962.92318
-962.92318
-962.92318
-962.92318
-962.92318
-962.92318
-962.92318
-962.92318
-962.92318
-962.92318
-962.92318
-962.92318
-962.92318
-962.92318
-962.92318
-962.92318
-962.92318
-962.92318
-962.92318
-962.92318
-962.92318
-962.92318
-962.92318
-962.92318
-962.92318
-962.92318
-962.92318
-962.92318
-962.92318
-962.92318
-962.92318
-962.92318
-962.92318
-962.92318
-962.92318
-962.92318
-962.92318
-962.92318
-962.92318
-962.92318
-962.92318
-962.92318
-962.92318
-962.92318
-962.92318
-962.92318
-962.92318
-962.92318
-962.92318
-962.92318
-962.92318
-962.92318
-962.92318
-962.92318
-962.92318
-962.92318
-962.92318
-962.92318
-962.92318
-962.92318
-962.92318
-962.92318
-962.92318
-962.92318
-962.92318
-962.92318
-962.92318
-962.92318
-962.92318
-962.92318
-962.92318
-962.92318
-962.92318
-962.92318
-962.92318
-962.92318
-962.92318
-962.92318
-962.92318
-962.92318
-962.92318
-962.92318
-962.92318
-962.92318
-962.92318
-962.92318
-962.92318
-962.92318
-962.92318
-962.92318
-962.92318
-962.92318
-962.92318
-962.92318
-962.92318
-962.92318
-962.92318
-962.92318
-962.92318
-962.92318
-962.92318
-962.92318
-962.92318
-962.92318
-962.92318
-962.92318
-962.92318
-962.92318
-962.92318
-962.92318
-962.92318
-962.92318
-962.92318
-962.92318
-962.92318
-962.92318
-962.92318
-962.92318
-962.92318
-962.92318
-962.92318
-962.92318
-962.92318
-962.92318
-962.92318
-962.92318
-962.92318
-962.92318
-962.92318
-962.92318
-962.92318
-962.92318
-962.92318
-962.92318
-962.92318
-962.92318
-962.92318
-962.92318
-962.92318
-962.92318
-962.92318
-962.92318
-962.92318
-962.92318
-962.92318
-962.92318
-962.92318
-962.92318
-962.92318
-962.92318
-962.92318
-962.92318
-962.92318
-962.92318
-962.92318
-962.92318
-962.92318
-962.92318
-962.92318
-962.92318
-962.92318
-962.92318
-962.92318
-962.92318
-962.92318
-962.92318
-962.92318
-962.92318
-962.92318
-962.92318
-962.92318
-962.92318
-962.92318
-962.92318
-962.92318
-962.92318
-962.92318
-962.92318
-962.92318
-962.92318
-962.92318
-962.92318
-962.92318
-962.92318
-962.92318
-962.92318
-962.92318
-962.92318
-962.92318
-962.92318
-962.92318
-962.92318
-962.92318
-962.92318
-962.92318
-962.92318
-962.92318
-962.92318
-962.92318
-962.92318
-962.92318
-962.92318
-962.92318
-962.92318
-962.92318
-962.92318
-962.92318
-962.92318
-962.92318
-962.92318
-962.92318
-962.92318
-962.92318
-962.92318
-962.92318
-962.92318
-962.92318
-962.92318
-962.92318
-962.92318
-962.92318
-962.92318
-962.92318
-962.92318
-962.92318
-962.92318
-962.92318
-962.92318
-962.92318
-962.92318
-962.92318
-962.92318
-962.92318
-962.92318
-962.92318
-962.92318
-962.92318
-962.92318
-962.92318
-962.92318
-962.92318
-962.92318
-962.92318
-962.92318
-962.92318
-962.92318
-962.92318
-962.92318
-962.92318
-962.92318
-962.92318
-962.92318
-962.92318
-962.92318
-962.92318
-962.92318
-962.92318
-962.92318
-962.92318
-962.92318
-962.92318
-962.92318
-962.92318
-962.92318
-962.92318
-962.92318
-962.92318
-962.92318
-962.92318
-962.92318
-962.92318
-962.92318
-962.92318
-962.92318
-962.92318
-962.92318
-962.92318
-962.92318
-962.92318
-962.92318
-962.92318
-962.92318
-962.92318
-962.92318
-962.92318
-962.92318
-962.92318
-962.92318
-962.92318
-962.92318
-962.92318
-962.92318
-962.92318
-962.92318
-962.92318
-962.92318
-962.92318
-962.92318
-962.92318
-962.92318
-962.92318
-962.92318
-962.92318
-962.92318
-962.92318
-962.92318
-962.92318
-962.92318
-962.92318
-962.92318
-962.92318
-962.92318
-962.92318
-962.92318
-962.92318
-962.92318
-962.92318
-962.92318
-962.92318
-962.92318
-962.92318
-962.92318
-962.92318
-962.92318
-962.92318
-962.92318
-962.92318
-962.92318
-962.92318
-962.92318
-962.92318
-962.92318
-962.92318
-962.92318
-962.92318
-962.92318
-962.92318
-962.92318
-962.92318
-962.92318
-962.92318
-962.92318
-962.92318
-962.92318
-962.92318
-962.92318
-962.92318
-962.92318
-962.92318
-962.92318
-962.92318
-962.92318
-962.92318
-962.92318
-962.92318
-962.92318
-962.92318
-962.92318
-962.92318
-962.92318
-962.92318
-962.92318
-962.92318
-962.92318
-962.92318
-962.92318
-962.92318
-962.92318
-962.92318
-962.92318
-962.92318
-962.92318
-962.92318
-962.92318
-962.92318
-962.92318
-962.92318
-962.92318
-962.92318
-962.92318
-962.92318
-962.92318
-962.92318
-962.92318
-962.92318
-962.92318
-962.92318
-962.92318
-962.92318
-962.92318
-962.92318
-962.92318
-962.92318
-962.92318
-962.92318
-962.92318
-962.92318
-962.92318
-962.92318
-962.92318
-962.92318
-962.92318
-962.92318
-962.92318
-962.92318
-962.92318
-962.92318
-962.92318
-962.92318
-962.92318
-962.92318
-962.92318
-962.92318
-962.92318
-962.92318
-962.92318
-962.92318
-962.92318
-962.92318
-962.92318
-962.92318
-962.92318
-962.92318
-962.92318
-962.92318
-962.92318
-962.92318
-962.92318
-962.92318
-962.92318
-962.92318
-962.92318
-962.92318
-962.92318
-962.92318
-962.92318
-962.92318
-962.92318
-962.92318
-962.92318
-962.92318
-962.92318
-962.92318
-962.92318
-962.92318
-962.92318
-962.92318
-962.92318
-962.92318
-962.92318
-962.92318
-962.92318
-962.92318
-962.92318
-962.92318
-962.92318
-962.92318
-962.92318
-962.92318
-962.92318
-962.92318
-962.92318
-962.92318
-962.92318
-962.92318
-962.92318
-962.92318
-962.92318
-962.92318
-962.92318
-962.92318
-962.92318
-962.92318
-962.92318
-962.92318
-962.92318
-962.92318
-962.92318
-962.92318
-962.92318
-962.92318
-962.92318
-962.92318
-962.92318
-962.92318
-962.92318
-962.92318
-962.92318
-962.92318
-962.92318
-962.92318
-962.92318
-962.92318
-962.92318
-962.92318
-962.92318
-962.92318
-962.92318
-962.92318
-962.92318
-962.92318
-962.92318
-962.92318
-962.92318
-962.92318
-962.92318
-962.92318
-962.92318
-962.92318
-962.92318
-962.92318
-962.92318
-962.92318
-962.92318
-962.92318
-962.92318
-962.92318
-962.92318
-962.92318
-962.92318
-962.92318
-962.92318
-962.92318
-962.92318
-962.92318
-962.92318
-962.92318
-962.92318
-962.92318
-962.92318
-962.92318
-962.92318
-962.92318
-962.92318
-962.92318
-962.92318
-962.92318
-962.92318
-962.92318
-962.92318
-962.92318
-962.92318
-962.92318
-962.92318
-962.92318
-962.92318
-962.92318
-962.92318
-962.92318
-962.92318
-962.92318
-962.92318
-962.92318
-962.92318
-962.92318
-962.92318
-962.92318
-962.92318
-962.92318
-962.92318
-962.92318
-962.92318
-962.92318
-962.92318
-962.92318
-962.92318
-962.92318
-962.92318
-962.92318
-962.92318
-962.92318
-962.92318
-962.92318
-962.92318
-962.92318
-962.92318
-962.92318
-962.92318
-962.92318
-962.92318
-962.92318
-962.92318
-962.92318
-962.92318
-962.92318
-962.92318
-962.92318
-962.92318
-962.92318
-962.92318
-962.92318
-962.92318
-962.92318
-962.92318
-962.92318
-962.92318
-962.92318
-962.92318
-962.92318
-962.92318
-962.92318
-962.92318
-962.92318
-962.92318
-962.92318
-962.92318
-962.92318
-962.92318
-962.92318
-962.92318
-962.92318
-962.92318
-962.92318
-962.92318
-962.92318
-962.92318
-962.92318
-962.92318
-962.92318
-962.92318
-962.92318
-962.92318
-962.92318
-962.92318
-962.92318
-962.92318
-962.92318
-962.92318
-962.92318
-962.92318
-962.92318
-962.92318
-962.92318
-962.92318
-962.92318
-962.92318
-962.92318
-962.92318
-962.92318
-962.92318
-962.92318
-962.92318
-962.92318
-962.92318
-962.92318
-962.92318
-962.92318
-962.92318
-962.92318
-962.92318
-962.92318
-962.92318
-962.92318
-962.92318
-962.92318
-962.92318
-962.92318
-962.92318
-962.92318
-962.92318
-962.92318
-962.92318
-962.92318
-962.92318
-962.92318
-962.92318
-962.92318
-962.92318
-962.92318
-962.92318
-962.92318
-962.92318
-962.92318
-962.92318
-962.92318
-962.92318
-962.92318
-962.92318
-962.92318
-962.92318
-962.92318
-962.92318
-962.92318
-962.92318
-962.92318
-962.92318
-962.92318
-962.92318
-962.92318
-962.92318
-962.92318
-962.92318
-962.92318
-962.92318
-962.92318
-962.92318
-962.92318
-962.92318
-962.92318
-962.92318
-962.92318
-962.92318
-962.92318
-962.92318
-962.92318
-962.92318
-962.92318
-962.92318
-962.92318
-962.92318
-962.92318
-962.92318
-962.92318
-962.92318
-962.92318
-962.92318
-962.92318
-962.92318
-962.92318
-962.92318
-962.92318
-962.92318
-962.92318
-962.92318
-962.92318
-962.92318
-962.92318
-962.92318
-962.92318
-962.92318
-962.92318
-962.92318
-962.92318
-962.92318
-962.92318
-962.92318
-962.92318
-962.92318
-962.92318
-962.92318
-962.92318
-962.92318
-962.92318
-962.92318
-962.92318
-962.92318
-962.92318
-962.92318
-962.92318
-962.92318
-962.92318
-962.92318
-962.92318
-962.92318
-962.92318
-962.92318
-962.92318
-962.92318
-962.92318
-962.92318
-962.92318
-962.92318
-962.92318
-962.92318
-962.92318
-962.92318
-962.92318
-962.92318
-962.92318
-962.92318
-962.92318
-962.92318
-962.92318
-962.92318
-962.92318
-962.92318
-962.92318
-962.92318
-962.92318
-962.92318
-962.92318
-962.92318
-962.92318
-962.92318
-962.92318
-962.92318
-962.92318
-962.92318
-962.92318
-962.92318
-962.92318
-962.92318
-962.92318
-962.92318
-962.92318
-962.92318
-962.92318
-962.92318
-962.92318
-962.92318
-962.92318
-962.92318
-962.92318
-962.92318
-962.92318
-962.92318
-962.92318
-962.92318
-962.92318
-962.92318
-962.92318
-962.92318
-962.92318
-962.92318
-962.92318
-962.92318
-962.92318
-962.92318
-962.92318
-962.92318
-962.92318
-962.92318
-962.92318
-962.92318
-962.92318
-962.92318
-962.92318
-962.92318
-962.92318
-962.92318
-962.92318
-962.92318
-962.92318
-962.92318
-962.92318
-962.92318
-962.92318
-962.92318
-962.92318
-962.92318
-962.92318
-962.92318
-962.92318
-962.92318
-962.92318
-962.92318
-962.92318
-962.92318
-962.92318
-962.92318
-962.92318
-962.92318
-962.92318
-962.92318
-962.92318
-962.92318
-962.92318
-962.92318
-962.92318
-962.92318
-962.92318
-962.92318
-962.92318
-962.92318
-962.92318
-962.92318
-962.92318
-962.92318
-962.92318
-962.92318
-962.92318
-962.92318
-962.92318
-962.92318
-962.92318
-962.92318
-962.92318
-962.92318
-962.92318
-962.92318
-962.92318
-962.92318
-962.92318
-962.92318
-962.92318
-962.92318
-962.92318
-962.92318
-962.92318
