-966.5377
-966.52186
-966.5358
-966.57339
-966.61873
-966.65613
-966.67733
-966.68966
-966.70208
-966.71784
-966.73572
-966.75292
-966.76685
-966.77859
-966.79003
-966.80189
-966.8139
-966.82541
-966.83589
-966.84555
-966.85493
-966.8643
-966.8736
-966.88263
-966.89128
-966.8996
-966.9077
-966.91564
-966.9234
-966.93098
-966.93835
-966.94555
-966.95259
-966.95951
-966.96629
-966.97294
-966.97946
-966.98586
-966.99213
-966.99828
-967.00432
-967.01025
-967.01607
-967.02179
-967.02741
-967.03292
-967.03834
-967.04367
-967.04891
-967.05406
-967.05913
-967.06413
-967.06906
-967.07392
-967.07871
-967.08342
-967.08806
-967.09263
-967.09712
-967.10154
-967.10591
-967.1102
-967.11443
-967.1186
-967.12271
-967.12676
-967.13077
-967.13473
-967.13863
-967.14248
-967.14628
-967.15003
-967.15373
-967.15737
-967.16096
-967.16451
-967.16801
-967.17148
-967.1749
-967.17828
-967.18161
-967.18491
-967.18817
-967.19138
-967.19457
-967.19772
-967.20082
-967.20389
-967.20693
-967.20993
-967.2129
-967.21582
-967.21872
-967.22157
-967.2244
-967.22718
-967.22993
-967.23265
-967.23535
-967.23802
-967.24065
-967.24326
-967.24584
-967.24839
-967.25091
-967.25342
-967.25589
-967.25835
-967.26077
-967.26317
-967.26554
-967.26789
-967.27021
-967.2725
-967.27477
-967.27702
-967.27924
-967.28144
-967.28361
-967.28577
-967.2879
-967.29001
-967.29211
-967.29418
-967.29623
-967.29826
-967.30027
-967.30225
-967.30422
-967.30617
-967.3081
-967.31001
-967.3119
-967.31378
-967.31563
-967.31747
-967.31928
-967.32108
-967.32286
-967.32463
-967.32637
-967.32811
-967.32983
-967.33153
-967.33322
-967.33489
-967.33654
-967.33818
-967.33979
-967.34139
-967.34298
-967.34455
-967.34611
-967.34766
-967.3492
-967.35072
-967.35223
-967.35372
-967.35519
-967.35665
-967.3581
-967.35954
-967.36096
-967.36237
-967.36377
-967.36515
-967.36652
-967.36788
-967.36923
-967.37056
-967.37189
-967.3732
-967.3745
-967.37578
-967.37706
-967.37832
-967.37958
-967.38082
-967.38205
-967.38328
-967.38448
-967.38568
-967.38687
-967.38805
-967.38921
-967.39037
-967.39152
-967.39266
-967.3938
-967.39492
-967.39604
-967.39715
-967.39824
-967.39932
-967.40039
-967.40146
-967.40252
-967.40356
-967.4046
-967.40563
-967.40665
-967.40767
-967.40867
-967.40967
-967.41066
-967.41164
-967.41261
-967.41358
-967.41454
-967.41549
-967.41643
-967.41737
-967.41829
-967.41921
-967.42013
-967.42104
-967.42194
-967.42283
-967.42372
-967.4246
-967.42547
-967.42634
-967.42719
-967.42804
-967.42889
-967.42973
-967.43056
-967.43139
-967.43221
-967.43302
-967.43382
-967.43462
-967.43541
-967.43619
-967.43696
-967.43773
-967.4385
-967.43926
-967.44002
-967.44077
-967.44151
-967.44225
-967.44298
-967.44371
-967.44443
-967.44515
-967.44586
-967.44656
-967.44726
-967.44796
-967.44865
-967.44933
-967.45002
-967.45069
-967.45136
-967.45203
-967.45269
-967.45334
-967.45398
-967.45462
-967.45526
-967.45589
-967.45652
-967.45714
-967.45776
-967.45837
-967.45898
-967.45958
-967.46018
-967.46078
-967.46138
-967.46196
-967.46254
-967.46312
-967.46369
-967.46426
-967.46482
-967.46538
-967.46593
-967.46648
-967.46703
-967.46757
-967.46811
-967.46864
-967.46917
-967.46969
-967.4702
-967.47072
-967.47123
-967.47174
-967.47224
-967.47274
-967.47324
-967.47374
-967.47423
-967.47471
-967.4752
-967.47567
-967.47615
-967.47662
-967.47709
-967.47755
-967.47801
-967.47847
-967.47893
-967.47938
-967.47983
-967.48028
-967.48072
-967.48116
-967.4816
-967.48203
-967.48246
-967.48289
-967.48332
-967.48374
-967.48416
-967.48458
-967.48499
-967.4854
-967.48581
-967.48621
-967.48661
-967.48701
-967.48741
-967.4878
-967.48819
-967.48858
-967.48896
-967.48934
-967.48972
-967.4901
-967.49048
-967.49085
-967.49122
-967.49159
-967.49195
-967.49232
-967.49268
-967.49303
-967.49339
-967.49374
-967.4941
-967.49444
-967.49479
-967.49513
-967.49548
-967.49581
-967.49615
-967.49648
-967.49682
-967.49715
-967.49748
-967.4978
-967.49813
-967.49845
-967.49877
-967.49908
-967.4994
-967.49971
-967.50002
-967.50033
-967.50064
-967.50095
-967.50125
-967.50155
-967.50185
-967.50215
-967.50245
-967.50274
-967.50303
-967.50332
-967.50361
-967.5039
-967.50418
-967.50447
-967.50475
-967.50503
-967.5053
-967.50558
-967.50585
-967.50613
-967.5064
-967.50667
-967.50694
-967.5072
-967.50746
-967.50773
-967.50799
-967.50825
-967.5085
-967.50876
-967.50901
-967.50926
-967.50951
-967.50976
-967.51001
-967.51025
-967.5105
-967.51074
-967.51098
-967.51122
-967.51146
-967.5117
-967.51194
-967.51217
-967.5124
-967.51263
-967.51286
-967.51309
-967.51331
-967.51354
-967.51377
-967.51399
-967.51421
-967.51443
-967.51465
-967.51486
-967.51508
-967.51529
-967.51551
-967.51572
-967.51593
-967.51614
-967.51635
-967.51656
-967.51676
-967.51697
-967.51717
-967.51737
-967.51757
-967.51777
-967.51797
-967.51816
-967.51836
-967.51856
-967.51875
-967.51894
-967.51913
-967.51932
-967.51951
-967.5197
-967.51988
-967.52007
-967.52025
-967.52044
-967.52062
-967.5208
-967.52098
-967.52116
-967.52134
-967.52152
-967.5217
-967.52187
-967.52205
-967.52222
-967.52239
-967.52256
-967.52273
-967.5229
-967.52307
-967.52323
-967.5234
-967.52356
-967.52373
-967.52389
-967.52405
-967.52421
-967.52438
-967.52454
-967.5247
-967.52485
-967.52501
-967.52516
-967.52532
-967.52547
-967.52562
-967.52577
-967.52593
-967.52607
-967.52622
-967.52637
-967.52652
-967.52666
-967.52681
-967.52695
-967.5271
-967.52724
-967.52738
-967.52752
-967.52766
-967.5278
-967.52794
-967.52808
-967.52822
-967.52836
-967.5285
-967.52863
-967.52877
-967.5289
-967.52903
-967.52917
-967.5293
-967.52943
-967.52955
-967.52968
-967.52981
-967.52994
-967.53006
-967.53019
-967.53032
-967.53044
-967.53057
-967.53069
-967.53081
-967.53093
-967.53106
-967.53118
-967.5313
-967.53142
-967.53154
-967.53166
-967.53177
-967.53189
-967.53201
-967.53212
-967.53224
-967.53235
-967.53246
-967.53257
-967.53269
-967.5328
-967.53291
-967.53302
-967.53313
-967.53324
-967.53335
-967.53345
-967.53356
-967.53367
-967.53377
-967.53388
-967.53398
-967.53409
-967.53419
-967.53429
-967.53439
-967.53449
-967.53459
-967.53469
-967.53479
-967.53489
-967.53499
-967.53509
-967.53519
-967.53529
-967.53539
-967.53548
-967.53558
-967.53567
-967.53577
-967.53586
-967.53595
-967.53605
-967.53614
-967.53623
-967.53632
-967.53642
-967.53651
-967.5366
-967.53669
-967.53678
-967.53687
-967.53695
-967.53704
-967.53713
-967.53722
-967.5373
-967.53739
-967.53747
-967.53756
-967.53764
-967.53772
-967.53781
-967.53789
-967.53798
-967.53806
-967.53814
-967.53822
-967.5383
-967.53838
-967.53847
-967.53855
-967.53862
-967.5387
-967.53878
-967.53886
-967.53894
-967.53902
-967.53909
-967.53917
-967.53925
-967.53932
-967.5394
-967.53947
-967.53955
-967.53962
-967.53969
-967.53977
-967.53984
-967.53991
-967.53999
-967.54006
-967.54013
-967.5402
-967.54027
-967.54034
-967.54041
-967.54048
-967.54055
-967.54062
-967.54069
-967.54076
-967.54083
-967.5409
-967.54096
-967.54103
-967.5411
-967.54116
-967.54123
-967.54129
-967.54136
-967.54142
-967.54149
-967.54155
-967.54162
-967.54168
-967.54175
-967.54181
-967.54187
-967.54194
-967.542
-967.54206
-967.54212
-967.54218
-967.54224
-967.5423
-967.54236
-967.54242
-967.54248
-967.54254
-967.5426
-967.54266
-967.54272
-967.54278
-967.54284
-967.54289
-967.54295
-967.54301
-967.54307
-967.54312
-967.54318
-967.54324
-967.54329
-967.54335
-967.5434
-967.54346
-967.54351
-967.54356
-967.54362
-967.54367
-967.54373
-967.54378
-967.54383
-967.54389
-967.54394
-967.54399
-967.54405
-967.5441
-967.54415
-967.5442
-967.54425
-967.5443
-967.54435
-967.5444
-967.54445
-967.5445
-967.54455
-967.5446
-967.54465
-967.5447
-967.54475
-967.5448
-967.54485
-967.54489
-967.54494
-967.54499
-967.54504
-967.54509
-967.54513
-967.54518
-967.54523
-967.54527
-967.54532
-967.54536
-967.54541
-967.54545
-967.5455
-967.54554
-967.54559
-967.54563
-967.54568
-967.54572
-967.54576
-967.54581
-967.54585
-967.54589
-967.54594
-967.54598
-967.54602
-967.54607
-967.54611
-967.54615
-967.54619
-967.54624
-967.54628
-967.54632
-967.54636
-967.5464
-967.54644
-967.54648
-967.54652
-967.54656
-967.5466
-967.54664
-967.54668
-967.54672
-967.54676
-967.5468
-967.54684
-967.54687
-967.54691
-967.54695
-967.54699
-967.54703
-967.54706
-967.5471
-967.54714
-967.54718
-967.54721
-967.54725
-967.54729
-967.54732
-967.54736
-967.5474
-967.54743
-967.54747
-967.5475
-967.54754
-967.54758
-967.54761
-967.54765
-967.54768
-967.54772
-967.54775
-967.54779
-967.54782
-967.54785
-967.54789
-967.54792
-967.54796
-967.54799
-967.54802
-967.54806
-967.54809
-967.54812
-967.54815
-967.54818
-967.54822
-967.54825
-967.54828
-967.54831
-967.54834
-967.54838
-967.54841
-967.54844
-967.54847
-967.5485
-967.54854
-967.54857
-967.5486
-967.54863
-967.54866
-967.54869
-967.54872
-967.54875
-967.54878
-967.54881
-967.54884
-967.54887
-967.5489
-967.54893
-967.54896
-967.54899
-967.54902
-967.54904
-967.54907
-967.5491
-967.54913
-967.54916
-967.54918
-967.54921
-967.54924
-967.54927
-967.54929
-967.54932
-967.54935
-967.54938
-967.5494
-967.54943
-967.54946
-967.54949
-967.54951
-967.54954
-967.54957
-967.54959
-967.54962
-967.54964
-967.54967
-967.5497
-967.54972
-967.54975
-967.54977
-967.5498
-967.54982
-967.54985
-967.54987
-967.5499
-967.54992
-967.54995
-967.54997
-967.55
-967.55002
-967.55005
-967.55007
-967.5501
-967.55012
-967.55014
-967.55017
-967.55019
-967.55021
-967.55024
-967.55026
-967.55028
-967.55031
-967.55033
-967.55035
-967.55037
-967.5504
-967.55042
-967.55044
-967.55047
-967.55049
-967.55051
-967.55053
-967.55056
-967.55058
-967.5506
-967.55062
-967.55064
-967.55067
-967.55069
-967.55071
-967.55073
-967.55075
-967.55077
-967.55079
-967.55082
-967.55084
-967.55086
-967.55088
-967.5509
-967.55092
-967.55094
-967.55096
-967.55098
-967.551
-967.55102
-967.55104
-967.55106
-967.55108
-967.5511
-967.55112
-967.55114
-967.55116
-967.55118
-967.5512
-967.55122
-967.55124
-967.55126
-967.55128
-967.5513
-967.55132
-967.55133
-967.55135
-967.55137
-967.55139
-967.55141
-967.55143
-967.55144
-967.55146
-967.55148
-967.5515
-967.55152
-967.55153
-967.55155
-967.55157
-967.55159
-967.55161
-967.55162
-967.55164
-967.55166
-967.55168
-967.55169
-967.55171
-967.55173
-967.55175
-967.55176
-967.55178
-967.5518
-967.55181
-967.55183
-967.55185
-967.55187
-967.55188
-967.5519
-967.55191
-967.55193
-967.55195
-967.55196
-967.55198
-967.552
-967.55201
-967.55203
-967.55205
-967.55206
-967.55208
-967.55209
-967.55211
-967.55212
-967.55214
-967.55215
-967.55217
-967.55219
-967.5522
-967.55221
-967.55223
-967.55224
-967.55226
-967.55228
-967.55229
-967.55231
-967.55232
-967.55234
-967.55235
-967.55236
-967.55238
-967.55239
-967.55241
-967.55242
-967.55244
-967.55245
-967.55247
-967.55248
-967.55249
-967.55251
-967.55252
-967.55254
-967.55255
-967.55256
-967.55258
-967.55259
-967.55261
-967.55262
-967.55263
-967.55265
-967.55266
-967.55267
-967.55269
-967.5527
-967.55271
-967.55273
-967.55274
-967.55275
-967.55277
-967.55278
-967.55279
-967.5528
-967.55282
-967.55283
-967.55284
-967.55286
-967.55287
-967.55288
-967.55289
-967.55291
-967.55292
-967.55293
-967.55294
-967.55296
-967.55297
-967.55298
-967.55299
-967.553
-967.55302
-967.55303
-967.55304
-967.55305
-967.55306
-967.55308
-967.55309
-967.5531
-967.55311
-967.55312
-967.55313
-967.55315
-967.55316
-967.55317
-967.55318
-967.55319
-967.5532
-967.55322
-967.55323
-967.55324
-967.55325
-967.55326
-967.55327
-967.55328
-967.55329
-967.5533
-967.55331
-967.55333
-967.55334
-967.55335
-967.55336
-967.55337
-967.55338
-967.55339
-967.5534
-967.55341
-967.55342
-967.55343
-967.55344
-967.55345
-967.55346
-967.55347
-967.55348
-967.55349
-967.5535
-967.55351
-967.55352
-967.55353
-967.55354
-967.55355
-967.55356
-967.55357
-967.55358
-967.55359
-967.5536
-967.55361
-967.55362
-967.55363
-967.55364
-967.55365
-967.55366
-967.55367
-967.55368
-967.55369
-967.5537
-967.55371
-967.55372
-967.55373
-967.55373
-967.55374
-967.55375
-967.55376
-967.55377
-967.55378
-967.55379
-967.5538
-967.55381
-967.55381
-967.55382
-967.55383
-967.55384
-967.55385
-967.55386
-967.55387
-967.55387
-967.55388
-967.55389
-967.5539
-967.55391
-967.55392
-967.55393
-967.55393
-967.55394
-967.55395
-967.55396
-967.55397
-967.55398
-967.55399
-967.55399
-967.554
-967.55401
-967.55402
-967.55403
-967.55403
-967.55404
-967.55405
-967.55406
-967.55407
-967.55407
-967.55408
-967.55409
-967.5541
-967.55411
-967.55411
-967.55412
-967.55413
-967.55414
-967.55414
-967.55415
-967.55416
-967.55417
-967.55418
-967.55418
-967.55419
-967.5542
-967.55421
-967.55421
-967.55422
-967.55423
-967.55424
-967.55424
-967.55425
-967.55426
-967.55427
-967.55427
-967.55428
-967.55429
-967.55429
-967.5543
-967.55431
-967.55432
-967.55432
-967.55433
-967.55434
-967.55434
-967.55435
-967.55436
-967.55437
-967.55437
-967.55438
-967.55439
-967.55439
-967.5544
-967.55441
-967.55441
-967.55442
-967.55443
-967.55443
-967.55444
-967.55445
-967.55445
-967.55446
-967.55447
-967.55447
-967.55448
-967.55449
-967.55449
-967.5545
-967.55451
-967.55451
-967.55452
-967.55453
-967.55453
-967.55454
-967.55454
-967.55455
-967.55456
-967.55456
-967.55457
-967.55457
-967.55458
-967.55459
-967.55459
-967.5546
-967.55461
-967.55461
-967.55462
-967.55462
-967.55463
-967.55464
-967.55464
-967.55465
-967.55466
-967.55466
-967.55467
-967.55467
-967.55468
-967.55468
-967.55469
-967.5547
-967.5547
-967.55471
-967.55471
-967.55472
-967.55472
-967.55473
-967.55474
-967.55474
-967.55475
-967.55475
-967.55476
-967.55476
-967.55477
-967.55477
-967.55478
-967.55479
-967.55479
-967.5548
-967.5548
-967.55481
-967.55481
-967.55482
-967.55483
-967.55483
-967.55484
-967.55484
-967.55485
-967.55485
-967.55486
-967.55486
-967.55487
-967.55487
-967.55488
-967.55488
-967.55489
-967.55489
-967.5549
-967.5549
-967.55491
-967.55491
-967.55492
-967.55492
-967.55493
-967.55493
-967.55494
-967.55494
-967.55495
-967.55495
-967.55496
-967.55496
-967.55497
-967.55497
-967.55498
-967.55498
-967.55499
-967.55499
-967.555
-967.555
-967.555
-967.55501
-967.55501
-967.55502
-967.55502
-967.55503
-967.55503
-967.55504
-967.55504
-967.55505
-967.55505
-967.55505
-967.55506
-967.55506
-967.55507
-967.55507
-967.55508
-967.55508
-967.55509
-967.55509
-967.55509
-967.5551
-967.5551
-967.55511
-967.55511
-967.55512
-967.55512
-967.55513
-967.55513
-967.55513
-967.55514
-967.55514
-967.55515
-967.55515
-967.55515
-967.55516
-967.55516
-967.55517
-967.55517
-967.55517
-967.55518
-967.55518
-967.55519
-967.55519
-967.55519
-967.5552
-967.5552
-967.55521
-967.55521
-967.55521
-967.55522
-967.55522
-967.55523
-967.55523
-967.55523
-967.55524
-967.55524
-967.55524
-967.55525
-967.55525
-967.55526
-967.55526
-967.55526
-967.55527
-967.55527
-967.55528
-967.55528
-967.55528
-967.55529
-967.55529
-967.55529
-967.5553
-967.5553
-967.5553
-967.55531
-967.55531
-967.55532
-967.55532
-967.55532
-967.55533
-967.55533
-967.55533
-967.55534
-967.55534
-967.55534
-967.55535
-967.55535
-967.55535
-967.55536
-967.55536
-967.55536
-967.55537
-967.55537
-967.55537
-967.55538
-967.55538
-967.55538
-967.55539
-967.55539
-967.55539
-967.5554
-967.5554
-967.5554
-967.55541
-967.55541
-967.55541
-967.55542
-967.55542
-967.55542
-967.55543
-967.55543
-967.55543
-967.55544
-967.55544
-967.55544
-967.55545
-967.55545
-967.55545
-967.55545
-967.55546
-967.55546
-967.55546
-967.55547
-967.55547
-967.55547
-967.55548
-967.55548
-967.55548
-967.55549
-967.55549
-967.55549
-967.55549
-967.5555
-967.5555
-967.5555
-967.55551
-967.55551
-967.55551
-967.55551
-967.55552
-967.55552
-967.55552
-967.55553
-967.55553
-967.55553
-967.55553
-967.55554
-967.55554
-967.55554
-967.55555
-967.55555
-967.55555
-967.55555
-967.55556
-967.55556
-967.55556
-967.55556
-967.55557
-967.55557
-967.55557
-967.55558
-967.55558
-967.55558
-967.55558
-967.55559
-967.55559
-967.55559
-967.55559
-967.5556
-967.5556
-967.5556
-967.55561
-967.55561
-967.55561
-967.55561
-967.55562
-967.55562
-967.55562
-967.55562
-967.55563
-967.55563
-967.55563
-967.55563
-967.55564
-967.55564
-967.55564
-967.55564
-967.55565
-967.55565
-967.55565
-967.55565
-967.55566
-967.55566
-967.55566
-967.55566
-967.55567
-967.55567
-967.55567
-967.55567
-967.55567
-967.55568
-967.55568
-967.55568
-967.55568
-967.55569
-967.55569
-967.55569
-967.55569
-967.5557
-967.5557
-967.5557
-967.5557
-967.5557
-967.55571
-967.55571
-967.55571
-967.55571
-967.55572
-967.55572
-967.55572
-967.55572
-967.55572
-967.55573
-967.55573
-967.55573
-967.55573
-967.55573
-967.55574
-967.55574
-967.55574
-967.55574
-967.55575
-967.55575
-967.55575
-967.55575
-967.55575
-967.55576
-967.55576
-967.55576
-967.55576
-967.55576
-967.55577
-967.55577
-967.55577
-967.55577
-967.55577
-967.55578
-967.55578
-967.55578
-967.55578
-967.55578
-967.55579
-967.55579
-967.55579
-967.55579
-967.55579
-967.5558
-967.5558
-967.5558
-967.5558
-967.5558
-967.55581
-967.55581
-967.55581
-967.55581
-967.55581
-967.55581
-967.55582
-967.55582
-967.55582
-967.55582
-967.55582
-967.55583
-967.55583
-967.55583
-967.55583
-967.55583
-967.55584
-967.55584
-967.55584
-967.55584
-967.55584
-967.55584
-967.55585
-967.55585
-967.55585
-967.55585
-967.55585
-967.55585
-967.55586
-967.55586
-967.55586
-967.55586
-967.55586
-967.55586
-967.55587
-967.55587
-967.55587
-967.55587
-967.55587
-967.55587
-967.55588
-967.55588
-967.55588
-967.55588
-967.55588
-967.55588
-967.55589
-967.55589
-967.55589
-967.55589
-967.55589
-967.55589
-967.5559
-967.5559
-967.5559
-967.5559
-967.5559
-967.5559
-967.55591
-967.55591
-967.55591
-967.55591
-967.55591
-967.55591
-967.55591
-967.55592
-967.55592
-967.55592
-967.55592
-967.55592
-967.55592
-967.55593
-967.55593
-967.55593
-967.55593
-967.55593
-967.55593
-967.55593
-967.55594
-967.55594
-967.55594
-967.55594
-967.55594
-967.55594
-967.55594
-967.55595
-967.55595
-967.55595
-967.55595
-967.55595
-967.55595
-967.55595
-967.55596
-967.55596
-967.55596
-967.55596
-967.55596
-967.55596
-967.55596
-967.55597
-967.55597
-967.55597
-967.55597
-967.55597
-967.55597
-967.55597
-967.55597
-967.55598
-967.55598
-967.55598
-967.55598
-967.55598
-967.55598
-967.55598
-967.55598
-967.55599
-967.55599
-967.55599
-967.55599
-967.55599
-967.55599
-967.55599
-967.556
-967.556
-967.556
-967.556
-967.556
-967.556
-967.556
-967.556
-967.556
-967.55601
-967.55601
-967.55601
-967.55601
-967.55601
-967.55601
-967.55601
-967.55601
-967.55602
-967.55602
-967.55602
-967.55602
-967.55602
-967.55602
-967.55602
-967.55602
-967.55602
-967.55603
-967.55603
-967.55603
-967.55603
-967.55603
-967.55603
-967.55603
-967.55603
-967.55603
-967.55604
-967.55604
-967.55604
-967.55604
-967.55604
-967.55604
-967.55604
-967.55604
-967.55604
-967.55605
-967.55605
-967.55605
-967.55605
-967.55605
-967.55605
-967.55605
-967.55605
-967.55605
-967.55606
-967.55606
-967.55606
-967.55606
-967.55606
-967.55606
-967.55606
-967.55606
-967.55606
-967.55606
-967.55606
-967.55607
-967.55607
-967.55607
-967.55607
-967.55607
-967.55607
-967.55607
-967.55607
-967.55607
-967.55607
-967.55608
-967.55608
-967.55608
-967.55608
-967.55608
-967.55608
-967.55608
-967.55608
-967.55608
-967.55608
-967.55609
-967.55609
-967.55609
-967.55609
-967.55609
-967.55609
-967.55609
-967.55609
-967.55609
-967.55609
-967.55609
-967.55609
-967.5561
-967.5561
-967.5561
-967.5561
-967.5561
-967.5561
-967.5561
-967.5561
-967.5561
-967.5561
-967.5561
-967.55611
-967.55611
-967.55611
-967.55611
-967.55611
-967.55611
-967.55611
-967.55611
-967.55611
-967.55611
-967.55611
-967.55611
-967.55612
-967.55612
-967.55612
-967.55612
-967.55612
-967.55612
-967.55612
-967.55612
-967.55612
-967.55612
-967.55612
-967.55612
-967.55612
-967.55613
-967.55613
-967.55613
-967.55613
-967.55613
-967.55613
-967.55613
-967.55613
-967.55613
-967.55613
-967.55613
-967.55613
-967.55613
-967.55614
-967.55614
-967.55614
-967.55614
-967.55614
-967.55614
-967.55614
-967.55614
-967.55614
-967.55614
-967.55614
-967.55614
-967.55614
-967.55615
-967.55615
-967.55615
-967.55615
-967.55615
-967.55615
-967.55615
-967.55615
-967.55615
-967.55615
-967.55615
-967.55615
-967.55615
-967.55615
-967.55616
-967.55616
-967.55616
-967.55616
-967.55616
-967.55616
-967.55616
-967.55616
-967.55616
-967.55616
-967.55616
-967.55616
-967.55616
-967.55616
-967.55616
-967.55617
-967.55617
-967.55617
-967.55617
-967.55617
-967.55617
-967.55617
-967.55617
-967.55617
-967.55617
-967.55617
-967.55617
-967.55617
-967.55617
-967.55617
-967.55617
-967.55618
-967.55618
-967.55618
-967.55618
-967.55618
-967.55618
-967.55618
-967.55618
-967.55618
-967.55618
-967.55618
-967.55618
-967.55618
-967.55618
-967.55618
-967.55618
-967.55619
-967.55619
-967.55619
-967.55619
-967.55619
-967.55619
-967.55619
-967.55619
-967.55619
-967.55619
-967.55619
-967.55619
-967.55619
-967.55619
-967.55619
-967.55619
-967.55619
-967.5562
-967.5562
-967.5562
-967.5562
-967.5562
-967.5562
-967.5562
-967.5562
-967.5562
-967.5562
-967.5562
-967.5562
-967.5562
-967.5562
-967.5562
-967.5562
-967.5562
-967.5562
-967.55621
-967.55621
-967.55621
-967.55621
-967.55621
-967.55621
-967.55621
-967.55621
-967.55621
-967.55621
-967.55621
-967.55621
-967.55621
-967.55621
-967.55621
-967.55621
-967.55621
-967.55621
-967.55621
-967.55621
-967.55622
-967.55622
-967.55622
-967.55622
-967.55622
-967.55622
-967.55622
-967.55622
-967.55622
-967.55622
-967.55622
-967.55622
-967.55622
-967.55622
-967.55622
-967.55622
-967.55622
-967.55622
-967.55622
-967.55622
-967.55623
-967.55623
-967.55623
-967.55623
-967.55623
-967.55623
-967.55623
-967.55623
-967.55623
-967.55623
-967.55623
-967.55623
-967.55623
-967.55623
-967.55623
-967.55623
-967.55623
-967.55623
-967.55623
-967.55623
-967.55623
-967.55624
-967.55624
-967.55624
-967.55624
-967.55624
-967.55624
-967.55624
-967.55624
-967.55624
-967.55624
-967.55624
-967.55624
-967.55624
-967.55624
-967.55624
-967.55624
-967.55624
-967.55624
-967.55624
-967.55624
-967.55624
-967.55624
-967.55624
-967.55625
-967.55625
-967.55625
-967.55625
-967.55625
-967.55625
-967.55625
-967.55625
-967.55625
-967.55625
-967.55625
-967.55625
-967.55625
-967.55625
-967.55625
-967.55625
-967.55625
-967.55625
-967.55625
-967.55625
-967.55625
-967.55625
-967.55625
-967.55626
-967.55626
-967.55626
-967.55626
-967.55626
-967.55626
-967.55626
-967.55626
-967.55626
-967.55626
-967.55626
-967.55626
-967.55626
-967.55626
-967.55626
-967.55626
-967.55626
-967.55626
-967.55626
-967.55626
-967.55626
-967.55626
-967.55626
-967.55626
-967.55626
-967.55626
-967.55627
-967.55627
-967.55627
-967.55627
-967.55627
-967.55627
-967.55627
-967.55627
-967.55627
-967.55627
-967.55627
-967.55627
-967.55627
-967.55627
-967.55627
-967.55627
-967.55627
-967.55627
-967.55627
-967.55627
-967.55627
-967.55627
-967.55627
-967.55627
-967.55627
-967.55627
-967.55627
-967.55627
-967.55628
-967.55628
-967.55628
-967.55628
-967.55628
-967.55628
-967.55628
-967.55628
-967.55628
-967.55628
-967.55628
-967.55628
-967.55628
-967.55628
-967.55628
-967.55628
-967.55628
-967.55628
-967.55628
-967.55628
-967.55628
-967.55628
-967.55628
-967.55628
-967.55628
-967.55628
-967.55628
-967.55628
-967.55628
-967.55628
-967.55629
-967.55629
-967.55629
-967.55629
-967.55629
-967.55629
-967.55629
-967.55629
-967.55629
-967.55629
-967.55629
-967.55629
-967.55629
-967.55629
-967.55629
-967.55629
-967.55629
-967.55629
-967.55629
-967.55629
-967.55629
-967.55629
-967.55629
-967.55629
-967.55629
-967.55629
-967.55629
-967.55629
-967.55629
-967.55629
-967.55629
-967.55629
-967.55629
-967.5563
-967.5563
-967.5563
-967.5563
-967.5563
-967.5563
-967.5563
-967.5563
-967.5563
-967.5563
-967.5563
-967.5563
-967.5563
-967.5563
-967.5563
-967.5563
-967.5563
-967.5563
-967.5563
-967.5563
-967.5563
-967.5563
-967.5563
-967.5563
-967.5563
-967.5563
-967.5563
-967.5563
-967.5563
-967.5563
-967.5563
-967.5563
-967.5563
-967.5563
-967.5563
-967.5563
-967.55631
-967.55631
-967.55631
-967.55631
-967.55631
-967.55631
-967.55631
-967.55631
-967.55631
-967.55631
-967.55631
-967.55631
-967.55631
-967.55631
-967.55631
-967.55631
-967.55631
-967.55631
-967.55631
-967.55631
-967.55631
-967.55631
-967.55631
-967.55631
-967.55631
-967.55631
-967.55631
-967.55631
-967.55631
-967.55631
-967.55631
-967.55631
-967.55631
-967.55631
-967.55631
-967.55631
-967.55631
-967.55631
-967.55631
-967.55632
-967.55632
-967.55632
-967.55632
-967.55632
-967.55632
-967.55632
-967.55632
-967.55632
-967.55632
-967.55632
-967.55632
-967.55632
-967.55632
-967.55632
-967.55632
-967.55632
-967.55632
-967.55632
-967.55632
-967.55632
-967.55632
-967.55632
-967.55632
-967.55632
-967.55632
-967.55632
-967.55632
-967.55632
-967.55632
-967.55632
-967.55632
-967.55632
-967.55632
-967.55632
-967.55632
-967.55632
-967.55632
-967.55632
-967.55632
-967.55632
-967.55632
-967.55632
-967.55632
-967.55633
-967.55633
-967.55633
-967.55633
-967.55633
-967.55633
-967.55633
-967.55633
-967.55633
-967.55633
-967.55633
-967.55633
-967.55633
-967.55633
-967.55633
-967.55633
-967.55633
-967.55633
-967.55633
-967.55633
-967.55633
-967.55633
-967.55633
-967.55633
-967.55633
-967.55633
-967.55633
-967.55633
-967.55633
-967.55633
-967.55633
-967.55633
-967.55633
-967.55633
-967.55633
-967.55633
-967.55633
-967.55633
-967.55633
-967.55633
-967.55633
-967.55633
-967.55633
-967.55633
-967.55633
-967.55633
-967.55633
-967.55633
-967.55633
-967.55633
-967.55634
-967.55634
-967.55634
-967.55634
-967.55634
-967.55634
-967.55634
-967.55634
-967.55634
-967.55634
-967.55634
-967.55634
-967.55634
-967.55634
-967.55634
-967.55634
-967.55634
-967.55634
-967.55634
-967.55634
-967.55634
-967.55634
-967.55634
-967.55634
-967.55634
-967.55634
-967.55634
-967.55634
-967.55634
-967.55634
-967.55634
-967.55634
-967.55634
-967.55634
-967.55634
-967.55634
-967.55634
-967.55634
-967.55634
-967.55634
-967.55634
-967.55634
-967.55634
-967.55634
-967.55634
-967.55634
-967.55634
-967.55634
-967.55634
-967.55634
-967.55634
-967.55634
-967.55634
-967.55634
-967.55634
-967.55634
-967.55634
-967.55635
-967.55635
-967.55635
-967.55635
-967.55635
-967.55635
-967.55635
-967.55635
-967.55635
-967.55635
-967.55635
-967.55635
-967.55635
-967.55635
-967.55635
-967.55635
-967.55635
-967.55635
-967.55635
-967.55635
-967.55635
-967.55635
-967.55635
-967.55635
-967.55635
-967.55635
-967.55635
-967.55635
-967.55635
-967.55635
-967.55635
-967.55635
-967.55635
-967.55635
-967.55635
-967.55635
-967.55635
-967.55635
-967.55635
-967.55635
-967.55635
-967.55635
-967.55635
-967.55635
-967.55635
-967.55635
-967.55635
-967.55635
-967.55635
-967.55635
-967.55635
-967.55635
-967.55635
-967.55635
-967.55635
-967.55635
-967.55635
-967.55635
-967.55635
-967.55635
-967.55635
-967.55635
-967.55635
-967.55635
-967.55635
-967.55635
-967.55635
-967.55635
-967.55636
-967.55636
-967.55636
-967.55636
-967.55636
-967.55636
-967.55636
-967.55636
-967.55636
-967.55636
-967.55636
-967.55636
-967.55636
-967.55636
-967.55636
-967.55636
-967.55636
-967.55636
-967.55636
-967.55636
-967.55636
-967.55636
-967.55636
-967.55636
-967.55636
-967.55636
-967.55636
-967.55636
-967.55636
-967.55636
-967.55636
-967.55636
-967.55636
-967.55636
-967.55636
-967.55636
-967.55636
-967.55636
-967.55636
-967.55636
-967.55636
-967.55636
-967.55636
-967.55636
-967.55636
-967.55636
-967.55636
-967.55636
-967.55636
-967.55636
-967.55636
-967.55636
-967.55636
-967.55636
-967.55636
-967.55636
-967.55636
-967.55636
-967.55636
-967.55636
-967.55636
-967.55636
-967.55636
-967.55636
-967.55636
-967.55636
-967.55636
-967.55636
-967.55636
-967.55636
-967.55636
-967.55636
-967.55636
-967.55636
-967.55636
-967.55636
-967.55636
-967.55636
-967.55636
-967.55636
-967.55636
-967.55637
-967.55637
-967.55637
-967.55637
-967.55637
-967.55637
-967.55637
-967.55637
-967.55637
-967.55637
-967.55637
-967.55637
-967.55637
-967.55637
-967.55637
-967.55637
-967.55637
-967.55637
-967.55637
-967.55637
-967.55637
-967.55637
-967.55637
-967.55637
-967.55637
-967.55637
-967.55637
-967.55637
-967.55637
-967.55637
-967.55637
-967.55637
-967.55637
-967.55637
-967.55637
-967.55637
-967.55637
-967.55637
-967.55637
-967.55637
-967.55637
-967.55637
-967.55637
-967.55637
-967.55637
-967.55637
-967.55637
-967.55637
-967.55637
-967.55637
-967.55637
-967.55637
-967.55637
-967.55637
-967.55637
-967.55637
-967.55637
-967.55637
-967.55637
-967.55637
-967.55637
-967.55637
-967.55637
-967.55637
-967.55637
-967.55637
-967.55637
-967.55637
-967.55637
-967.55637
-967.55637
-967.55637
-967.55637
-967.55637
-967.55637
-967.55637
-967.55637
-967.55637
-967.55637
-967.55637
-967.55637
-967.55637
-967.55637
-967.55637
-967.55637
-967.55637
-967.55637
-967.55637
-967.55637
-967.55637
-967.55637
-967.55637
-967.55637
-967.55637
-967.55637
-967.55637
-967.55637
-967.55637
-967.55637
-967.55637
-967.55637
-967.55637
-967.55637
-967.55637
-967.55637
-967.55637
-967.55637
-967.55638
-967.55638
-967.55638
-967.55638
-967.55638
-967.55638
-967.55638
-967.55638
-967.55638
-967.55638
-967.55638
-967.55638
-967.55638
-967.55638
-967.55638
-967.55638
-967.55638
-967.55638
-967.55638
-967.55638
-967.55638
-967.55638
-967.55638
-967.55638
-967.55638
-967.55638
-967.55638
-967.55638
-967.55638
-967.55638
-967.55638
-967.55638
-967.55638
-967.55638
-967.55638
-967.55638
-967.55638
-967.55638
-967.55638
-967.55638
-967.55638
-967.55638
-967.55638
-967.55638
-967.55638
-967.55638
-967.55638
-967.55638
-967.55638
-967.55638
-967.55638
-967.55638
-967.55638
-967.55638
-967.55638
-967.55638
-967.55638
-967.55638
-967.55638
-967.55638
-967.55638
-967.55638
-967.55638
-967.55638
-967.55638
-967.55638
-967.55638
-967.55638
-967.55638
-967.55638
-967.55638
-967.55638
-967.55638
-967.55638
-967.55638
-967.55638
-967.55638
-967.55638
-967.55638
-967.55638
-967.55638
-967.55638
-967.55638
-967.55638
-967.55638
-967.55638
-967.55638
-967.55638
-967.55638
-967.55638
-967.55638
-967.55638
-967.55638
-967.55638
-967.55638
-967.55638
-967.55638
-967.55638
-967.55638
-967.55638
-967.55638
-967.55638
-967.55638
-967.55638
-967.55638
-967.55638
-967.55638
-967.55638
-967.55638
-967.55638
-967.55638
-967.55638
-967.55638
-967.55638
-967.55638
-967.55638
-967.55638
-967.55638
-967.55638
-967.55638
-967.55638
-967.55638
-967.55638
-967.55638
-967.55638
-967.55638
-967.55638
-967.55638
-967.55638
-967.55638
-967.55638
-967.55638
-967.55638
-967.55638
-967.55638
-967.55638
-967.55638
-967.55638
-967.55638
-967.55638
-967.55638
-967.55638
-967.55638
-967.55638
-967.55638
-967.55638
-967.55638
-967.55638
-967.55638
-967.55638
-967.55638
-967.55638
-967.55639
-967.55639
-967.55639
-967.55639
-967.55639
-967.55639
-967.55639
-967.55639
-967.55639
-967.55639
-967.55639
-967.55639
-967.55639
-967.55639
-967.55639
-967.55639
-967.55639
-967.55639
-967.55639
-967.55639
-967.55639
-967.55639
-967.55639
-967.55639
-967.55639
-967.55639
-967.55639
-967.55639
-967.55639
-967.55639
-967.55639
-967.55639
-967.55639
-967.55639
-967.55639
-967.55639
-967.55639
-967.55639
-967.55639
-967.55639
-967.55639
-967.55639
-967.55639
-967.55639
-967.55639
-967.55639
-967.55639
-967.55639
-967.55639
-967.55639
-967.55639
-967.55639
-967.55639
-967.55639
-967.55639
-967.55639
-967.55639
-967.55639
-967.55639
-967.55639
-967.55639
-967.55639
-967.55639
-967.55639
-967.55639
-967.55639
-967.55639
-967.55639
-967.55639
-967.55639
-967.55639
-967.55639
-967.55639
-967.55639
-967.55639
-967.55639
-967.55639
-967.55639
-967.55639
-967.55639
-967.55639
-967.55639
-967.55639
-967.55639
-967.55639
-967.55639
-967.55639
-967.55639
-967.55639
-967.55639
-967.55639
-967.55639
-967.55639
-967.55639
-967.55639
-967.55639
-967.55639
-967.55639
-967.55639
-967.55639
-967.55639
-967.55639
-967.55639
-967.55639
-967.55639
-967.55639
-967.55639
-967.55639
-967.55639
-967.55639
-967.55639
-967.55639
-967.55639
-967.55639
-967.55639
-967.55639
-967.55639
-967.55639
-967.55639
-967.55639
-967.55639
-967.55639
-967.55639
-967.55639
-967.55639
-967.55639
-967.55639
-967.55639
-967.55639
-967.55639
-967.55639
-967.55639
-967.55639
-967.55639
-967.55639
-967.55639
-967.55639
-967.55639
-967.55639
-967.55639
-967.55639
-967.55639
-967.55639
-967.55639
-967.55639
-967.55639
-967.55639
-967.55639
-967.55639
-967.55639
-967.55639
-967.55639
-967.55639
-967.55639
-967.55639
-967.55639
-967.55639
-967.55639
-967.55639
-967.55639
-967.55639
-967.55639
-967.55639
-967.55639
-967.55639
-967.55639
-967.55639
-967.55639
-967.55639
-967.55639
-967.55639
-967.55639
-967.55639
-967.55639
-967.55639
-967.55639
-967.55639
-967.55639
-967.55639
-967.55639
-967.55639
-967.55639
-967.55639
-967.55639
-967.55639
-967.55639
-967.55639
-967.55639
-967.55639
-967.55639
-967.55639
-967.55639
-967.55639
-967.55639
-967.55639
-967.55639
-967.55639
-967.55639
-967.55639
-967.55639
-967.55639
-967.55639
-967.55639
-967.55639
-967.55639
-967.55639
-967.55639
-967.55639
-967.55639
-967.55639
-967.55639
-967.55639
-967.55639
-967.55639
-967.55639
-967.55639
-967.55639
-967.55639
-967.55639
-967.55639
-967.55639
-967.55639
-967.55639
-967.55639
-967.55639
-967.55639
-967.55639
-967.55639
-967.55639
-967.55639
-967.55639
-967.55639
-967.55639
-967.55639
-967.55639
-967.55639
-967.55639
-967.55639
-967.55639
-967.55639
-967.55639
-967.55639
-967.55639
-967.55639
-967.55639
-967.55639
-967.55639
-967.55639
-967.55639
-967.55639
-967.55639
-967.5564
-967.5564
-967.5564
-967.5564
-967.5564
-967.5564
-967.5564
-967.5564
-967.5564
-967.5564
-967.5564
-967.5564
-967.5564
-967.5564
-967.5564
-967.5564
-967.5564
-967.5564
-967.5564
-967.5564
-967.5564
-967.5564
-967.5564
-967.5564
-967.5564
-967.5564
-967.5564
-967.5564
-967.5564
-967.5564
-967.5564
-967.5564
-967.5564
-967.5564
-967.5564
-967.5564
-967.5564
-967.5564
-967.5564
-967.5564
-967.5564
-967.5564
-967.5564
-967.5564
-967.5564
-967.5564
-967.5564
-967.5564
-967.5564
-967.5564
-967.5564
-967.5564
-967.5564
-967.5564
-967.5564
-967.5564
-967.5564
-967.5564
-967.5564
-967.5564
-967.5564
-967.5564
-967.5564
-967.5564
-967.5564
-967.5564
-967.5564
-967.5564
-967.5564
-967.5564
-967.5564
-967.5564
-967.5564
-967.5564
-967.5564
-967.5564
-967.5564
-967.5564
-967.5564
-967.5564
-967.5564
-967.5564
-967.5564
-967.5564
-967.5564
-967.5564
-967.5564
-967.5564
-967.5564
-967.5564
-967.5564
-967.5564
-967.5564
-967.5564
-967.5564
-967.5564
-967.5564
-967.5564
-967.5564
-967.5564
-967.5564
-967.5564
-967.5564
-967.5564
-967.5564
-967.5564
-967.5564
-967.5564
-967.5564
-967.5564
-967.5564
-967.5564
-967.5564
-967.5564
-967.5564
-967.5564
-967.5564
-967.5564
-967.5564
-967.5564
-967.5564
-967.5564
-967.5564
-967.5564
-967.5564
-967.5564
-967.5564
-967.5564
-967.5564
-967.5564
-967.5564
-967.5564
-967.5564
-967.5564
-967.5564
-967.5564
-967.5564
-967.5564
-967.5564
-967.5564
-967.5564
-967.5564
-967.5564
-967.5564
-967.5564
-967.5564
-967.5564
-967.5564
-967.5564
-967.5564
-967.5564
-967.5564
-967.5564
-967.5564
-967.5564
-967.5564
-967.5564
-967.5564
-967.5564
-967.5564
-967.5564
-967.5564
-967.5564
-967.5564
-967.5564
-967.5564
-967.5564
-967.5564
-967.5564
-967.5564
-967.5564
-967.5564
-967.5564
-967.5564
-967.5564
-967.5564
-967.5564
-967.5564
-967.5564
-967.5564
-967.5564
-967.5564
-967.5564
-967.5564
-967.5564
-967.5564
-967.5564
-967.5564
-967.5564
-967.5564
-967.5564
-967.5564
-967.5564
-967.5564
-967.5564
-967.5564
-967.5564
-967.5564
-967.5564
-967.5564
-967.5564
-967.5564
-967.5564
-967.5564
-967.5564
-967.5564
-967.5564
-967.5564
-967.5564
-967.5564
-967.5564
-967.5564
-967.5564
-967.5564
-967.5564
-967.5564
-967.5564
-967.5564
-967.5564
-967.5564
-967.5564
-967.5564
-967.5564
-967.5564
-967.5564
-967.5564
-967.5564
-967.5564
-967.5564
-967.5564
-967.5564
-967.5564
-967.5564
-967.5564
-967.5564
-967.5564
-967.5564
-967.5564
-967.5564
-967.5564
-967.5564
-967.5564
-967.5564
-967.5564
-967.5564
-967.5564
-967.5564
-967.5564
-967.5564
-967.5564
-967.5564
-967.5564
-967.5564
-967.5564
-967.5564
-967.5564
-967.5564
-967.5564
-967.5564
-967.5564
-967.5564
-967.5564
-967.5564
-967.5564
-967.5564
-967.5564
-967.5564
-967.5564
-967.5564
-967.5564
-967.5564
-967.5564
-967.5564
-967.5564
-967.5564
-967.5564
-967.5564
-967.5564
-967.5564
-967.5564
-967.5564
-967.5564
-967.5564
-967.5564
-967.5564
-967.5564
-967.5564
-967.5564
-967.5564
-967.5564
-967.5564
-967.5564
-967.5564
-967.5564
-967.5564
-967.5564
-967.5564
-967.5564
-967.5564
-967.5564
-967.5564
-967.5564
-967.5564
-967.5564
-967.5564
-967.5564
-967.5564
-967.5564
-967.5564
-967.5564
-967.5564
-967.5564
-967.5564
-967.5564
-967.5564
-967.5564
-967.5564
-967.5564
-967.5564
-967.5564
-967.5564
-967.5564
-967.5564
-967.5564
-967.5564
-967.5564
-967.5564
-967.5564
-967.5564
-967.5564
-967.5564
-967.5564
-967.5564
-967.5564
-967.5564
-967.5564
-967.5564
-967.5564
-967.5564
-967.5564
-967.5564
-967.5564
-967.5564
-967.5564
-967.5564
-967.5564
-967.5564
-967.5564
-967.5564
-967.5564
-967.5564
-967.5564
-967.5564
-967.5564
-967.5564
-967.5564
-967.5564
-967.5564
-967.5564
-967.5564
-967.5564
-967.5564
-967.5564
-967.5564
-967.5564
-967.5564
-967.5564
-967.5564
-967.5564
-967.5564
-967.5564
-967.5564
-967.5564
-967.5564
-967.5564
-967.5564
-967.5564
-967.5564
-967.5564
-967.5564
-967.5564
-967.5564
-967.5564
-967.5564
-967.5564
-967.5564
-967.5564
-967.5564
-967.5564
-967.5564
-967.5564
-967.5564
-967.5564
-967.5564
-967.5564
-967.5564
-967.5564
-967.5564
-967.5564
-967.5564
-967.5564
-967.5564
-967.5564
-967.5564
-967.5564
-967.5564
-967.5564
-967.5564
-967.5564
-967.5564
-967.5564
-967.5564
-967.5564
-967.5564
-967.5564
-967.5564
-967.5564
-967.5564
-967.5564
-967.5564
-967.5564
-967.5564
-967.5564
-967.5564
-967.5564
-967.5564
-967.5564
-967.5564
-967.5564
-967.5564
-967.5564
-967.5564
-967.5564
-967.5564
-967.5564
-967.5564
-967.5564
-967.5564
-967.5564
-967.5564
-967.5564
-967.5564
-967.5564
-967.5564
-967.5564
-967.5564
-967.5564
-967.5564
-967.5564
-967.5564
-967.5564
-967.5564
-967.5564
-967.5564
-967.5564
-967.5564
-967.5564
-967.5564
-967.5564
-967.5564
-967.5564
-967.5564
-967.5564
-967.5564
-967.5564
-967.5564
-967.5564
-967.5564
-967.5564
-967.5564
-967.5564
-967.5564
-967.5564
-967.5564
-967.5564
-967.5564
-967.5564
-967.5564
-967.5564
-967.5564
-967.5564
-967.5564
-967.5564
-967.5564
-967.5564
-967.5564
-967.5564
-967.5564
-967.5564
-967.5564
-967.5564
-967.5564
-967.5564
-967.5564
-967.5564
-967.5564
-967.5564
-967.5564
-967.5564
-967.5564
-967.5564
-967.5564
-967.5564
-967.5564
-967.5564
-967.5564
-967.5564
-967.5564
-967.5564
-967.5564
-967.5564
-967.5564
-967.5564
-967.5564
-967.5564
-967.5564
-967.5564
-967.5564
-967.5564
-967.5564
-967.5564
-967.5564
-967.5564
-967.5564
-967.5564
-967.5564
-967.5564
-967.5564
-967.5564
-967.5564
-967.5564
-967.5564
-967.5564
-967.5564
-967.5564
-967.5564
-967.5564
-967.5564
-967.5564
-967.5564
-967.5564
-967.5564
-967.5564
-967.5564
-967.5564
-967.5564
-967.5564
-967.5564
-967.5564
-967.5564
-967.5564
-967.5564
-967.5564
-967.5564
-967.5564
-967.5564
-967.5564
-967.5564
-967.5564
-967.5564
-967.5564
-967.5564
-967.5564
-967.5564
-967.5564
-967.5564
-967.5564
-967.5564
-967.5564
-967.5564
-967.5564
-967.5564
-967.5564
-967.5564
-967.5564
-967.5564
-967.5564
-967.5564
-967.5564
-967.5564
-967.5564
-967.5564
-967.5564
-967.5564
-967.5564
-967.5564
-967.5564
-967.5564
-967.5564
-967.5564
-967.5564
-967.5564
-967.5564
-967.5564
-967.5564
-967.5564
-967.5564
-967.5564
-967.5564
-967.5564
-967.5564
-967.5564
-967.5564
-967.5564
-967.5564
-967.5564
-967.5564
-967.5564
-967.5564
-967.5564
-967.5564
-967.5564
-967.5564
-967.5564
-967.5564
-967.5564
-967.5564
-967.5564
-967.5564
-967.5564
-967.5564
-967.5564
-967.5564
-967.5564
-967.5564
-967.5564
-967.5564
-967.5564
-967.5564
-967.5564
-967.5564
-967.5564
-967.5564
-967.5564
-967.5564
-967.5564
-967.5564
-967.5564
-967.5564
-967.5564
-967.5564
-967.5564
-967.5564
-967.5564
-967.5564
-967.5564
-967.5564
-967.5564
-967.5564
-967.5564
-967.5564
-967.5564
-967.5564
-967.5564
-967.5564
-967.5564
-967.5564
-967.5564
-967.5564
-967.5564
-967.5564
-967.5564
-967.5564
-967.5564
-967.5564
-967.5564
-967.5564
-967.5564
-967.5564
-967.5564
-967.5564
-967.5564
-967.5564
-967.5564
-967.5564
-967.5564
-967.5564
-967.5564
-967.5564
-967.5564
-967.5564
-967.5564
-967.5564
-967.5564
-967.5564
-967.5564
-967.5564
-967.5564
-967.5564
-967.5564
-967.5564
-967.5564
-967.5564
-967.5564
-967.5564
-967.5564
-967.5564
-967.5564
-967.5564
-967.5564
-967.5564
-967.5564
-967.5564
-967.5564
-967.5564
-967.5564
-967.5564
-967.5564
-967.5564
-967.5564
-967.5564
-967.5564
-967.5564
-967.5564
-967.5564
-967.5564
-967.5564
-967.5564
-967.5564
-967.5564
-967.5564
-967.5564
-967.5564
-967.5564
-967.5564
-967.5564
-967.5564
-967.5564
-967.5564
-967.5564
-967.5564
-967.5564
-967.5564
-967.5564
-967.5564
-967.5564
-967.5564
-967.5564
-967.5564
-967.5564
-967.5564
-967.5564
-967.5564
-967.5564
-967.5564
-967.5564
-967.5564
-967.5564
-967.5564
-967.5564
-967.5564
-967.5564
-967.5564
-967.5564
-967.5564
-967.5564
-967.5564
-967.5564
-967.5564
-967.5564
-967.5564
-967.5564
-967.5564
-967.5564
-967.5564
-967.5564
-967.5564
-967.5564
-967.5564
-967.5564
-967.5564
-967.5564
-967.5564
-967.5564
-967.5564
-967.5564
-967.5564
-967.5564
-967.5564
-967.5564
-967.5564
-967.5564
-967.5564
-967.5564
-967.5564
-967.5564
-967.5564
-967.5564
-967.5564
-967.5564
-967.5564
-967.5564
-967.5564
-967.5564
-967.5564
-967.5564
-967.5564
-967.5564
-967.5564
-967.5564
-967.5564
-967.5564
-967.5564
-967.5564
-967.5564
-967.5564
-967.5564
-967.5564
-967.5564
-967.5564
-967.5564
-967.5564
-967.5564
-967.5564
-967.5564
-967.5564
-967.5564
-967.5564
-967.5564
-967.5564
-967.5564
-967.5564
-967.5564
-967.5564
-967.5564
-967.5564
-967.5564
-967.5564
-967.5564
-967.5564
-967.5564
-967.5564
-967.5564
-967.5564
-967.5564
-967.5564
-967.5564
-967.5564
-967.5564
-967.5564
-967.5564
-967.5564
-967.5564
-967.5564
-967.5564
-967.5564
-967.5564
-967.5564
-967.5564
-967.5564
-967.5564
-967.5564
-967.5564
-967.5564
-967.5564
-967.5564
-967.5564
-967.5564
-967.5564
-967.5564
-967.5564
-967.5564
-967.5564
-967.5564
-967.5564
-967.5564
-967.5564
-967.5564
-967.5564
-967.5564
-967.5564
-967.5564
-967.5564
-967.5564
-967.5564
-967.5564
-967.5564
-967.5564
-967.5564
-967.5564
-967.5564
-967.5564
-967.55641
-967.55641
-967.55641
-967.55641
-967.55641
-967.55641
-967.55641
-967.55641
-967.55641
-967.55641
-967.55641
-967.55641
-967.55641
-967.55641
-967.55641
-967.55641
-967.55641
-967.55641
-967.55641
-967.55641
-967.55641
-967.55641
-967.55641
-967.55641
-967.55641
-967.55641
-967.55641
-967.55641
-967.55641
-967.55641
-967.55641
-967.55641
-967.55641
-967.55641
-967.55641
-967.55641
-967.55641
-967.55641
-967.55641
-967.55641
-967.55641
-967.55641
-967.55641
-967.55641
-967.55641
-967.55641
-967.55641
-967.55641
-967.55641
-967.55641
-967.55641
-967.55641
-967.55641
-967.55641
-967.55641
-967.55641
-967.55641
-967.55641
-967.55641
-967.55641
-967.55641
-967.55641
-967.55641
-967.55641
-967.55641
-967.55641
-967.55641
-967.55641
-967.55641
-967.55641
-967.55641
-967.55641
-967.55641
-967.55641
-967.55641
-967.55641
-967.55641
-967.55641
-967.55641
-967.55641
-967.55641
-967.55641
-967.55641
-967.55641
-967.55641
-967.55641
-967.55641
-967.55641
-967.55641
-967.55641
-967.55641
-967.55641
-967.55641
-967.55641
-967.55641
-967.55641
-967.55641
-967.55641
-967.55641
-967.55641
-967.55641
-967.55641
-967.55641
-967.55641
-967.55641
-967.55641
-967.55641
-967.55641
-967.55641
-967.55641
-967.55641
-967.55641
-967.55641
-967.55641
-967.55641
-967.55641
-967.55641
-967.55641
-967.55641
-967.55641
-967.55641
-967.55641
-967.55641
-967.55641
-967.55641
-967.55641
-967.55641
-967.55641
-967.55641
-967.55641
-967.55641
-967.55641
-967.55641
-967.55641
-967.55641
-967.55641
-967.55641
-967.55641
-967.55641
-967.55641
-967.55641
-967.55641
-967.55641
-967.55641
-967.55641
-967.55641
-967.55641
-967.55641
-967.55641
-967.55641
-967.55641
-967.55641
-967.55641
-967.55641
-967.55641
-967.55641
-967.55641
-967.55641
-967.55641
-967.55641
-967.55641
-967.55641
-967.55641
-967.55641
-967.55641
-967.55641
-967.55641
-967.55641
-967.55641
-967.55641
-967.55641
-967.55641
-967.55641
-967.55641
-967.55641
-967.55641
-967.55641
-967.55641
-967.55641
-967.55641
-967.55641
-967.55641
-967.55641
-967.55641
-967.55641
-967.55641
-967.55641
-967.55641
-967.55641
-967.55641
-967.55641
-967.55641
-967.55641
-967.55641
-967.55641
-967.55641
-967.55641
-967.55641
-967.55641
-967.55641
-967.55641
-967.55641
-967.55641
-967.55641
-967.55641
-967.55641
-967.55641
-967.55641
-967.55641
-967.55641
-967.55641
-967.55641
-967.55641
-967.55641
-967.55641
-967.55641
-967.55641
-967.55641
-967.55641
-967.55641
-967.55641
-967.55641
-967.55641
-967.55641
-967.55641
-967.55641
-967.55641
-967.55641
-967.55641
-967.55641
-967.55641
-967.55641
-967.55641
-967.55641
-967.55641
-967.55641
-967.55641
-967.55641
-967.55641
-967.55641
-967.55641
-967.55641
-967.55641
-967.55641
-967.55641
-967.55641
-967.55641
-967.55641
-967.55641
-967.55641
-967.55641
-967.55641
-967.55641
-967.55641
-967.55641
-967.55641
-967.55641
-967.55641
-967.55641
-967.55641
-967.55641
-967.55641
-967.55641
-967.55641
-967.55641
-967.55641
-967.55641
-967.55641
-967.55641
-967.55641
-967.55641
-967.55641
-967.55641
-967.55641
-967.55641
-967.55641
-967.55641
-967.55641
-967.55641
-967.55641
-967.55641
-967.55641
-967.55641
-967.55641
-967.55641
-967.55641
-967.55641
-967.55641
-967.55641
-967.55641
-967.55641
-967.55641
-967.55641
-967.55641
-967.55641
-967.55641
-967.55641
-967.55641
-967.55641
-967.55641
-967.55641
-967.55641
-967.55641
-967.55641
-967.55641
-967.55641
-967.55641
-967.55641
-967.55641
-967.55641
-967.55641
-967.55641
-967.55641
-967.55641
-967.55641
-967.55641
-967.55641
-967.55641
-967.55641
-967.55641
-967.55641
-967.55641
-967.55641
-967.55641
-967.55641
-967.55641
-967.55641
-967.55641
-967.55641
-967.55641
-967.55641
-967.55641
-967.55641
-967.55641
-967.55641
-967.55641
-967.55641
-967.55641
-967.55641
-967.55641
-967.55641
-967.55641
-967.55641
-967.55641
-967.55641
-967.55641
-967.55641
-967.55641
-967.55641
-967.55641
-967.55641
-967.55641
-967.55641
-967.55641
-967.55641
-967.55641
-967.55641
-967.55641
-967.55641
-967.55641
-967.55641
-967.55641
-967.55641
-967.55641
-967.55641
-967.55641
-967.55641
-967.55641
-967.55641
-967.55641
-967.55641
-967.55641
-967.55641
-967.55641
-967.55641
-967.55641
-967.55641
-967.55641
-967.55641
-967.55641
-967.55641
-967.55641
-967.55641
-967.55641
-967.55641
-967.55641
-967.55641
-967.55641
-967.55641
-967.55641
-967.55641
-967.55641
-967.55641
-967.55641
-967.55641
-967.55641
-967.55641
-967.55641
-967.55641
-967.55641
-967.55641
-967.55641
-967.55641
-967.55641
-967.55641
-967.55641
-967.55641
-967.55641
-967.55641
-967.55641
-967.55641
-967.55641
-967.55641
-967.55641
-967.55641
-967.55641
-967.55641
-967.55641
-967.55641
-967.55641
-967.55641
-967.55641
-967.55641
-967.55641
-967.55641
-967.55641
-967.55641
-967.55641
-967.55641
-967.55641
-967.55641
-967.55641
-967.55641
-967.55641
-967.55641
-967.55641
-967.55641
-967.55641
-967.55641
-967.55641
-967.55641
-967.55641
-967.55641
-967.55641
-967.55641
-967.55641
-967.55641
-967.55641
-967.55641
-967.55641
-967.55641
-967.55641
-967.55641
-967.55641
-967.55641
-967.55641
-967.55641
-967.55641
-967.55641
-967.55641
-967.55641
-967.55641
-967.55641
-967.55641
-967.55641
-967.55641
-967.55641
-967.55641
-967.55641
-967.55641
-967.55641
-967.55641
-967.55641
-967.55641
-967.55641
-967.55641
-967.55641
-967.55641
-967.55641
-967.55641
-967.55641
-967.55641
-967.55641
-967.55641
-967.55641
-967.55641
-967.55641
-967.55641
-967.55641
-967.55641
-967.55641
-967.55641
-967.55641
-967.55641
-967.55641
-967.55641
-967.55641
-967.55641
-967.55641
-967.55641
-967.55641
-967.55641
-967.55641
-967.55641
-967.55641
-967.55641
-967.55641
-967.55641
-967.55641
-967.55641
-967.55641
-967.55641
-967.55641
-967.55641
-967.55641
-967.55641
-967.55641
-967.55641
-967.55641
-967.55641
-967.55641
-967.55641
-967.55641
-967.55641
-967.55641
-967.55641
-967.55641
-967.55641
-967.55641
-967.55641
-967.55641
-967.55641
-967.55641
-967.55641
-967.55641
-967.55641
-967.55641
-967.55641
-967.55641
-967.55641
-967.55641
-967.55641
-967.55641
-967.55641
-967.55641
-967.55641
-967.55641
-967.55641
-967.55641
-967.55641
-967.55641
-967.55641
-967.55641
-967.55641
-967.55641
-967.55641
-967.55641
-967.55641
-967.55641
-967.55641
-967.55641
-967.55641
-967.55641
-967.55641
-967.55641
-967.55641
-967.55641
-967.55641
-967.55641
-967.55641
-967.55641
-967.55641
-967.55641
-967.55641
-967.55641
-967.55641
-967.55641
-967.55641
-967.55641
-967.55641
-967.55641
-967.55641
-967.55641
-967.55641
-967.55641
-967.55641
-967.55641
-967.55641
-967.55641
-967.55641
-967.55641
-967.55641
-967.55641
-967.55641
-967.55641
-967.55641
-967.55641
-967.55641
-967.55641
-967.55641
-967.55641
-967.55641
-967.55641
-967.55641
-967.55641
-967.55641
-967.55641
-967.55641
-967.55641
-967.55641
-967.55641
-967.55641
-967.55641
-967.55641
-967.55641
-967.55641
-967.55641
-967.55641
-967.55641
-967.55641
-967.55641
-967.55641
-967.55641
-967.55641
-967.55641
-967.55641
-967.55641
-967.55641
-967.55641
-967.55641
-967.55641
-967.55641
-967.55641
-967.55641
-967.55641
-967.55641
-967.55641
-967.55641
-967.55641
-967.55641
-967.55641
-967.55641
-967.55641
-967.55641
-967.55641
-967.55641
-967.55641
-967.55641
-967.55641
-967.55641
-967.55641
-967.55641
-967.55641
-967.55641
-967.55641
-967.55641
-967.55641
-967.55641
-967.55641
-967.55641
-967.55641
-967.55641
-967.55641
-967.55641
-967.55641
-967.55641
-967.55641
-967.55641
-967.55641
-967.55641
-967.55641
-967.55641
-967.55641
-967.55641
-967.55641
-967.55641
-967.55641
-967.55641
-967.55641
-967.55641
-967.55641
-967.55641
-967.55641
-967.55641
-967.55641
-967.55641
-967.55641
-967.55641
-967.55641
-967.55641
-967.55641
-967.55641
-967.55641
-967.55641
-967.55641
-967.55641
-967.55641
-967.55641
-967.55641
-967.55641
-967.55641
-967.55641
-967.55641
-967.55641
-967.55641
-967.55641
-967.55641
-967.55641
-967.55641
-967.55641
-967.55641
-967.55641
-967.55641
-967.55641
-967.55641
-967.55641
-967.55641
-967.55641
-967.55641
-967.55641
-967.55641
-967.55641
-967.55641
-967.55641
-967.55641
-967.55641
-967.55641
-967.55641
-967.55641
-967.55641
-967.55641
-967.55641
-967.55641
-967.55641
-967.55641
-967.55641
-967.55641
-967.55641
-967.55641
-967.55641
-967.55641
-967.55641
-967.55641
-967.55641
-967.55641
-967.55641
-967.55641
-967.55641
-967.55641
-967.55641
-967.55641
-967.55641
-967.55641
-967.55641
-967.55641
-967.55641
-967.55641
-967.55641
-967.55641
-967.55641
-967.55641
-967.55641
-967.55641
-967.55641
-967.55641
-967.55641
-967.55641
-967.55641
-967.55641
-967.55641
-967.55641
-967.55641
-967.55641
-967.55641
-967.55641
-967.55641
-967.55641
-967.55641
-967.55641
-967.55641
-967.55641
-967.55641
-967.55641
-967.55641
-967.55641
-967.55641
-967.55641
-967.55641
-967.55641
-967.55641
-967.55641
-967.55641
-967.55641
-967.55641
-967.55641
-967.55641
-967.55641
-967.55641
-967.55641
-967.55641
-967.55641
-967.55641
-967.55641
-967.55641
-967.55641
-967.55641
-967.55641
-967.55641
-967.55641
-967.55641
-967.55641
-967.55641
-967.55641
-967.55641
-967.55641
-967.55641
-967.55641
-967.55641
-967.55641
-967.55641
-967.55641
-967.55641
-967.55641
-967.55641
-967.55641
-967.55641
-967.55641
-967.55641
-967.55641
-967.55641
-967.55641
-967.55641
-967.55641
-967.55641
-967.55641
-967.55641
-967.55641
-967.55641
-967.55641
-967.55641
-967.55641
-967.55641
-967.55641
-967.55641
-967.55641
-967.55641
-967.55641
-967.55641
-967.55641
-967.55641
-967.55641
-967.55641
-967.55641
-967.55641
-967.55641
-967.55641
-967.55641
-967.55641
-967.55641
-967.55641
-967.55641
-967.55641
-967.55641
-967.55641
-967.55641
-967.55641
-967.55641
-967.55641
-967.55641
-967.55641
-967.55641
-967.55641
-967.55641
-967.55641
-967.55641
-967.55641
-967.55641
-967.55641
-967.55641
-967.55641
-967.55641
-967.55641
-967.55641
-967.55641
-967.55641
-967.55641
-967.55641
-967.55641
-967.55641
-967.55641
-967.55641
-967.55641
-967.55641
-967.55641
-967.55641
-967.55641
-967.55641
-967.55641
-967.55641
-967.55641
-967.55641
-967.55641
-967.55641
-967.55641
-967.55641
-967.55641
-967.55641
-967.55641
-967.55641
-967.55641
-967.55641
-967.55641
-967.55641
-967.55641
-967.55641
-967.55641
-967.55641
-967.55641
-967.55641
-967.55641
-967.55641
-967.55641
-967.55641
-967.55641
-967.55641
-967.55641
-967.55641
-967.55641
-967.55641
-967.55641
-967.55641
-967.55641
-967.55641
-967.55641
-967.55641
-967.55641
-967.55641
-967.55641
-967.55641
-967.55641
-967.55641
-967.55641
-967.55641
-967.55641
-967.55641
-967.55641
-967.55641
-967.55641
-967.55641
-967.55641
-967.55641
-967.55641
-967.55641
-967.55641
-967.55641
-967.55641
-967.55641
-967.55641
-967.55641
-967.55641
-967.55641
-967.55641
-967.55641
-967.55641
-967.55641
-967.55641
-967.55641
-967.55641
-967.55641
-967.55641
-967.55641
-967.55641
-967.55641
-967.55641
-967.55641
-967.55641
-967.55641
-967.55641
-967.55641
-967.55641
-967.55641
-967.55641
-967.55641
-967.55641
-967.55641
-967.55641
-967.55641
-967.55641
-967.55641
-967.55641
-967.55641
-967.55641
-967.55641
-967.55641
-967.55641
-967.55641
-967.55641
-967.55641
-967.55641
-967.55641
-967.55641
-967.55641
-967.55641
-967.55641
-967.55641
-967.55641
-967.55641
-967.55641
-967.55641
-967.55641
-967.55641
-967.55641
-967.55641
-967.55641
-967.55641
-967.55641
-967.55641
-967.55641
-967.55641
-967.55641
-967.55641
-967.55641
-967.55641
-967.55641
-967.55641
-967.55641
-967.55641
-967.55641
-967.55641
-967.55641
-967.55641
-967.55641
-967.55641
-967.55641
-967.55641
-967.55641
-967.55641
-967.55641
-967.55641
-967.55641
-967.55641
-967.55641
-967.55641
-967.55641
-967.55641
-967.55641
-967.55641
-967.55641
-967.55641
-967.55641
-967.55641
-967.55641
-967.55641
-967.55641
-967.55641
-967.55641
-967.55641
-967.55641
-967.55641
-967.55641
-967.55641
-967.55641
-967.55641
-967.55641
-967.55641
-967.55641
-967.55641
-967.55641
-967.55641
-967.55641
-967.55641
-967.55641
-967.55641
-967.55641
-967.55641
-967.55641
-967.55641
-967.55641
-967.55641
-967.55641
-967.55641
-967.55641
-967.55641
-967.55641
-967.55641
-967.55641
-967.55641
-967.55641
-967.55641
-967.55641
-967.55641
-967.55641
-967.55641
-967.55641
-967.55641
-967.55641
-967.55641
-967.55641
-967.55641
-967.55641
-967.55641
-967.55641
-967.55641
-967.55641
-967.55641
-967.55641
-967.55641
-967.55641
-967.55641
-967.55641
-967.55641
-967.55641
-967.55641
-967.55641
-967.55641
-967.55641
-967.55641
-967.55641
-967.55641
-967.55641
-967.55641
-967.55641
-967.55641
-967.55641
-967.55641
-967.55641
-967.55641
-967.55641
-967.55641
-967.55641
-967.55641
-967.55641
-967.55641
-967.55641
-967.55641
-967.55641
-967.55641
-967.55641
-967.55641
-967.55641
-967.55641
-967.55641
-967.55641
-967.55641
-967.55641
-967.55641
-967.55641
-967.55641
-967.55641
-967.55641
-967.55641
-967.55641
-967.55641
-967.55641
-967.55641
-967.55641
-967.55641
-967.55641
-967.55641
-967.55641
-967.55641
-967.55641
-967.55641
-967.55641
-967.55641
-967.55641
-967.55641
-967.55641
-967.55641
-967.55641
-967.55641
-967.55641
-967.55641
-967.55641
-967.55641
-967.55641
-967.55641
-967.55641
-967.55641
-967.55641
-967.55641
-967.55641
-967.55641
-967.55641
-967.55641
-967.55641
-967.55641
-967.55641
-967.55641
-967.55641
-967.55641
-967.55641
-967.55641
-967.55641
-967.55641
-967.55641
-967.55641
-967.55641
-967.55641
-967.55641
-967.55641
-967.55641
-967.55641
-967.55641
-967.55641
-967.55641
-967.55641
-967.55641
-967.55641
-967.55641
-967.55641
-967.55641
-967.55641
-967.55641
-967.55641
-967.55641
-967.55641
-967.55641
-967.55641
-967.55641
-967.55641
-967.55641
-967.55641
-967.55641
-967.55641
-967.55641
-967.55641
-967.55641
-967.55641
-967.55641
-967.55641
-967.55641
-967.55641
-967.55641
-967.55641
-967.55641
-967.55641
-967.55641
-967.55641
-967.55641
-967.55641
-967.55641
-967.55641
-967.55641
-967.55641
-967.55641
-967.55641
-967.55641
-967.55641
-967.55641
-967.55641
-967.55641
-967.55641
-967.55641
-967.55641
-967.55641
-967.55641
-967.55641
-967.55641
-967.55641
-967.55641
-967.55641
-967.55641
-967.55641
-967.55641
-967.55641
-967.55641
-967.55641
-967.55641
-967.55641
-967.55641
-967.55641
-967.55641
-967.55641
-967.55641
-967.55641
-967.55641
-967.55641
-967.55641
-967.55641
-967.55641
-967.55641
-967.55641
-967.55641
-967.55641
-967.55641
-967.55641
-967.55641
-967.55641
-967.55641
-967.55641
-967.55641
-967.55641
-967.55641
-967.55641
-967.55641
-967.55641
-967.55641
-967.55641
-967.55641
-967.55641
-967.55641
-967.55641
-967.55641
-967.55641
-967.55641
-967.55641
-967.55641
-967.55641
-967.55641
-967.55641
-967.55641
-967.55641
-967.55641
-967.55641
-967.55641
-967.55641
-967.55641
-967.55641
-967.55641
-967.55641
-967.55641
-967.55641
-967.55641
-967.55641
-967.55641
-967.55641
-967.55641
-967.55641
-967.55641
-967.55641
-967.55641
-967.55641
-967.55641
-967.55641
-967.55641
-967.55641
-967.55641
-967.55641
-967.55641
-967.55641
-967.55641
-967.55641
-967.55641
-967.55641
-967.55641
-967.55641
-967.55641
-967.55641
-967.55641
-967.55641
-967.55641
-967.55641
-967.55641
-967.55641
-967.55641
-967.55641
-967.55641
-967.55641
-967.55641
-967.55641
-967.55641
-967.55641
-967.55641
-967.55641
-967.55641
-967.55641
-967.55641
-967.55641
-967.55641
-967.55641
-967.55641
-967.55641
-967.55641
-967.55641
-967.55641
-967.55641
-967.55641
-967.55641
-967.55641
-967.55641
-967.55641
-967.55641
-967.55641
-967.55641
-967.55641
-967.55641
-967.55641
-967.55641
-967.55641
-967.55641
-967.55641
-967.55641
-967.55641
-967.55641
-967.55641
-967.55641
-967.55641
-967.55641
-967.55641
-967.55641
-967.55641
-967.55641
-967.55641
-967.55641
-967.55641
-967.55641
-967.55641
-967.55641
-967.55641
-967.55641
-967.55641
-967.55641
-967.55641
-967.55641
-967.55641
-967.55641
-967.55641
-967.55641
-967.55641
-967.55641
-967.55641
-967.55641
-967.55641
-967.55641
-967.55641
-967.55641
-967.55641
-967.55641
-967.55641
-967.55641
-967.55641
-967.55641
-967.55641
-967.55641
-967.55641
-967.55641
-967.55641
-967.55641
-967.55641
-967.55641
-967.55641
-967.55641
-967.55641
-967.55641
-967.55641
-967.55641
-967.55641
-967.55641
-967.55641
-967.55641
-967.55641
-967.55641
-967.55641
-967.55641
-967.55641
-967.55641
-967.55641
-967.55641
-967.55641
-967.55641
-967.55641
-967.55641
-967.55641
-967.55641
-967.55641
-967.55641
-967.55641
-967.55641
-967.55641
-967.55641
-967.55641
-967.55641
-967.55641
-967.55641
-967.55641
-967.55641
-967.55641
-967.55641
-967.55641
-967.55641
-967.55641
-967.55641
-967.55641
-967.55641
-967.55641
-967.55641
-967.55641
-967.55641
-967.55641
-967.55641
-967.55641
-967.55641
-967.55641
-967.55641
-967.55641
-967.55641
-967.55641
-967.55641
-967.55641
-967.55641
-967.55641
-967.55641
-967.55641
-967.55641
-967.55641
-967.55641
-967.55641
-967.55641
-967.55641
-967.55641
-967.55641
-967.55641
-967.55641
-967.55641
-967.55641
-967.55641
-967.55641
-967.55641
-967.55641
-967.55641
-967.55641
-967.55641
-967.55641
-967.55641
-967.55641
-967.55641
-967.55641
-967.55641
-967.55641
-967.55641
-967.55641
-967.55641
-967.55641
-967.55641
-967.55641
-967.55641
-967.55641
-967.55641
-967.55641
-967.55641
-967.55641
-967.55641
-967.55641
-967.55641
-967.55641
-967.55641
-967.55641
-967.55641
-967.55641
-967.55641
-967.55641
-967.55641
-967.55641
-967.55641
-967.55641
-967.55641
-967.55641
-967.55641
-967.55641
-967.55641
-967.55641
-967.55641
-967.55641
-967.55641
-967.55641
-967.55641
-967.55641
-967.55641
-967.55641
-967.55641
-967.55641
-967.55641
-967.55641
-967.55641
-967.55641
-967.55641
-967.55641
-967.55641
-967.55641
-967.55641
-967.55641
-967.55641
-967.55641
-967.55641
-967.55641
-967.55641
-967.55641
-967.55641
-967.55641
-967.55641
-967.55641
-967.55641
-967.55641
-967.55641
-967.55641
-967.55641
-967.55641
-967.55641
-967.55641
-967.55641
-967.55641
-967.55641
-967.55641
-967.55641
-967.55641
-967.55641
-967.55641
-967.55641
-967.55641
-967.55641
-967.55641
-967.55641
-967.55641
-967.55641
-967.55641
-967.55641
-967.55641
-967.55641
-967.55641
-967.55641
-967.55641
-967.55641
-967.55641
-967.55641
-967.55641
-967.55641
-967.55641
-967.55641
-967.55641
-967.55641
-967.55641
-967.55641
-967.55641
-967.55641
-967.55641
-967.55641
-967.55641
-967.55641
-967.55641
-967.55641
-967.55641
-967.55641
-967.55641
-967.55641
-967.55641
-967.55641
-967.55641
-967.55641
-967.55641
-967.55641
-967.55641
-967.55641
-967.55641
-967.55641
-967.55641
-967.55641
-967.55641
-967.55641
-967.55641
-967.55641
-967.55641
-967.55641
-967.55641
-967.55641
-967.55641
-967.55641
-967.55641
-967.55641
-967.55641
-967.55641
-967.55641
-967.55641
-967.55641
-967.55641
-967.55641
-967.55641
-967.55641
-967.55641
-967.55641
-967.55641
-967.55641
-967.55641
-967.55641
-967.55641
-967.55641
-967.55641
-967.55641
-967.55641
-967.55641
-967.55641
-967.55641
-967.55641
-967.55641
-967.55641
-967.55641
-967.55641
-967.55641
-967.55641
-967.55641
-967.55641
-967.55641
-967.55641
-967.55641
-967.55641
-967.55641
-967.55641
-967.55641
-967.55641
-967.55641
-967.55641
-967.55641
-967.55641
-967.55641
-967.55641
-967.55641
-967.55641
-967.55641
-967.55641
-967.55641
-967.55641
-967.55641
-967.55641
-967.55641
-967.55641
-967.55641
-967.55641
-967.55641
-967.55641
-967.55641
-967.55641
-967.55641
-967.55641
-967.55641
-967.55641
-967.55641
-967.55641
-967.55641
-967.55641
-967.55641
-967.55641
-967.55641
-967.55641
-967.55641
-967.55641
-967.55641
-967.55641
-967.55641
-967.55641
-967.55641
-967.55641
-967.55641
-967.55641
-967.55641
-967.55641
-967.55641
-967.55641
-967.55641
-967.55641
-967.55641
-967.55641
-967.55641
-967.55641
-967.55641
-967.55641
-967.55641
-967.55641
-967.55641
-967.55641
-967.55641
-967.55641
-967.55641
-967.55641
-967.55641
-967.55641
-967.55641
-967.55641
-967.55641
-967.55641
-967.55641
-967.55641
-967.55641
-967.55641
-967.55641
-967.55641
-967.55641
-967.55641
-967.55641
-967.55641
-967.55641
-967.55641
-967.55641
-967.55641
-967.55641
-967.55641
-967.55641
-967.55641
-967.55641
-967.55641
-967.55641
-967.55641
-967.55641
-967.55641
-967.55641
-967.55641
-967.55641
-967.55641
-967.55641
-967.55641
-967.55641
-967.55641
-967.55641
-967.55641
-967.55641
-967.55641
-967.55641
-967.55641
-967.55641
-967.55641
-967.55641
-967.55641
-967.55641
-967.55641
-967.55641
-967.55641
-967.55641
-967.55641
-967.55641
-967.55641
-967.55641
-967.55641
-967.55641
-967.55641
-967.55641
-967.55641
-967.55641
-967.55641
-967.55641
-967.55641
-967.55641
-967.55641
-967.55641
-967.55641
-967.55641
-967.55641
-967.55641
-967.55641
-967.55641
-967.55641
-967.55641
-967.55641
-967.55641
-967.55641
-967.55641
-967.55641
-967.55641
-967.55641
-967.55641
-967.55641
-967.55641
-967.55641
-967.55641
-967.55641
-967.55641
-967.55641
-967.55641
-967.55641
-967.55641
-967.55641
-967.55641
-967.55641
-967.55641
-967.55641
-967.55641
-967.55641
-967.55641
-967.55641
-967.55641
-967.55641
-967.55641
-967.55641
-967.55641
-967.55641
-967.55641
-967.55641
-967.55641
-967.55641
-967.55641
-967.55641
-967.55641
-967.55641
-967.55641
-967.55641
-967.55641
-967.55641
-967.55641
-967.55641
-967.55641
-967.55641
-967.55641
-967.55641
-967.55641
-967.55641
-967.55641
-967.55641
-967.55641
-967.55641
-967.55641
-967.55641
-967.55641
-967.55641
-967.55641
-967.55641
-967.55641
-967.55641
-967.55641
-967.55641
-967.55641
-967.55641
-967.55641
-967.55641
-967.55641
-967.55641
-967.55641
-967.55641
-967.55641
-967.55641
-967.55641
-967.55641
-967.55641
-967.55641
-967.55641
-967.55641
-967.55641
-967.55641
-967.55641
-967.55641
-967.55641
-967.55641
-967.55641
-967.55641
-967.55641
-967.55641
-967.55641
-967.55641
-967.55641
-967.55641
-967.55641
-967.55641
-967.55641
-967.55641
-967.55641
-967.55641
-967.55641
-967.55641
-967.55641
-967.55641
-967.55641
-967.55641
-967.55641
-967.55641
-967.55641
-967.55641
-967.55641
-967.55641
-967.55641
-967.55641
-967.55641
-967.55641
-967.55641
-967.55641
-967.55641
-967.55641
-967.55641
-967.55641
-967.55641
-967.55641
-967.55641
-967.55641
-967.55641
-967.55641
-967.55641
-967.55641
-967.55641
-967.55641
-967.55641
-967.55641
-967.55641
-967.55641
-967.55641
-967.55641
-967.55641
-967.55641
-967.55641
-967.55641
-967.55641
-967.55641
-967.55641
-967.55641
-967.55641
-967.55641
-967.55641
-967.55641
-967.55641
-967.55641
-967.55641
-967.55641
-967.55641
-967.55641
-967.55641
-967.55641
-967.55641
-967.55641
-967.55641
-967.55641
-967.55641
-967.55641
-967.55641
-967.55641
-967.55641
-967.55641
-967.55641
-967.55641
-967.55641
-967.55641
-967.55641
-967.55641
-967.55641
-967.55641
-967.55641
-967.55641
-967.55641
-967.55641
-967.55641
-967.55641
-967.55641
-967.55641
-967.55641
-967.55641
-967.55641
-967.55641
-967.55641
-967.55641
-967.55641
-967.55641
-967.55641
-967.55641
-967.55641
-967.55641
-967.55641
-967.55641
-967.55641
-967.55641
-967.55641
-967.55641
-967.55641
-967.55641
-967.55641
-967.55641
-967.55641
-967.55641
-967.55641
-967.55641
-967.55641
-967.55641
-967.55641
-967.55641
-967.55641
-967.55641
-967.55641
-967.55641
-967.55641
-967.55641
-967.55641
-967.55641
-967.55641
-967.55641
-967.55641
-967.55641
-967.55641
-967.55641
-967.55641
-967.55641
-967.55641
-967.55641
-967.55641
-967.55641
-967.55641
-967.55641
-967.55641
-967.55641
-967.55641
-967.55641
-967.55641
-967.55641
-967.55641
-967.55641
-967.55641
-967.55641
-967.55641
-967.55641
-967.55641
-967.55641
-967.55641
-967.55641
-967.55641
-967.55641
-967.55641
-967.55641
-967.55641
-967.55641
-967.55641
-967.55641
-967.55641
-967.55641
-967.55641
-967.55641
-967.55641
-967.55641
-967.55641
-967.55641
-967.55641
-967.55641
-967.55641
-967.55641
-967.55641
-967.55641
-967.55641
-967.55641
-967.55641
-967.55641
-967.55641
-967.55641
-967.55641
-967.55641
-967.55641
-967.55641
-967.55641
-967.55641
-967.55641
-967.55641
-967.55641
-967.55641
-967.55641
-967.55641
-967.55641
-967.55641
-967.55641
-967.55641
-967.55641
-967.55641
-967.55641
-967.55641
-967.55641
-967.55641
-967.55641
-967.55641
-967.55641
-967.55641
-967.55641
-967.55641
-967.55641
-967.55641
-967.55641
-967.55641
-967.55641
-967.55641
-967.55641
-967.55641
-967.55641
-967.55641
-967.55641
-967.55641
-967.55641
-967.55641
-967.55641
-967.55641
-967.55641
-967.55641
-967.55641
-967.55641
-967.55641
-967.55641
-967.55641
-967.55641
-967.55641
-967.55641
-967.55641
-967.55641
-967.55641
-967.55641
-967.55641
-967.55641
-967.55641
-967.55641
-967.55641
-967.55641
-967.55641
-967.55641
-967.55641
-967.55641
-967.55641
-967.55641
-967.55641
-967.55641
-967.55641
-967.55641
-967.55641
-967.55641
-967.55641
-967.55641
-967.55641
-967.55641
-967.55641
-967.55641
-967.55641
-967.55641
-967.55641
-967.55641
-967.55641
-967.55641
-967.55641
-967.55641
-967.55641
-967.55641
-967.55641
-967.55641
-967.55641
-967.55641
-967.55641
-967.55641
-967.55641
-967.55641
-967.55641
-967.55641
-967.55641
-967.55641
-967.55641
-967.55641
-967.55641
-967.55641
-967.55641
-967.55641
-967.55641
-967.55641
-967.55641
-967.55641
-967.55641
-967.55641
-967.55641
-967.55641
-967.55641
-967.55641
-967.55641
-967.55641
-967.55641
-967.55641
-967.55641
-967.55641
-967.55641
-967.55641
-967.55641
-967.55641
-967.55641
-967.55641
-967.55641
-967.55641
-967.55641
-967.55641
-967.55641
-967.55641
-967.55641
-967.55641
-967.55641
-967.55641
-967.55641
-967.55641
-967.55641
-967.55641
-967.55641
-967.55641
-967.55641
-967.55641
-967.55641
-967.55641
-967.55641
-967.55641
-967.55641
-967.55641
-967.55641
-967.55641
-967.55641
-967.55641
-967.55641
-967.55641
-967.55641
-967.55641
-967.55641
-967.55641
-967.55641
-967.55641
-967.55641
-967.55641
-967.55641
-967.55641
-967.55641
-967.55641
-967.55641
-967.55641
-967.55641
-967.55641
-967.55641
-967.55641
-967.55641
-967.55641
-967.55641
-967.55641
-967.55641
-967.55641
-967.55641
-967.55641
-967.55641
-967.55641
-967.55641
-967.55641
-967.55641
-967.55641
-967.55641
-967.55641
-967.55641
-967.55641
-967.55641
-967.55641
-967.55641
-967.55641
-967.55641
-967.55641
-967.55641
-967.55641
-967.55641
-967.55641
-967.55641
-967.55641
-967.55641
-967.55641
-967.55641
-967.55641
-967.55641
-967.55641
-967.55641
-967.55641
-967.55641
-967.55641
-967.55641
-967.55641
-967.55641
-967.55641
-967.55641
-967.55641
-967.55641
-967.55641
-967.55641
-967.55641
-967.55641
-967.55641
-967.55641
-967.55641
-967.55641
-967.55641
-967.55641
-967.55641
-967.55641
-967.55641
-967.55641
-967.55641
-967.55641
-967.55641
-967.55641
-967.55641
-967.55641
-967.55641
-967.55641
-967.55641
-967.55641
-967.55641
-967.55641
-967.55641
-967.55641
-967.55641
-967.55641
-967.55641
-967.55641
-967.55641
-967.55641
-967.55641
-967.55641
-967.55641
-967.55641
-967.55641
-967.55641
-967.55641
-967.55641
-967.55641
-967.55641
-967.55641
-967.55641
-967.55641
-967.55641
-967.55641
-967.55641
-967.55641
-967.55641
-967.55641
-967.55641
-967.55641
-967.55641
-967.55641
-967.55641
-967.55641
-967.55641
-967.55641
-967.55641
-967.55641
-967.55641
-967.55641
-967.55641
-967.55641
-967.55641
-967.55641
-967.55641
-967.55641
-967.55641
-967.55641
-967.55641
-967.55641
-967.55641
-967.55641
-967.55641
-967.55641
-967.55641
-967.55641
-967.55641
-967.55641
-967.55641
-967.55641
-967.55641
-967.55641
-967.55641
-967.55641
-967.55641
-967.55641
-967.55641
-967.55641
-967.55641
-967.55641
-967.55641
-967.55641
-967.55641
-967.55641
-967.55641
-967.55641
-967.55641
-967.55641
-967.55641
-967.55641
-967.55641
-967.55641
-967.55641
-967.55641
-967.55641
-967.55641
-967.55641
-967.55641
-967.55641
-967.55641
-967.55641
-967.55641
-967.55641
-967.55641
-967.55641
-967.55641
-967.55641
-967.55641
-967.55641
-967.55641
-967.55641
-967.55641
-967.55641
-967.55641
-967.55641
-967.55641
-967.55641
-967.55641
-967.55641
-967.55641
-967.55641
-967.55641
-967.55641
-967.55641
-967.55641
-967.55641
-967.55641
-967.55641
-967.55641
-967.55641
-967.55641
-967.55641
-967.55641
-967.55641
-967.55641
-967.55641
-967.55641
-967.55641
-967.55641
-967.55641
-967.55641
-967.55641
-967.55641
-967.55641
-967.55641
-967.55641
-967.55641
-967.55641
-967.55641
-967.55641
-967.55641
-967.55641
-967.55641
-967.55641
-967.55641
-967.55641
-967.55641
-967.55641
-967.55641
-967.55641
-967.55641
-967.55641
-967.55641
-967.55641
-967.55641
-967.55641
-967.55641
-967.55641
-967.55641
-967.55641
-967.55641
-967.55641
-967.55641
-967.55641
-967.55641
-967.55641
-967.55641
-967.55641
-967.55641
-967.55641
-967.55641
-967.55641
-967.55641
-967.55641
-967.55641
-967.55641
-967.55641
-967.55641
-967.55641
-967.55641
-967.55641
-967.55641
-967.55641
-967.55641
-967.55641
-967.55641
-967.55641
-967.55641
-967.55641
-967.55641
-967.55641
-967.55641
-967.55641
-967.55641
-967.55641
-967.55641
-967.55641
-967.55641
-967.55641
-967.55641
-967.55641
-967.55641
-967.55641
-967.55641
-967.55641
-967.55641
-967.55641
-967.55641
-967.55641
-967.55641
-967.55641
-967.55641
-967.55641
-967.55641
-967.55641
-967.55641
-967.55641
-967.55641
-967.55641
-967.55641
-967.55641
-967.55641
-967.55641
-967.55641
-967.55641
-967.55641
-967.55641
-967.55641
-967.55641
-967.55641
-967.55641
-967.55641
-967.55641
-967.55641
-967.55641
-967.55641
-967.55641
-967.55641
-967.55641
-967.55641
-967.55641
-967.55641
-967.55641
-967.55641
-967.55641
-967.55641
-967.55641
-967.55641
-967.55641
-967.55641
-967.55641
-967.55641
-967.55641
-967.55641
-967.55641
-967.55641
-967.55641
-967.55641
-967.55641
-967.55641
-967.55641
-967.55641
-967.55641
-967.55641
-967.55641
-967.55641
-967.55641
-967.55641
-967.55641
-967.55641
-967.55641
-967.55641
-967.55641
-967.55641
-967.55641
-967.55641
-967.55641
-967.55641
-967.55641
-967.55641
-967.55641
-967.55641
-967.55641
-967.55641
-967.55641
-967.55641
-967.55641
-967.55641
-967.55641
-967.55641
-967.55641
-967.55641
-967.55641
-967.55641
-967.55641
-967.55641
-967.55641
-967.55641
-967.55641
-967.55641
-967.55641
-967.55641
-967.55641
-967.55641
-967.55641
-967.55641
-967.55641
-967.55641
-967.55641
-967.55641
-967.55641
-967.55641
-967.55641
-967.55641
-967.55641
-967.55641
-967.55641
-967.55641
-967.55641
-967.55641
-967.55641
-967.55641
-967.55641
-967.55641
-967.55641
-967.55641
-967.55641
-967.55641
-967.55641
-967.55641
-967.55641
-967.55641
-967.55641
-967.55641
-967.55641
-967.55641
-967.55641
-967.55641
-967.55641
-967.55641
-967.55641
-967.55641
-967.55641
-967.55641
-967.55641
-967.55641
-967.55641
-967.55641
-967.55641
-967.55641
-967.55641
-967.55641
-967.55641
-967.55641
-967.55641
-967.55641
-967.55641
-967.55641
-967.55641
-967.55641
-967.55641
-967.55641
-967.55641
-967.55641
-967.55641
-967.55641
-967.55641
-967.55641
-967.55641
-967.55641
-967.55641
-967.55641
-967.55641
-967.55641
-967.55641
-967.55641
-967.55641
-967.55641
-967.55641
-967.55641
-967.55641
-967.55641
-967.55641
-967.55641
-967.55641
-967.55641
-967.55641
-967.55641
-967.55641
-967.55641
-967.55641
-967.55641
-967.55641
-967.55641
-967.55641
-967.55641
-967.55641
-967.55641
-967.55641
-967.55641
-967.55641
-967.55641
-967.55641
-967.55641
-967.55641
-967.55641
-967.55641
-967.55641
-967.55641
-967.55641
-967.55641
-967.55641
-967.55641
-967.55641
-967.55641
-967.55641
-967.55641
-967.55641
-967.55641
-967.55641
-967.55641
-967.55641
-967.55641
-967.55641
-967.55641
-967.55641
-967.55641
-967.55641
-967.55641
-967.55641
-967.55641
-967.55641
-967.55641
-967.55641
-967.55641
-967.55641
-967.55641
-967.55641
-967.55641
-967.55641
-967.55641
-967.55641
-967.55641
-967.55641
-967.55641
-967.55641
-967.55641
-967.55641
-967.55641
-967.55641
-967.55641
-967.55641
-967.55641
-967.55641
-967.55641
-967.55641
-967.55641
-967.55641
-967.55641
-967.55641
-967.55641
-967.55641
-967.55641
-967.55641
-967.55641
-967.55641
-967.55641
-967.55641
-967.55641
-967.55641
-967.55641
-967.55641
-967.55641
-967.55641
-967.55641
-967.55641
-967.55641
-967.55641
-967.55641
-967.55641
-967.55641
-967.55641
-967.55641
-967.55641
-967.55641
-967.55641
-967.55641
-967.55641
-967.55641
-967.55641
-967.55641
-967.55641
-967.55641
-967.55641
-967.55641
-967.55641
-967.55641
-967.55641
-967.55641
-967.55641
-967.55641
-967.55641
-967.55641
-967.55641
-967.55641
-967.55641
-967.55641
-967.55641
-967.55641
-967.55641
-967.55641
-967.55641
-967.55641
-967.55641
-967.55641
-967.55641
-967.55641
-967.55641
-967.55641
-967.55641
-967.55641
-967.55641
-967.55641
-967.55641
-967.55641
-967.55641
-967.55641
-967.55641
-967.55641
-967.55641
-967.55641
-967.55641
-967.55641
-967.55641
-967.55641
-967.55641
-967.55641
-967.55641
-967.55641
-967.55641
-967.55641
-967.55641
-967.55641
-967.55641
-967.55641
-967.55641
-967.55641
-967.55641
-967.55641
-967.55641
-967.55641
-967.55641
-967.55641
-967.55641
-967.55641
-967.55641
-967.55641
-967.55641
-967.55641
-967.55641
-967.55641
-967.55641
-967.55641
-967.55641
-967.55641
-967.55641
-967.55641
-967.55641
-967.55641
-967.55641
-967.55641
-967.55641
-967.55641
-967.55641
-967.55641
-967.55641
-967.55641
-967.55641
-967.55641
-967.55641
-967.55641
-967.55641
-967.55641
-967.55641
-967.55641
-967.55641
-967.55641
-967.55641
-967.55641
-967.55641
-967.55641
-967.55641
-967.55641
-967.55641
-967.55641
-967.55641
-967.55641
-967.55641
-967.55641
-967.55641
-967.55641
-967.55641
-967.55641
-967.55641
-967.55641
-967.55641
-967.55641
-967.55641
-967.55641
-967.55641
-967.55641
-967.55641
-967.55641
-967.55641
-967.55641
-967.55641
-967.55641
-967.55641
-967.55641
-967.55641
-967.55641
-967.55641
-967.55641
-967.55641
-967.55641
-967.55641
-967.55641
-967.55641
-967.55641
-967.55641
-967.55641
-967.55641
-967.55641
-967.55641
-967.55641
-967.55641
-967.55641
-967.55641
-967.55641
-967.55641
-967.55641
-967.55641
-967.55641
-967.55641
-967.55641
-967.55641
-967.55641
-967.55641
-967.55641
-967.55641
-967.55641
-967.55641
-967.55641
-967.55641
-967.55641
-967.55641
-967.55641
-967.55641
-967.55641
-967.55641
-967.55641
-967.55641
-967.55641
-967.55641
-967.55641
-967.55641
-967.55641
-967.55641
-967.55641
-967.55641
-967.55641
-967.55641
-967.55641
-967.55641
-967.55641
-967.55641
-967.55641
-967.55641
-967.55641
-967.55641
-967.55641
-967.55641
-967.55641
-967.55641
-967.55641
-967.55641
-967.55641
-967.55641
-967.55641
-967.55641
-967.55641
-967.55641
-967.55641
-967.55641
-967.55641
-967.55641
-967.55641
-967.55641
-967.55641
-967.55641
-967.55641
-967.55641
-967.55641
-967.55641
-967.55641
-967.55641
-967.55641
-967.55641
-967.55641
-967.55641
-967.55641
-967.55641
-967.55641
-967.55641
-967.55641
-967.55641
-967.55641
-967.55641
-967.55641
-967.55641
-967.55641
-967.55641
-967.55641
-967.55641
-967.55641
-967.55641
-967.55641
-967.55641
-967.55641
-967.55641
-967.55641
-967.55641
-967.55641
-967.55641
-967.55641
-967.55641
-967.55641
-967.55641
-967.55641
-967.55641
-967.55641
-967.55641
-967.55641
-967.55641
-967.55641
-967.55641
-967.55641
-967.55641
-967.55641
-967.55641
-967.55641
-967.55641
-967.55641
-967.55641
-967.55641
-967.55641
-967.55641
-967.55641
-967.55641
-967.55641
-967.55641
-967.55641
-967.55641
-967.55641
-967.55641
-967.55641
-967.55641
-967.55641
-967.55641
-967.55641
-967.55641
-967.55641
-967.55641
-967.55641
-967.55641
-967.55641
-967.55641
-967.55641
-967.55641
-967.55641
-967.55641
-967.55641
-967.55641
-967.55641
-967.55641
-967.55641
-967.55641
-967.55641
-967.55641
-967.55641
-967.55641
-967.55641
-967.55641
-967.55641
-967.55641
-967.55641
-967.55641
-967.55641
-967.55641
-967.55641
-967.55641
-967.55641
-967.55641
-967.55641
-967.55641
-967.55641
-967.55641
-967.55641
-967.55641
-967.55641
-967.55641
-967.55641
-967.55641
-967.55641
-967.55641
-967.55641
-967.55641
-967.55641
-967.55641
-967.55641
-967.55641
-967.55641
-967.55641
-967.55641
-967.55641
-967.55641
-967.55641
-967.55641
-967.55641
-967.55641
-967.55641
-967.55641
-967.55641
-967.55641
-967.55641
-967.55641
-967.55641
-967.55641
-967.55641
-967.55641
-967.55641
-967.55641
-967.55641
-967.55641
-967.55641
-967.55641
-967.55641
-967.55641
-967.55641
-967.55641
-967.55641
-967.55641
-967.55641
-967.55641
-967.55641
-967.55641
-967.55641
-967.55641
-967.55641
-967.55641
-967.55641
-967.55641
-967.55641
-967.55641
-967.55641
-967.55641
-967.55641
-967.55641
-967.55641
-967.55641
-967.55641
-967.55641
-967.55641
-967.55641
-967.55641
-967.55641
-967.55641
-967.55641
-967.55641
-967.55641
-967.55641
-967.55641
-967.55641
-967.55641
-967.55641
-967.55641
-967.55641
-967.55641
-967.55641
-967.55641
-967.55641
-967.55641
-967.55641
-967.55641
-967.55641
-967.55641
-967.55641
-967.55641
-967.55641
-967.55641
-967.55641
-967.55641
-967.55641
-967.55641
-967.55641
-967.55641
-967.55641
-967.55641
-967.55641
-967.55641
-967.55641
-967.55641
-967.55641
-967.55641
-967.55641
-967.55641
-967.55641
-967.55641
-967.55641
-967.55641
-967.55641
-967.55641
-967.55641
-967.55641
-967.55641
-967.55641
-967.55641
-967.55641
-967.55641
-967.55641
-967.55641
-967.55641
-967.55641
-967.55641
-967.55641
-967.55641
-967.55641
-967.55641
-967.55641
-967.55641
-967.55641
-967.55641
-967.55641
-967.55641
-967.55641
-967.55641
-967.55641
-967.55641
-967.55641
-967.55641
-967.55641
-967.55641
-967.55641
-967.55641
-967.55641
-967.55641
-967.55641
-967.55641
-967.55641
-967.55641
-967.55641
-967.55641
-967.55641
-967.55641
-967.55641
-967.55641
-967.55641
-967.55641
-967.55641
-967.55641
-967.55641
-967.55641
-967.55641
-967.55641
-967.55641
-967.55641
-967.55641
-967.55641
-967.55641
-967.55641
-967.55641
-967.55641
-967.55641
-967.55641
-967.55641
-967.55641
-967.55641
-967.55641
-967.55641
-967.55641
-967.55641
-967.55641
-967.55641
-967.55641
-967.55641
-967.55641
-967.55641
-967.55641
-967.55641
-967.55641
-967.55641
-967.55641
-967.55641
-967.55641
-967.55641
-967.55641
-967.55641
-967.55641
-967.55641
-967.55641
-967.55641
-967.55641
-967.55641
-967.55641
-967.55641
-967.55641
-967.55641
-967.55641
-967.55641
-967.55641
-967.55641
-967.55641
-967.55641
-967.55641
-967.55641
-967.55641
-967.55641
-967.55641
-967.55641
-967.55641
-967.55641
-967.55641
-967.55641
-967.55641
-967.55641
-967.55641
-967.55641
-967.55641
-967.55641
-967.55641
-967.55641
-967.55641
-967.55641
-967.55641
-967.55641
-967.55641
-967.55641
-967.55641
-967.55641
-967.55641
-967.55641
-967.55641
-967.55641
-967.55641
-967.55641
-967.55641
-967.55641
-967.55641
-967.55641
-967.55641
-967.55641
-967.55641
-967.55641
-967.55641
-967.55641
-967.55641
-967.55641
-967.55641
-967.55641
-967.55641
-967.55641
-967.55641
-967.55641
-967.55641
-967.55641
-967.55641
-967.55641
-967.55641
-967.55641
-967.55641
-967.55641
-967.55641
-967.55641
-967.55641
-967.55641
-967.55641
-967.55641
-967.55641
-967.55641
-967.55641
-967.55641
-967.55641
-967.55641
-967.55641
-967.55641
-967.55641
-967.55641
-967.55641
-967.55641
-967.55641
-967.55641
-967.55641
-967.55641
-967.55641
-967.55641
-967.55641
-967.55641
-967.55641
-967.55641
-967.55641
-967.55641
-967.55641
-967.55641
-967.55641
-967.55641
-967.55641
-967.55641
-967.55641
-967.55641
-967.55641
-967.55641
-967.55641
-967.55641
-967.55641
-967.55641
-967.55641
-967.55641
-967.55641
-967.55641
-967.55641
-967.55641
-967.55641
-967.55641
-967.55641
-967.55641
-967.55641
-967.55641
-967.55641
-967.55641
-967.55641
-967.55641
-967.55641
-967.55641
-967.55641
-967.55641
-967.55641
-967.55641
-967.55641
-967.55641
-967.55641
-967.55641
-967.55641
-967.55641
-967.55641
-967.55641
-967.55641
-967.55641
-967.55641
-967.55641
-967.55641
-967.55641
-967.55641
-967.55641
-967.55641
-967.55641
-967.55641
-967.55641
-967.55641
-967.55641
-967.55641
-967.55641
-967.55641
-967.55641
-967.55641
-967.55641
-967.55641
-967.55641
-967.55641
-967.55641
-967.55641
-967.55641
-967.55641
-967.55641
-967.55641
-967.55641
-967.55641
-967.55641
-967.55641
-967.55641
-967.55641
-967.55641
-967.55641
-967.55641
-967.55641
-967.55641
-967.55641
-967.55641
-967.55641
-967.55641
-967.55641
-967.55641
-967.55641
-967.55641
-967.55641
-967.55641
-967.55641
-967.55641
-967.55641
-967.55641
-967.55641
-967.55641
-967.55641
-967.55641
-967.55641
-967.55641
-967.55641
-967.55641
-967.55641
-967.55641
-967.55641
-967.55641
-967.55641
-967.55641
-967.55641
-967.55641
-967.55641
-967.55641
-967.55641
-967.55641
-967.55641
-967.55641
-967.55641
-967.55641
-967.55641
-967.55641
-967.55641
-967.55641
-967.55641
-967.55641
-967.55641
-967.55641
-967.55641
-967.55641
-967.55641
-967.55641
-967.55641
-967.55641
-967.55641
-967.55641
-967.55641
-967.55641
-967.55641
-967.55641
-967.55641
-967.55641
-967.55641
-967.55641
-967.55641
-967.55641
-967.55641
-967.55641
-967.55641
-967.55641
-967.55641
-967.55641
-967.55641
-967.55641
-967.55641
-967.55641
-967.55641
-967.55641
-967.55641
-967.55641
-967.55641
-967.55641
-967.55641
-967.55641
-967.55641
-967.55641
-967.55641
-967.55641
-967.55641
-967.55641
-967.55641
-967.55641
-967.55641
-967.55641
-967.55641
-967.55641
-967.55641
-967.55641
-967.55641
-967.55641
-967.55641
-967.55641
-967.55641
-967.55641
-967.55641
-967.55641
-967.55641
-967.55641
-967.55641
-967.55641
-967.55641
-967.55641
-967.55641
-967.55641
-967.55641
-967.55641
-967.55641
-967.55641
-967.55641
-967.55641
-967.55641
-967.55641
-967.55641
-967.55641
-967.55641
-967.55641
-967.55641
-967.55641
-967.55641
-967.55641
-967.55641
-967.55641
-967.55641
-967.55641
-967.55641
-967.55641
-967.55641
-967.55641
-967.55641
-967.55641
-967.55641
-967.55641
-967.55641
-967.55641
-967.55641
-967.55641
-967.55641
-967.55641
-967.55641
-967.55641
-967.55641
-967.55641
-967.55641
-967.55641
-967.55641
-967.55641
-967.55641
-967.55641
-967.55641
-967.55641
-967.55641
-967.55641
-967.55641
-967.55641
-967.55641
-967.55641
-967.55641
-967.55641
-967.55641
-967.55641
-967.55641
-967.55641
-967.55641
-967.55641
-967.55641
-967.55641
-967.55641
-967.55641
-967.55641
-967.55641
-967.55641
-967.55641
-967.55641
-967.55641
-967.55641
-967.55641
-967.55641
-967.55641
-967.55641
-967.55641
-967.55641
-967.55641
-967.55641
-967.55641
-967.55641
-967.55641
-967.55641
-967.55641
-967.55641
-967.55641
-967.55641
-967.55641
-967.55641
-967.55641
-967.55641
-967.55641
-967.55641
-967.55641
-967.55641
-967.55641
-967.55641
-967.55641
-967.55641
-967.55641
-967.55641
-967.55641
-967.55641
-967.55641
-967.55641
-967.55641
-967.55641
-967.55641
-967.55641
-967.55641
-967.55641
-967.55641
-967.55641
-967.55641
-967.55641
-967.55641
-967.55641
-967.55641
-967.55641
-967.55641
-967.55641
-967.55641
-967.55641
-967.55641
-967.55641
-967.55641
-967.55641
-967.55641
-967.55641
-967.55641
-967.55641
-967.55641
-967.55641
-967.55641
-967.55641
-967.55641
-967.55641
-967.55641
-967.55641
-967.55641
-967.55641
-967.55641
-967.55641
-967.55641
-967.55641
-967.55641
-967.55641
-967.55641
-967.55641
-967.55641
-967.55641
-967.55641
-967.55641
-967.55641
-967.55641
-967.55641
-967.55641
-967.55641
-967.55641
-967.55641
-967.55641
-967.55641
-967.55641
-967.55641
-967.55641
-967.55641
-967.55641
-967.55641
-967.55641
-967.55641
-967.55641
-967.55641
-967.55641
-967.55641
-967.55641
-967.55641
-967.55641
-967.55641
-967.55641
-967.55641
-967.55641
-967.55641
-967.55641
-967.55641
-967.55641
-967.55641
-967.55641
-967.55641
-967.55641
-967.55641
-967.55641
-967.55641
-967.55641
-967.55641
-967.55641
-967.55641
-967.55641
-967.55641
-967.55641
-967.55641
-967.55641
-967.55641
-967.55641
-967.55641
-967.55641
-967.55641
-967.55641
-967.55641
-967.55641
-967.55641
-967.55641
-967.55641
-967.55641
-967.55641
-967.55641
-967.55641
-967.55641
-967.55641
-967.55641
-967.55641
-967.55641
-967.55641
-967.55641
-967.55641
-967.55641
-967.55641
-967.55641
-967.55641
-967.55641
-967.55641
-967.55641
-967.55641
-967.55641
-967.55641
-967.55641
-967.55641
-967.55641
-967.55641
-967.55641
-967.55641
-967.55641
-967.55641
-967.55641
-967.55641
-967.55641
-967.55641
-967.55641
-967.55641
-967.55641
-967.55641
-967.55641
-967.55641
-967.55641
-967.55641
-967.55641
-967.55641
-967.55641
-967.55641
-967.55641
-967.55641
-967.55641
-967.55641
-967.55641
-967.55641
-967.55641
-967.55641
-967.55641
-967.55641
-967.55641
-967.55641
-967.55641
-967.55641
-967.55641
-967.55641
-967.55641
-967.55641
-967.55641
-967.55641
-967.55641
-967.55641
-967.55641
-967.55641
-967.55641
-967.55641
-967.55641
-967.55641
-967.55641
-967.55641
-967.55641
-967.55641
-967.55641
-967.55641
-967.55641
-967.55641
-967.55641
-967.55641
-967.55641
-967.55641
-967.55641
-967.55641
-967.55641
-967.55641
-967.55641
-967.55641
-967.55641
-967.55641
-967.55641
-967.55641
-967.55641
-967.55641
-967.55641
-967.55641
-967.55641
-967.55641
-967.55641
-967.55641
-967.55641
-967.55641
-967.55641
-967.55641
-967.55641
-967.55641
-967.55641
-967.55641
-967.55641
-967.55641
-967.55641
-967.55641
-967.55641
-967.55641
-967.55641
