14.072402
9.0328466
5.078956
2.7786794
1.6115224
0.89503249
0.6010784
0.58109893
0.68266359
0.7796132
0.67397797
0.43318666
0.18569108
0.43152606
0.63322172
0.64583828
0.50199885
0.27967413
0.053928855
0.053414494
0.11957862
0.13907579
0.11859643
0.073351578
0.021137442
0.037201816
0.077443487
0.087843025
0.074111667
0.046227733
0.014976196
0.010758797
0.021443808
0.024810794
0.021186137
0.013239056
0.0040891353
0.0044820343
0.01022505
0.012461632
0.011037064
0.007294497
0.0027958907
0.0018770404
0.0035565587
0.0042348262
0.0036994786
0.0023928086
0.00083795461
0.00058635487
0.0014413495
0.0018454695
0.0016862557
0.0011537649
0.0004799915
0.00026462997
0.00055900402
0.00069736674
0.00062897978
0.00042403487
0.00016830672
7.6103079e-05
0.00021189563
0.00028225889
0.00026421877
0.00018565866
8.2036251e-05
3.3651086e-05
8.4926008e-05
0.00011207532
0.00010466893
7.3510039e-05
3.2428454e-05
1.0789657e-05
3.1739997e-05
4.3987297e-05
4.2142932e-05
3.0372962e-05
1.4196514e-05
4.415838e-06
1.262974e-05
1.7741583e-05
1.7162629e-05
1.25205e-05
6.0161733e-06
1.5750401e-06
4.7625931e-06
6.9082059e-06
6.7864e-06
