16.130453
11.090898
7.1370071
4.8367305
3.6695735
2.9530836
2.6591295
2.63915
2.7407147
2.8376643
2.7320291
2.4912377
2.2437422
2.4895771
2.6912728
2.7038894
2.5600499
2.3377252
2.1119799
2.1114656
2.1776297
2.1971269
2.1766475
2.1314027
2.0791885
2.0952529
2.1354946
2.1458941
2.1321628
2.1042788
2.0730273
2.0688099
2.0794949
2.0828619
2.0792372
2.0712901
2.0621402
2.0625331
2.0682761
2.0705127
2.0690882
2.0653456
2.060847
2.0599281
2.0616076
2.0622859
2.0617506
2.0604439
2.058889
2.0586374
2.0594924
2.0598966
2.0597373
2.0592049
2.0585311
2.0583157
2.0586101
2.0587485
2.0586801
2.0584751
2.0582194
2.0581272
2.058263
2.0583333
2.0583153
2.0582367
2.0581331
2.0580847
2.058136
2.0581632
2.0581558
2.0581246
2.0580835
2.0580619
2.0580828
2.0580951
2.0580932
2.0580815
2.0580653
2.0580555
2.0580637
2.0580688
2.0580683
2.0580636
2.0580571
2.0580527
2.0580559
2.058058
2.0580579
