2.83539835e+00
1.65078636e+00
1.10064801e+00
7.78992051e-01
5.73311890e-01
4.34964770e-01
3.37973276e-01
2.67247259e-01
2.14223108e-01
1.73711113e-01
1.42136742e-01
1.17291532e-01
9.75342468e-02
8.16210728e-02
6.86471257e-02
5.79622753e-02
4.90805928e-02
4.16470331e-02
3.54146860e-02
3.01669514e-02
2.57384170e-02
2.19947203e-02
1.88238156e-02
1.61317635e-02
1.38403676e-02
1.18807898e-02
1.02090682e-02
8.77111226e-03
7.53947409e-03
6.48724643e-03
5.58663575e-03
4.81315935e-03
4.14850746e-03
3.57716169e-03
3.08550505e-03
2.66606014e-03
2.30488379e-03
1.99291678e-03
1.72376816e-03
1.49186757e-03
1.29224165e-03
1.12050430e-03
9.72836639e-04
8.45939888e-04
7.36975075e-04
6.43501185e-04
5.63417904e-04
4.94915318e-04
4.36430565e-04
3.86610564e-04
3.44279862e-04
3.08413012e-04
2.78111222e-04
2.52583191e-04
2.31130041e-04
2.13133998e-04
1.97993010e-04
1.98063384e-04
2.11384882e-04
2.13666186e-04
2.07738457e-04
1.97745914e-04
1.86315097e-04
1.74829304e-04
1.63932034e-04
1.53879758e-04
1.44741733e-04
1.36500090e-04
1.29096698e-04
1.22455533e-04
1.16494647e-04
1.11133357e-04
1.06296528e-04
1.01916763e-04
9.79350839e-05
9.43006763e-05
9.09701573e-05
8.79066654e-05
8.50789360e-05
8.24604403e-05
8.00286114e-05
7.77641677e-05
7.56505329e-05
7.36733490e-05
7.18200763e-05
7.00796710e-05
6.84423297e-05
6.68992883e-05
6.54426661e-05
6.40653434e-05
6.27608648e-05
6.15233625e-05
6.03474924e-05
5.92283820e-05
5.81615846e-05
5.71430400e-05
5.61690392e-05
5.52361929e-05
5.43414034e-05
5.34818381e-05
5.26549064e-05
5.18582383e-05
5.10896645e-05
5.03471993e-05
4.96290238e-05
4.89334719e-05
4.82590164e-05
4.76042573e-05
4.69679105e-05
4.63487980e-05
4.57458385e-05
4.51580393e-05
4.45844886e-05
4.40243484e-05
4.34768486e-05
4.29412808e-05
4.24169931e-05
4.19033855e-05
4.13999054e-05
4.09060435e-05
4.04213300e-05
3.99453316e-05
3.94776482e-05
3.90179102e-05
3.85657758e-05
3.81209287e-05
3.76830762e-05
3.72519468e-05
3.68272888e-05
3.64088686e-05
3.59964690e-05
3.55898880e-05
3.51889376e-05
3.47934424e-05
3.44032389e-05
3.40181744e-05
3.36381060e-05
3.32628998e-05
3.28924304e-05
3.25265802e-05
3.21652385e-05
3.18083012e-05
3.14556700e-05
3.11072525e-05
3.07629610e-05
3.04227128e-05
3.00864294e-05
2.97540362e-05
2.94254625e-05
2.91006409e-05
2.87795070e-05
2.84619996e-05
2.81480600e-05
2.78376320e-05
2.75306619e-05
2.72270978e-05
2.69268901e-05
2.66299910e-05
2.63363541e-05
2.60459351e-05
2.57586907e-05
2.54745794e-05
2.51935607e-05
2.49155953e-05
2.46406451e-05
2.43686732e-05
2.40996435e-05
2.38335207e-05
2.35702706e-05
2.33098597e-05
2.30522554e-05
2.27974255e-05
2.25453387e-05
2.22959643e-05
2.20492723e-05
2.18052330e-05
2.15638175e-05
2.13249973e-05
2.10887443e-05
2.08550311e-05
2.06238304e-05
2.03951156e-05
2.01688604e-05
1.99450388e-05
1.97236254e-05
1.95045948e-05
1.92879223e-05
1.90735833e-05
1.88615535e-05
1.86518091e-05
1.84443263e-05
1.82390819e-05
1.80360527e-05
1.78352159e-05
1.76365490e-05
1.74400296e-05
1.72456356e-05
1.70533453e-05
1.68631370e-05
1.66749894e-05
1.64888813e-05
1.63047917e-05
1.61226999e-05
1.59425855e-05
1.57644280e-05
1.55882075e-05
1.54139039e-05
1.52414975e-05
1.50709689e-05
1.49022987e-05
1.47354677e-05
1.45704569e-05
1.44072476e-05
1.42458211e-05
1.40861591e-05
1.39282432e-05
1.37720553e-05
1.36175776e-05
1.34647923e-05
1.33136818e-05
1.31642287e-05
1.30164157e-05
1.28702258e-05
1.27256419e-05
1.25826474e-05
1.24412256e-05
1.23013601e-05
1.21630345e-05
1.20262327e-05
1.18909387e-05
1.17571367e-05
1.16248109e-05
1.14939458e-05
1.13645260e-05
1.12365362e-05
1.11099614e-05
1.09847865e-05
1.08609968e-05
1.07385776e-05
1.06175142e-05
1.04977923e-05
1.03793977e-05
1.02623163e-05
1.01465339e-05
1.00320368e-05
9.91881125e-06
9.80684366e-06
9.69612057e-06
9.58662867e-06
9.47835475e-06
9.37128574e-06
9.26540872e-06
9.16071087e-06
9.05717950e-06
8.95480207e-06
8.85356612e-06
8.75345936e-06
8.65446960e-06
8.55658475e-06
8.45979289e-06
8.36408217e-06
8.26944090e-06
8.17585747e-06
8.08332042e-06
7.99181837e-06
7.90134009e-06
7.81187445e-06
7.72341042e-06
7.63593710e-06
7.54944369e-06
7.46391951e-06
7.37935397e-06
7.29573660e-06
7.21305706e-06
7.13130506e-06
7.05047048e-06
6.97054326e-06
6.89151345e-06
6.81337122e-06
6.73610683e-06
6.65971064e-06
6.58417311e-06
6.50948480e-06
6.43563638e-06
6.36261859e-06
6.29042230e-06
6.21903844e-06
6.14845807e-06
6.07867232e-06
6.00967242e-06
5.94144969e-06
5.87399554e-06
5.80730149e-06
5.74135911e-06
5.67616010e-06
5.61169623e-06
5.54795934e-06
5.48494139e-06
5.42263440e-06
5.36103049e-06
5.30012186e-06
5.23990078e-06
5.18035961e-06
5.12149081e-06
5.06328689e-06
5.00574047e-06
4.94884422e-06
4.89259091e-06
4.83697338e-06
4.78198454e-06
4.72761740e-06
4.67386501e-06
4.62072052e-06
4.56817714e-06
4.51622818e-06
4.46486699e-06
4.41408700e-06
4.36388172e-06
4.31424473e-06
4.26516967e-06
4.21665026e-06
4.16868028e-06
4.12125358e-06
4.07436407e-06
4.02800575e-06
3.98217265e-06
3.93685890e-06
3.89205867e-06
3.84776620e-06
3.80397580e-06
3.76068183e-06
3.71787872e-06
3.67556097e-06
3.63372311e-06
3.59235977e-06
3.55146560e-06
3.51103535e-06
3.47106378e-06
3.43154574e-06
3.39247614e-06
3.35384992e-06
3.31566210e-06
3.27790775e-06
3.24058198e-06
3.20367996e-06
3.16719694e-06
3.13112817e-06
3.09546901e-06
3.06021482e-06
3.02536105e-06
2.99090318e-06
2.95683674e-06
2.92315733e-06
2.88986056e-06
2.85694214e-06
2.82439778e-06
2.79222326e-06
2.76041441e-06
2.72896709e-06
2.69787723e-06
2.66714079e-06
2.63675376e-06
2.60671222e-06
2.57701224e-06
2.54764996e-06
2.51862158e-06
2.48992331e-06
2.46155142e-06
2.43350222e-06
2.40577205e-06
2.37835731e-06
2.35125443e-06
2.32445988e-06
2.29797016e-06
2.27178183e-06
2.24589147e-06
2.22029571e-06
2.19499121e-06
2.16997467e-06
2.14524284e-06
2.12079247e-06
2.09662039e-06
2.07272344e-06
2.04909849e-06
2.02574248e-06
2.00265234e-06
1.97982507e-06
1.95725768e-06
1.93494722e-06
1.91289078e-06
1.89108548e-06
1.86952847e-06
1.84821693e-06
1.82714807e-06
1.80631915e-06
1.78572743e-06
1.76537023e-06
1.74524488e-06
1.72534875e-06
1.70567924e-06
1.68623378e-06
1.66700981e-06
1.64800483e-06
1.62921635e-06
1.61064190e-06
1.59227905e-06
1.57412541e-06
1.55617860e-06
1.53843625e-06
1.52089606e-06
1.50355572e-06
1.48641295e-06
1.46946553e-06
1.45271122e-06
1.43614782e-06
1.41977318e-06
1.40358514e-06
1.38758157e-06
1.37176039e-06
1.35611952e-06
1.34065690e-06
1.32537051e-06
1.31025835e-06
1.29531843e-06
1.28054880e-06
1.26594751e-06
1.25151265e-06
1.23724232e-06
1.22313466e-06
1.20918782e-06
1.19539996e-06
1.18176927e-06
1.16829396e-06
1.15497228e-06
1.14180246e-06
1.12878277e-06
1.11591152e-06
1.10318701e-06
1.09060757e-06
1.07817154e-06
1.06587730e-06
1.05372323e-06
1.04170773e-06
1.02982923e-06
1.01808616e-06
1.00647699e-06
9.95000185e-07
