-932.70456
-934.4494
-935.18595
-935.54304
-935.73414
-935.8437
-935.90963
-935.95077
-935.97712
-935.99439
-936.00579
-936.01355
-936.01896
-936.02278
-936.02551
-936.02747
-936.02889
-936.02992
-936.03068
-936.03125
-936.03166
-936.03197
-936.0322
-936.03237
-936.03251
-936.03261
-936.03269
-936.03275
-936.0328
-936.03284
-936.03287
-936.03289
-936.03291
-936.03293
-936.03294
-936.03295
-936.03296
-936.03297
-936.03298
-936.03299
-936.03299
-936.033
-936.033
-936.03301
-936.03301
-936.03302
-936.03302
-936.03302
-936.03303
-936.03303
-936.03303
-936.03303
-936.03304
-936.03304
-936.03304
-936.03304
-936.03305
-936.03305
-936.03305
-936.03305
-936.03306
-936.03306
-936.03306
-936.03306
-936.03307
-936.03307
-936.03307
-936.03307
-936.03307
-936.03308
-936.03308
-936.03308
-936.03308
-936.03308
-936.03308
-936.03308
-936.03309
-936.03309
-936.03309
-936.03309
-936.03309
-936.03309
-936.03309
-936.03309
-936.0331
-936.0331
-936.0331
-936.0331
-936.0331
-936.0331
-936.0331
-936.0331
-936.0331
-936.03311
-936.03311
-936.03311
-936.03311
-936.03311
-936.03311
-936.03311
-936.03311
-936.03311
-936.03311
-936.03312
-936.03312
-936.03312
-936.03312
-936.03312
-936.03312
-936.03312
-936.03312
-936.03312
-936.03312
-936.03312
-936.03313
-936.03313
-936.03313
-936.03313
-936.03313
-936.03313
-936.03313
-936.03313
-936.03313
-936.03313
-936.03313
-936.03313
-936.03313
-936.03313
-936.03314
-936.03314
-936.03314
-936.03314
-936.03314
-936.03314
-936.03314
-936.03314
-936.03314
-936.03314
-936.03314
-936.03314
-936.03314
-936.03314
-936.03314
-936.03314
-936.03315
-936.03315
-936.03315
-936.03315
-936.03315
-936.03315
-936.03315
-936.03315
-936.03315
-936.03315
-936.03315
-936.03315
-936.03315
-936.03315
-936.03315
-936.03315
-936.03315
-936.03315
-936.03315
-936.03315
-936.03316
-936.03316
-936.03316
-936.03316
-936.03316
-936.03316
-936.03316
-936.03316
-936.03316
-936.03316
-936.03316
-936.03316
-936.03316
-936.03316
-936.03316
-936.03316
-936.03316
-936.03316
-936.03316
-936.03316
-936.03316
-936.03316
-936.03316
-936.03316
-936.03316
-936.03316
-936.03316
-936.03316
-936.03316
-936.03317
-936.03317
-936.03317
-936.03317
-936.03317
-936.03317
-936.03317
-936.03317
-936.03317
-936.03317
-936.03317
-936.03317
-936.03317
-936.03317
-936.03317
-936.03317
-936.03317
-936.03317
-936.03317
-936.03317
-936.03317
-936.03317
-936.03317
-936.03317
-936.03317
-936.03317
-936.03317
-936.03317
-936.03317
-936.03317
-936.03317
-936.03317
-936.03317
-936.03317
-936.03317
-936.03317
-936.03317
-936.03317
-936.03317
-936.03317
-936.03317
-936.03317
-936.03317
-936.03317
-936.03317
-936.03317
-936.03317
-936.03318
-936.03318
-936.03318
-936.03318
-936.03318
-936.03318
-936.03318
-936.03318
-936.03318
-936.03318
-936.03318
-936.03318
-936.03318
-936.03318
-936.03318
-936.03318
-936.03318
-936.03318
-936.03318
-936.03318
-936.03318
-936.03318
-936.03318
-936.03318
-936.03318
-936.03318
-936.03318
-936.03318
-936.03318
-936.03318
-936.03318
-936.03318
-936.03318
-936.03318
-936.03318
-936.03318
-936.03318
-936.03318
-936.03318
-936.03318
-936.03318
-936.03318
-936.03318
-936.03318
-936.03318
-936.03318
-936.03318
-936.03318
-936.03318
-936.03318
-936.03318
-936.03318
-936.03318
-936.03318
-936.03318
-936.03318
-936.03318
-936.03318
-936.03318
-936.03318
-936.03318
-936.03318
-936.03318
-936.03318
-936.03318
-936.03318
-936.03318
-936.03318
-936.03318
-936.03318
-936.03318
-936.03318
-936.03318
-936.03318
-936.03318
-936.03318
-936.03318
-936.03318
-936.03318
-936.03318
-936.03318
-936.03318
-936.03318
-936.03318
-936.03318
-936.03318
-936.03318
-936.03318
-936.03318
-936.03318
-936.03318
-936.03318
-936.03318
-936.03318
-936.03318
-936.03318
-936.03318
-936.03318
-936.03318
-936.03318
-936.03318
-936.03318
-936.03318
-936.03318
-936.03318
-936.03318
-936.03318
-936.03318
-936.03318
-936.03318
-936.03318
-936.03318
-936.03318
-936.03318
-936.03318
-936.03318
-936.03318
-936.03318
-936.03318
-936.03318
-936.03318
-936.03318
-936.03318
-936.03318
-936.03318
-936.03318
-936.03318
-936.03318
-936.03318
-936.03318
-936.03318
-936.03318
-936.03318
-936.03318
-936.03318
-936.03318
-936.03318
-936.03318
-936.03318
-936.03318
-936.03318
-936.03318
-936.03318
-936.03318
-936.03318
-936.03318
-936.03318
-936.03318
-936.03318
-936.03319
-936.03319
-936.03319
-936.03319
-936.03319
-936.03319
-936.03319
-936.03319
-936.03319
-936.03319
-936.03319
-936.03319
-936.03319
-936.03319
-936.03319
-936.03319
-936.03319
-936.03319
-936.03319
-936.03319
-936.03319
-936.03319
-936.03319
-936.03319
-936.03319
-936.03319
-936.03319
-936.03319
-936.03319
-936.03319
-936.03319
-936.03319
-936.03319
-936.03319
-936.03319
-936.03319
-936.03319
-936.03319
-936.03319
-936.03319
-936.03319
-936.03319
-936.03319
-936.03319
-936.03319
-936.03319
-936.03319
-936.03319
-936.03319
-936.03319
-936.03319
-936.03319
-936.03319
-936.03319
-936.03319
-936.03319
-936.03319
-936.03319
