1.59774686e+00
1.28819474e+00
1.10259971e+00
9.65489516e-01
8.56333596e-01
7.66873162e-01
6.92124741e-01
6.27701375e-01
5.71740189e-01
5.22979738e-01
4.80234298e-01
4.42233763e-01
4.07837324e-01
3.76912059e-01
3.49320651e-01
3.24836178e-01
3.02670610e-01
2.82565057e-01
2.64254450e-01
2.47512537e-01
2.32144508e-01
2.18085287e-01
2.05315996e-01
1.93698042e-01
1.82917571e-01
1.72883509e-01
1.63638409e-01
1.55122920e-01
1.47139426e-01
1.39647372e-01
1.32624223e-01
1.26082001e-01
1.19960173e-01
1.14161299e-01
1.08738495e-01
1.03675624e-01
9.88926225e-02
9.43802057e-02
9.01772438e-02
8.62785616e-02
8.26405589e-02
7.92094564e-02
7.59381639e-02
7.27982819e-02
6.98128923e-02
6.69853022e-02
6.43304372e-02
6.18317902e-02
5.94254566e-02
5.71260481e-02
5.49498565e-02
5.28970235e-02
5.09540205e-02
4.91024128e-02
4.73201922e-02
4.56127971e-02
4.39863468e-02
4.24410600e-02
4.09708218e-02
3.95668668e-02
3.82217384e-02
3.69308905e-02
3.56866087e-02
3.44915557e-02
3.33482737e-02
3.22554625e-02
3.12091401e-02
3.02050927e-02
2.92405236e-02
2.83136351e-02
2.74231160e-02
2.65675597e-02
2.57452704e-02
2.49544308e-02
2.41843165e-02
2.34310180e-02
2.27074608e-02
2.20196622e-02
2.13653041e-02
2.07379648e-02
2.01320585e-02
1.95451782e-02
1.89775319e-02
1.84300746e-02
1.79030270e-02
1.73955219e-02
1.69061682e-02
1.64252841e-02
1.59532007e-02
1.54995036e-02
1.50678073e-02
1.46558300e-02
1.42590169e-02
1.38739037e-02
1.34994590e-02
1.31363059e-02
1.27852946e-02
1.24465681e-02
1.21194688e-02
1.18029776e-02
1.14961921e-02
1.11985450e-02
1.09097480e-02
1.06296467e-02
1.03579801e-02
1.00944079e-02
9.83857065e-03
