-951.19116
-952.07223
-952.71764
-953.21184
-953.6002
-953.91104
-954.16322
-954.36917
-954.53946
-954.68185
-954.80176
-954.9033
-954.98946
-955.06309
-955.12629
-955.18093
-955.22834
-955.26975
-955.30599
-955.33765
-955.36541
-955.38994
-955.41168
-955.43097
-955.44812
-955.46347
-955.47725
-955.48966
-955.50079
-955.51078
-955.51979
-955.52795
-955.53532
-955.54198
-955.54802
-955.55351
-955.55851
-955.56308
-955.5673
-955.57118
-955.57474
-955.57801
-955.58101
-955.58374
-955.58623
-955.58853
-955.59066
-955.59263
-955.59442
-955.59609
-955.59764
-955.5991
-955.60045
-955.60171
-955.60287
-955.60395
-955.60494
-955.60587
-955.60674
-955.60755
-955.6083
-955.60901
-955.60966
-955.61027
-955.61085
-955.61139
-955.61189
-955.61237
-955.61281
-955.61323
-955.61362
-955.61399
-955.61433
-955.61466
-955.61495
-955.61523
-955.61549
-955.61574
-955.61598
-955.61621
-955.61642
-955.61662
-955.61681
-955.61698
-955.61715
-955.61731
-955.61745
-955.61759
-955.61771
-955.61783
-955.61795
-955.61806
-955.61817
-955.61828
-955.61837
-955.61846
-955.61855
-955.61863
-955.61871
-955.61878
-955.61885
-955.61891
-955.61897
-955.61903
-955.61909
-955.61914
-955.61919
