5.16388816e-01
3.45807279e-01
2.36791469e-01
2.28299014e-01
2.44383590e-01
2.42970664e-01
2.26115362e-01
2.04194528e-01
1.87275332e-01
1.78517338e-01
1.74105696e-01
1.69792020e-01
1.64307272e-01
1.58553617e-01
1.53767292e-01
1.50236109e-01
1.47393689e-01
1.44674175e-01
1.41944454e-01
1.39328810e-01
1.36928502e-01
1.34808018e-01
1.32907784e-01
1.31116134e-01
1.29373152e-01
1.27703274e-01
1.26102342e-01
1.24586676e-01
1.23154936e-01
1.21792029e-01
1.20473550e-01
1.19192266e-01
1.17954965e-01
1.16770976e-01
1.15641002e-01
1.14553460e-01
1.13492902e-01
1.12460467e-01
1.11444603e-01
1.10435280e-01
1.09445183e-01
1.08494729e-01
1.07567891e-01
1.06659083e-01
1.05769144e-01
1.04895002e-01
1.04031017e-01
1.03177443e-01
1.02341063e-01
1.01525620e-01
1.00730549e-01
9.99668320e-02
9.92309835e-02
9.85064320e-02
9.77827166e-02
9.70664773e-02
9.63698403e-02
9.56865079e-02
9.49978124e-02
9.43031384e-02
9.36178941e-02
9.29390020e-02
9.22719611e-02
9.16242857e-02
9.09952457e-02
9.03825977e-02
8.97815169e-02
8.91906170e-02
8.86022797e-02
8.80147012e-02
8.74284811e-02
8.68550742e-02
8.62961103e-02
8.57391522e-02
8.51848335e-02
8.46383528e-02
8.40971744e-02
8.35630788e-02
8.30417462e-02
8.25332184e-02
8.20339129e-02
8.15414054e-02
8.10525081e-02
8.05687468e-02
8.00882586e-02
7.96119114e-02
7.91405044e-02
7.86758383e-02
7.82186626e-02
7.77642191e-02
7.73105197e-02
7.68545168e-02
7.64050445e-02
7.59663605e-02
7.55349236e-02
7.51030057e-02
7.46682778e-02
7.42387015e-02
7.38160104e-02
7.33970919e-02
7.29878801e-02
7.25914291e-02
7.22028883e-02
7.18175303e-02
7.14314109e-02
7.10507197e-02
7.06761012e-02
7.03027982e-02
6.99331636e-02
6.95628376e-02
6.91974871e-02
6.88374101e-02
6.84779910e-02
6.81104732e-02
6.77434016e-02
6.73870260e-02
6.70441701e-02
6.67060282e-02
6.63696304e-02
6.60263793e-02
6.56843247e-02
6.53498544e-02
6.50251169e-02
6.47039496e-02
6.43811372e-02
6.40501788e-02
6.37224635e-02
6.34026375e-02
6.30936970e-02
6.27902915e-02
6.24847317e-02
6.21756373e-02
6.18666370e-02
6.15634659e-02
6.12657328e-02
6.09689116e-02
6.06732872e-02
6.03819851e-02
6.00969988e-02
5.98116822e-02
5.95235672e-02
5.92339708e-02
5.89523765e-02
5.86818308e-02
5.84126896e-02
5.81352459e-02
5.78562561e-02
5.75836920e-02
5.73190270e-02
5.70525221e-02
5.67795618e-02
5.64935038e-02
5.62100597e-02
5.59406394e-02
5.56853364e-02
5.54390391e-02
5.51938023e-02
5.49470777e-02
5.46995794e-02
5.44527940e-02
5.42109476e-02
5.39711916e-02
5.37320435e-02
5.34833357e-02
5.32298437e-02
5.29781857e-02
5.27329118e-02
5.24956838e-02
5.22646694e-02
5.20337617e-02
5.18028210e-02
5.15689706e-02
5.13346349e-02
5.11033886e-02
5.08770968e-02
5.06544194e-02
5.04333561e-02
5.02129523e-02
4.99963747e-02
4.97808659e-02
4.95650042e-02
4.93502849e-02
4.91357599e-02
4.89205283e-02
4.87096181e-02
4.85027878e-02
4.82981428e-02
4.80974967e-02
4.78995301e-02
4.77044038e-02
4.75076538e-02
4.73087203e-02
4.71109711e-02
4.69169175e-02
4.67193717e-02
4.65178966e-02
4.63185948e-02
4.61216278e-02
4.59271158e-02
4.57382015e-02
4.55497396e-02
4.53615074e-02
4.51740473e-02
4.49905458e-02
4.48111326e-02
4.46320913e-02
4.44506823e-02
4.42707481e-02
4.40955033e-02
4.39231874e-02
4.37525569e-02
4.35785521e-02
4.34041838e-02
4.32331831e-02
4.30670485e-02
4.29047176e-02
4.27440557e-02
4.25833744e-02
4.24223772e-02
4.22612488e-02
4.20969748e-02
4.19245706e-02
4.17500580e-02
4.15810924e-02
4.14199237e-02
4.12648072e-02
4.11117223e-02
4.09569013e-02
4.07983192e-02
4.06370223e-02
4.04712131e-02
4.03044694e-02
4.01394899e-02
3.99754273e-02
3.98117836e-02
3.96542941e-02
3.95033465e-02
3.93558487e-02
3.92044559e-02
3.90507774e-02
3.88944950e-02
3.87389954e-02
3.85852958e-02
3.84357781e-02
3.82898057e-02
3.81460769e-02
3.79990637e-02
3.78521593e-02
3.77093035e-02
3.75688862e-02
3.74308327e-02
3.72948110e-02
3.71593509e-02
3.70227036e-02
3.68832195e-02
3.67411264e-02
3.66006861e-02
3.64609349e-02
3.63215086e-02
3.61817881e-02
3.60425640e-02
3.59024492e-02
3.57648871e-02
3.56229795e-02
3.54807162e-02
3.53426376e-02
3.52066927e-02
3.50719271e-02
3.49411569e-02
3.48121358e-02
3.46685908e-02
3.45171211e-02
3.43739144e-02
3.42462382e-02
3.41290033e-02
3.40121055e-02
3.38763591e-02
3.37260499e-02
3.35818029e-02
3.34500552e-02
3.33268673e-02
3.32049793e-02
3.30819586e-02
3.29543824e-02
3.28187209e-02
3.26841699e-02
3.25520290e-02
3.24215781e-02
3.22918048e-02
3.21617269e-02
3.20379243e-02
3.19222770e-02
3.18097412e-02
3.16952389e-02
3.15789736e-02
3.14595627e-02
3.13374056e-02
3.12138259e-02
3.10970295e-02
3.09886700e-02
3.08847350e-02
3.07795665e-02
3.06726260e-02
3.05641828e-02
3.04556706e-02
3.03495604e-02
3.02435516e-02
3.01374037e-02
3.00314639e-02
2.99259869e-02
2.98188349e-02
2.97128094e-02
2.96098156e-02
2.95085424e-02
2.94083740e-02
2.93097197e-02
2.92101676e-02
2.91089547e-02
2.90046553e-02
2.89031294e-02
2.88028936e-02
2.87012668e-02
2.85994404e-02
2.84999164e-02
2.84027349e-02
2.83057206e-02
2.82076270e-02
2.81100892e-02
2.80121771e-02
2.79166979e-02
2.78249402e-02
2.77346020e-02
2.76415814e-02
2.75489659e-02
2.74561742e-02
2.73609840e-02
2.72642787e-02
2.71699983e-02
2.70793774e-02
2.69908717e-02
2.69022171e-02
2.68144919e-02
2.67278767e-02
2.66405026e-02
2.65526902e-02
2.64657389e-02
2.63790532e-02
2.62917183e-02
2.62052283e-02
2.61215372e-02
2.60392659e-02
2.59545760e-02
2.58676751e-02
2.57810608e-02
2.56951997e-02
2.56095770e-02
2.55243781e-02
2.54365386e-02
2.53500356e-02
2.52669140e-02
2.51867094e-02
2.51070086e-02
2.50237121e-02
2.49403825e-02
2.48587057e-02
2.47782225e-02
2.46992815e-02
2.46223279e-02
2.45475878e-02
2.44720520e-02
2.43930283e-02
2.43129874e-02
2.42337076e-02
2.41548319e-02
2.40761847e-02
2.39991376e-02
2.39222573e-02
2.38453279e-02
2.37683346e-02
2.36925715e-02
2.36192093e-02
2.35484052e-02
2.34767124e-02
2.34039658e-02
2.33311463e-02
2.32575141e-02
2.31845808e-02
2.31135655e-02
2.30423490e-02
2.29701315e-02
2.28984981e-02
2.28245506e-02
2.27482290e-02
2.26700823e-02
2.25923823e-02
2.25188696e-02
2.24460570e-02
2.23756004e-02
2.23085645e-02
2.22439121e-02
2.21797944e-02
2.21152658e-02
2.20505022e-02
2.19846154e-02
2.19142866e-02
2.18417981e-02
2.17698793e-02
2.17009942e-02
2.16354799e-02
2.15708674e-02
2.15034788e-02
2.14333854e-02
2.13625128e-02
2.12940527e-02
2.12297960e-02
2.11676319e-02
2.11039001e-02
2.10365466e-02
2.09693600e-02
2.09056754e-02
2.08449172e-02
2.07859420e-02
2.07255359e-02
2.06634717e-02
2.06014305e-02
2.05406774e-02
2.04801826e-02
2.04173555e-02
2.03528344e-02
2.02856369e-02
2.02193708e-02
2.01571158e-02
2.00990643e-02
2.00403805e-02
1.99810125e-02
1.99178219e-02
1.98532597e-02
1.97908719e-02
1.97326112e-02
1.96768214e-02
1.96197867e-02
1.95610032e-02
1.95034274e-02
1.94474380e-02
1.93925477e-02
1.93378222e-02
1.92836166e-02
1.92297219e-02
1.91757774e-02
1.91216434e-02
1.90681850e-02
1.90130503e-02
1.89563169e-02
1.89000639e-02
1.88459952e-02
1.87939602e-02
1.87399023e-02
1.86842998e-02
1.86294440e-02
1.85755082e-02
1.85219261e-02
1.84673999e-02
1.84108340e-02
1.83539062e-02
1.82961176e-02
1.82417083e-02
1.81916474e-02
1.81441324e-02
1.80960147e-02
1.80466416e-02
1.79963956e-02
1.79469271e-02
1.78956680e-02
1.78412608e-02
1.77871447e-02
1.77356991e-02
1.76860551e-02
1.76334761e-02
1.75794869e-02
1.75253964e-02
1.74720017e-02
1.74194879e-02
1.73697552e-02
1.73218483e-02
1.72714240e-02
1.72156863e-02
1.71577834e-02
1.70988324e-02
1.70432576e-02
1.69934846e-02
1.69466090e-02
1.69001915e-02
1.68534381e-02
1.68044199e-02
1.67552678e-02
1.67080367e-02
1.66608842e-02
1.66144740e-02
1.65689182e-02
1.65211801e-02
1.64736869e-02
1.64246981e-02
1.63746657e-02
1.63264452e-02
1.62815979e-02
1.62373787e-02
1.61903705e-02
1.61427178e-02
1.60959505e-02
1.60497683e-02
1.60044863e-02
1.59598056e-02
1.59162386e-02
1.58712010e-02
1.58263272e-02
1.57841106e-02
1.57441549e-02
1.57046376e-02
1.56648650e-02
1.56210714e-02
1.55761929e-02
1.55334630e-02
1.54934968e-02
1.54496993e-02
1.54028319e-02
1.53563233e-02
1.53128047e-02
1.52714898e-02
1.52297847e-02
1.51846087e-02
1.51387647e-02
1.50899501e-02
1.50404847e-02
1.49942723e-02
1.49517848e-02
1.49123434e-02
1.48730399e-02
1.48324683e-02
1.47920275e-02
1.47525872e-02
1.47114711e-02
1.46698668e-02
1.46296789e-02
1.45901872e-02
1.45491339e-02
1.45079228e-02
1.44666357e-02
1.44230199e-02
1.43770677e-02
1.43310686e-02
1.42890419e-02
1.42517429e-02
1.42171312e-02
1.41791333e-02
1.41363333e-02
1.40943770e-02
1.40526289e-02
1.40118853e-02
1.39740610e-02
1.39389449e-02
1.39042443e-02
1.38681018e-02
1.38318683e-02
1.37952273e-02
1.37593537e-02
1.37254706e-02
1.36933087e-02
1.36618825e-02
1.36304117e-02
1.35979683e-02
1.35649428e-02
1.35290404e-02
1.34902069e-02
1.34470151e-02
1.34047149e-02
1.33662650e-02
1.33320514e-02
1.33000602e-02
1.32656605e-02
1.32269482e-02
1.31881269e-02
1.31499635e-02
1.31141751e-02
1.30807997e-02
1.30480833e-02
1.30158040e-02
1.29831992e-02
1.29492508e-02
1.29128002e-02
1.28769967e-02
1.28444462e-02
1.28148861e-02
1.27850847e-02
1.27544059e-02
1.27224150e-02
1.26903857e-02
1.26565470e-02
1.26235864e-02
1.25923963e-02
1.25609335e-02
1.25293722e-02
1.24977124e-02
1.24614657e-02
1.24255090e-02
1.23912661e-02
1.23600827e-02
1.23309815e-02
1.23022052e-02
1.22728720e-02
1.22424436e-02
1.22121495e-02
1.21795870e-02
1.21456358e-02
1.21120607e-02
1.20807886e-02
1.20492272e-02
1.20163002e-02
1.19833155e-02
1.19501878e-02
1.19183614e-02
1.18887126e-02
1.18607277e-02
1.18332107e-02
1.18056503e-02
1.17779666e-02
1.17493264e-02
1.17209956e-02
1.16935583e-02
1.16662621e-02
1.16393452e-02
1.16100404e-02
1.15788472e-02
1.15480839e-02
1.15186015e-02
1.14897546e-02
1.14600910e-02
1.14298535e-02
1.13992932e-02
1.13702274e-02
1.13431850e-02
1.13175451e-02
1.12913212e-02
1.12632591e-02
1.12320375e-02
1.11980108e-02
1.11661373e-02
1.11388142e-02
1.11148556e-02
1.10916464e-02
1.10653440e-02
1.10351992e-02
1.10027352e-02
1.09710871e-02
1.09432593e-02
1.09120864e-02
1.08799289e-02
1.08508709e-02
1.08254453e-02
1.08012368e-02
1.07765976e-02
1.07512032e-02
1.07232712e-02
1.06946960e-02
1.06682138e-02
1.06441468e-02
1.06203895e-02
1.05960962e-02
1.05711919e-02
1.05468106e-02
1.05227788e-02
1.04977818e-02
1.04714923e-02
1.04442993e-02
1.04184721e-02
1.03951165e-02
1.03729001e-02
1.03503795e-02
1.03274101e-02
1.03041562e-02
1.02811958e-02
1.02579790e-02
1.02347337e-02
1.02100581e-02
1.01848599e-02
1.01610071e-02
1.01387506e-02
1.01156961e-02
1.00914525e-02
1.00653984e-02
1.00389164e-02
1.00139478e-02
9.99099116e-03
