1.31909452e+00
8.16354381e-01
4.40903655e-01
4.33927688e-01
5.36488330e-01
5.64512746e-01
5.18860615e-01
4.34242507e-01
3.51170942e-01
2.98028956e-01
2.73988835e-01
2.58845487e-01
2.39602545e-01
2.17417357e-01
1.98383238e-01
1.84775189e-01
1.73168981e-01
1.60152386e-01
1.45970980e-01
1.33451445e-01
1.25012512e-01
1.20099371e-01
1.16153900e-01
1.11109885e-01
1.04757935e-01
9.82099906e-02
9.26686128e-02
8.85448819e-02
8.54279801e-02
8.26755747e-02
7.99479273e-02
7.72603665e-02
7.47564232e-02
7.25043310e-02
7.04760695e-02
6.86095900e-02
6.68851848e-02
6.52631080e-02
6.37066170e-02
6.21922776e-02
6.06940942e-02
5.92004401e-02
5.77271084e-02
5.62993573e-02
5.49388501e-02
5.36422991e-02
5.23919967e-02
5.11848088e-02
5.00276525e-02
4.89312357e-02
4.79038490e-02
4.69438436e-02
4.60390808e-02
4.51828647e-02
4.43781855e-02
4.36210079e-02
4.29013073e-02
4.22103079e-02
4.15437622e-02
4.08980153e-02
4.02650466e-02
3.96372788e-02
3.90125636e-02
3.83925367e-02
3.77806227e-02
3.71742426e-02
3.65756398e-02
3.59826453e-02
3.53959392e-02
3.48215747e-02
3.42641844e-02
3.37230408e-02
3.31959336e-02
3.26793984e-02
3.21732528e-02
3.16758610e-02
3.11823644e-02
3.06891658e-02
3.02064545e-02
2.97443856e-02
2.93081141e-02
2.88965104e-02
2.85103104e-02
2.81437022e-02
2.77869256e-02
2.74306451e-02
2.70742138e-02
2.67185129e-02
2.63612624e-02
2.59968026e-02
2.56197995e-02
2.52262736e-02
2.48313132e-02
2.44651988e-02
2.41382896e-02
2.38453092e-02
2.35757608e-02
2.33202470e-02
2.30725288e-02
2.28273194e-02
2.25832430e-02
2.23450664e-02
2.21125814e-02
2.18862169e-02
2.16666951e-02
2.14537465e-02
2.12461824e-02
2.10432153e-02
2.08437672e-02
2.06459073e-02
2.04498936e-02
2.02560561e-02
2.00643008e-02
1.98770664e-02
1.96946497e-02
1.95160461e-02
1.93405770e-02
1.91693255e-02
1.90030164e-02
1.88402557e-02
1.86811357e-02
1.85251731e-02
1.83720537e-02
1.82217249e-02
1.80736647e-02
1.79281664e-02
1.77850049e-02
1.76439118e-02
1.75040811e-02
1.73660991e-02
1.72307831e-02
1.70980039e-02
1.69665903e-02
1.68371605e-02
1.67100317e-02
1.65848079e-02
1.64615666e-02
1.63394561e-02
1.62192967e-02
1.61010508e-02
1.59850958e-02
1.58714147e-02
1.57595463e-02
1.56495069e-02
1.55411407e-02
1.54338485e-02
1.53269074e-02
1.52206820e-02
1.51162092e-02
1.50143817e-02
1.49150709e-02
1.48174268e-02
1.47203975e-02
1.46241132e-02
1.45286652e-02
1.44341273e-02
1.43410134e-02
1.42497281e-02
1.41596339e-02
1.40704157e-02
1.39824128e-02
1.38960975e-02
1.38111847e-02
1.37273827e-02
1.36445807e-02
1.35627862e-02
1.34819481e-02
1.34016206e-02
1.33223281e-02
1.32445858e-02
1.31683467e-02
1.30935344e-02
1.30198125e-02
1.29466850e-02
1.28743295e-02
1.28026976e-02
1.27316929e-02
1.26615738e-02
1.25926888e-02
1.25248422e-02
1.24579717e-02
1.23919480e-02
1.23266008e-02
1.22613702e-02
1.21968978e-02
1.21336372e-02
1.20712600e-02
1.20097353e-02
1.19492181e-02
1.18896732e-02
1.18305613e-02
1.17714976e-02
1.17127145e-02
1.16546889e-02
1.15979045e-02
1.15424042e-02
1.14880040e-02
1.14342395e-02
1.13808273e-02
1.13277058e-02
1.12746565e-02
1.12222525e-02
1.11707852e-02
1.11201044e-02
1.10692607e-02
1.10186837e-02
1.09685492e-02
1.09190040e-02
1.08707084e-02
1.08237061e-02
1.07776482e-02
1.07317125e-02
1.06855706e-02
1.06395306e-02
1.05943840e-02
1.05504386e-02
1.05073110e-02
1.04641464e-02
1.04208212e-02
1.03778410e-02
1.03356336e-02
1.02939093e-02
1.02525587e-02
1.02117770e-02
1.01717440e-02
1.01323380e-02
1.00932878e-02
1.00544278e-02
1.00152376e-02
9.97643948e-03
