3.96876325e+00
3.33967332e+00
2.82087671e+00
2.34566890e+00
1.88276394e+00
1.43371496e+00
1.12329864e+00
8.55552117e-01
5.93639659e-01
4.58851507e-01
4.60661541e-01
4.94191386e-01
4.75965682e-01
3.60132482e-01
1.94985055e-01
5.73159726e-02
1.18282799e-01
1.79242290e-01
1.84064492e-01
1.44493621e-01
8.20062639e-02
2.32966560e-02
4.10069875e-02
6.74749700e-02
7.17358362e-02
5.78474257e-02
3.40480292e-02
1.03800225e-02
1.48256600e-02
2.58398955e-02
2.81804769e-02
2.31892832e-02
1.40329818e-02
4.58840330e-03
5.49071151e-03
1.00069422e-02
1.11405333e-02
9.31993339e-03
5.76720936e-03
1.99023841e-03
2.04922560e-03
3.89818944e-03
4.42258140e-03
3.75505399e-03
2.36928781e-03
8.53796084e-04
7.62873102e-04
1.52177302e-03
1.75964168e-03
1.51560334e-03
9.73865051e-04
3.64819661e-04
2.81845095e-04
5.94004165e-04
7.00714819e-04
6.12295598e-04
4.00500905e-04
1.55803047e-04
1.03125294e-04
2.31562987e-04
2.79021405e-04
2.47424364e-04
1.64726485e-04
6.65536597e-05
3.73483626e-05
9.01045850e-05
1.11042716e-04
9.99581857e-05
6.77308623e-05
2.84197707e-05
1.33922431e-05
3.49877604e-05
4.41553947e-05
4.03606383e-05
2.78303943e-05
1.21208666e-05
4.76039608e-06
1.35557548e-05
1.75414140e-05
1.62850514e-05
1.14251157e-05
5.15925461e-06
1.68257675e-06
5.23993741e-06
6.96159761e-06
6.56563088e-06
4.68548415e-06
2.19067135e-06
5.95418148e-07
