1.75419896e-01
5.80740282e-02
7.96527632e-03
4.19991475e-02
5.81129247e-02
5.70915553e-02
4.42405331e-02
2.63003299e-02
1.23100800e-02
1.44743276e-02
1.99118944e-02
2.02624884e-02
1.60773490e-02
9.68712845e-03
4.56188636e-03
5.58082970e-03
7.78581555e-03
8.01466837e-03
6.46565698e-03
4.05795053e-03
2.19639041e-03
2.49250191e-03
3.28648744e-03
3.37521142e-03
2.79134435e-03
1.90657181e-03
1.27800152e-03
1.32252550e-03
1.55634274e-03
1.57215274e-03
1.35680675e-03
1.05428195e-03
8.55315854e-04
8.39343263e-04
8.82215283e-04
8.69713859e-04
7.90650896e-04
6.91640776e-04
6.25078328e-04
6.03187179e-04
5.96857284e-04
5.78871190e-04
5.45417919e-04
5.08487745e-04
4.80379949e-04
4.63109009e-04
4.50247607e-04
4.35641493e-04
4.18194614e-04
4.00551186e-04
3.85416389e-04
3.73101805e-04
3.62186214e-04
3.51297456e-04
3.40137866e-04
3.29316967e-04
3.19485888e-04
3.10704823e-04
3.02622955e-04
2.94889152e-04
2.87404056e-04
2.80267305e-04
2.73587118e-04
2.67364549e-04
2.61515433e-04
2.55954441e-04
2.50646340e-04
2.45596396e-04
2.40813296e-04
2.36286218e-04
2.31988544e-04
2.27893789e-04
2.23985506e-04
2.20255619e-04
2.16697426e-04
2.13301178e-04
2.10054666e-04
2.06946150e-04
2.03966192e-04
2.01107355e-04
1.98362878e-04
1.95725828e-04
1.93189165e-04
1.90746256e-04
1.88391195e-04
1.86118729e-04
1.83924001e-04
1.81802371e-04
1.79749411e-04
1.77760983e-04
1.75833279e-04
1.73962799e-04
1.72146285e-04
1.70380683e-04
1.68663129e-04
1.66990947e-04
1.65361652e-04
1.63772935e-04
1.62222644e-04
1.60708767e-04
1.59229421e-04
1.57782850e-04
1.56367415e-04
1.54981586e-04
1.53623932e-04
1.52293116e-04
1.50987887e-04
1.49707075e-04
1.48449581e-04
1.47214382e-04
1.46000515e-04
1.44807078e-04
1.43633227e-04
1.42478167e-04
1.41341154e-04
1.40221488e-04
1.39118511e-04
1.38031604e-04
1.36960187e-04
1.35903709e-04
1.34861656e-04
1.33833540e-04
1.32818902e-04
1.31817309e-04
1.30828350e-04
1.29851639e-04
1.28886811e-04
1.27933517e-04
1.26991431e-04
1.26060241e-04
1.25139652e-04
1.24229385e-04
1.23329172e-04
1.22438762e-04
1.21557914e-04
1.20686398e-04
1.19823998e-04
1.18970504e-04
1.18125719e-04
1.17289453e-04
1.16461526e-04
1.15641763e-04
1.14830000e-04
1.14026078e-04
1.13229845e-04
1.12441155e-04
1.11659869e-04
1.10885852e-04
1.10118974e-04
1.09359112e-04
1.08606146e-04
1.07859961e-04
1.07120445e-04
1.06387492e-04
1.05660998e-04
1.04940864e-04
1.04226992e-04
1.03519289e-04
1.02817665e-04
1.02122032e-04
1.01432306e-04
1.00748403e-04
1.00070245e-04
9.93977528e-05
