0.12139139
0.14171466
0.13891963
0.1261213
0.11086456
0.098909237
0.094627692
0.093112436
0.090084707
0.085282757
0.079965172
0.075699414
0.07424964
0.073409867
0.071955789
0.069939009
0.067777618
0.0659246
0.064758534
0.063847434
0.062813109
0.061633347
0.060428996
0.059345913
0.058522838
0.057773944
0.056997552
0.056191208
0.05538892
0.054629625
0.053943365
0.053297517
0.052661646
0.052031827
0.051416576
0.050827033
0.050267826
0.04972645
0.049195013
0.048672194
0.048160216
0.047661814
0.04717781
0.046706118
0.04624449
0.045792171
0.045349285
0.044915994
0.044491836
0.044075873
0.043667368
0.043265972
0.042871578
0.042484156
0.042103557
0.041729419
0.041361443
0.04099943
0.040643134
0.040292322
0.039946783
0.039606312
0.039270726
0.038939864
0.038613591
0.038291782
0.037974313
0.037661064
0.037351915
0.037046754
0.036745475
0.036447972
0.036154147
0.035863905
0.035577158
0.03529382
0.035013814
0.034737065
0.034463501
0.034193052
0.033925653
0.033661238
0.033399746
0.033141118
0.032885296
0.032632225
0.032381851
0.032134125
0.031888997
0.03164642
0.031406349
0.03116874
0.03093355
0.030700739
0.030470266
0.030242093
0.030016182
0.029792497
0.029571003
0.029351666
0.029134452
0.028919329
0.028706267
0.028495234
0.028286201
0.02807914
0.027874021
0.027670818
0.027469504
0.027270053
0.02707244
0.02687664
0.026682629
0.026490383
0.026299879
0.026111094
0.025924007
0.025738594
0.025554837
0.025372712
0.025192202
0.025013284
0.024835941
0.024660153
0.024485901
0.024313167
0.024141934
0.023972182
0.023803896
0.023637058
0.023471651
0.02330766
0.023145067
0.022983858
0.022824016
0.022665526
0.022508374
0.022352544
0.022198022
0.022044794
0.021892846
0.021742163
0.021592733
0.021444542
0.021297576
0.021151823
0.02100727
0.020863905
0.020721714
0.020580685
0.020440808
0.020302069
0.020164457
0.02002796
0.019892567
0.019758268
0.01962505
0.019492903
0.019361816
0.019231779
0.019102782
0.018974813
0.018847863
0.018721921
