3.20101835e+00
3.35037824e-01
5.08269720e-02
8.71346462e-03
2.66404751e-03
2.15668294e-03
2.03560309e-03
1.95449076e-03
1.38145987e-03
8.27472812e-04
7.27928663e-04
7.03004914e-04
6.53368263e-04
6.01257323e-04
5.53365270e-04
5.09747541e-04
4.69818535e-04
4.33103460e-04
3.99260224e-04
3.68032575e-04
3.39214588e-04
3.12629450e-04
2.88117772e-04
2.65531559e-04
2.44731358e-04
2.25585091e-04
2.07967713e-04
1.91761206e-04
1.76854669e-04
1.63144354e-04
1.50533635e-04
1.38932862e-04
1.28259147e-04
1.18436068e-04
1.09393335e-04
1.01066415e-04
9.33961505e-05
8.63283712e-05
7.98135115e-05
7.38062428e-05
6.82651222e-05
6.31522631e-05
5.84330264e-05
5.40757361e-05
5.00514160e-05
4.63335490e-05
4.28978571e-05
3.97221004e-05
3.67858953e-05
3.40705483e-05
3.15589060e-05
2.92352193e-05
2.70850194e-05
2.50950064e-05
2.32529480e-05
2.15475879e-05
1.99685620e-05
1.85063234e-05
1.71520736e-05
1.58977001e-05
1.47357201e-05
1.36592283e-05
1.26618501e-05
1.17376992e-05
1.08813377e-05
1.00877408e-05
9.35226416e-06
8.67061358e-06
8.03881797e-06
7.45320401e-06
6.91037319e-06
6.40718058e-06
5.94071542e-06
5.50828322e-06
5.10738932e-06
4.73572372e-06
4.39114717e-06
4.07167829e-06
3.77548174e-06
3.50085724e-06
3.24622955e-06
3.01013912e-06
2.79123347e-06
2.58825928e-06
2.40005506e-06
2.22554429e-06
2.06372923e-06
1.91368506e-06
1.77455453e-06
1.64554299e-06
1.52591380e-06
1.41498404e-06
1.31212062e-06
1.21673660e-06
1.12828781e-06
1.04626972e-06
9.70214583e-07
