-851.33996
-851.5788
-851.58307
-851.58324
-851.58335
-851.58344
-851.58351
-851.58355
-851.58359
-851.58362
-851.58365
-851.58368
-851.58371
-851.58373
-851.58375
-851.58376
-851.58378
-851.58379
-851.5838
-851.5838
-851.58381
-851.58382
-851.58382
-851.58383
-851.58383
-851.58383
-851.58383
-851.58384
-851.58384
-851.58384
-851.58384
-851.58384
-851.58384
-851.58384
-851.58385
-851.58385
-851.58385
-851.58385
-851.58385
-851.58385
-851.58385
-851.58385
-851.58385
-851.58385
-851.58385
-851.58385
-851.58385
-851.58385
-851.58385
-851.58385
-851.58385
-851.58385
-851.58385
-851.58385
-851.58385
-851.58385
-851.58385
-851.58385
-851.58385
-851.58385
-851.58385
-851.58385
-851.58385
-851.58385
-851.58385
-851.58385
-851.58385
-851.58385
-851.58385
-851.58385
-851.58385
-851.58385
-851.58385
-851.58385
-851.58385
-851.58385
-851.58385
-851.58385
-851.58385
-851.58385
-851.58385
-851.58385
-851.58385
-851.58385
-851.58385
-851.58385
-851.58385
-851.58385
-851.58385
-851.58385
-851.58385
-851.58385
-851.58385
-851.58385
-851.58385
-851.58385
-851.58385
