536	532	1659
1659	1	1664
536	1659	1664
92	1661	1665
1661	536	1665
532	536	1661
1660	532	1669
537	1660	1669
83	1660	1667
1660	537	1667
532	1661	1669
1661	537	1669
92	537	1661
953	250	980
271	953	980
27	2023	2024
2023	977	2024
953	977	2023
953	271	977
954	92	978
271	954	978
250	954	980
954	271	980
1370	83	1667
537	1370	1667
250	1370	1668
1370	537	1668
537	92	954
954	250	1668
537	954	1668
1469	83	1484
371	1469	1484
365	1469	1486
1469	371	1486
1470	365	1486
371	1470	1486
94	1470	1485
1470	371	1485
1468	365	1483
370	1468	1483
21	1468	1480
1468	370	1480
1470	94	1481
370	1470	1481
365	1470	1483
1470	370	1483
371	250	955
955	94	1485
371	955	1485
83	1370	1484
1370	371	1484
250	371	1370
250	953	982
953	275	982
27	1388	2023
1388	953	2023
275	953	1388
955	250	982
275	955	982
94	955	981
955	275	981
1389	85	1851
726	1389	1851
276	1389	1852
1389	726	1852
726	254	1391
1391	276	1852
726	1391	1852
1374	94	1390
276	1374	1390
254	1374	1391
1374	276	1391
1373	21	1480
370	1373	1480
254	1373	1482
1373	370	1482
1374	254	1482
370	1374	1482
94	1374	1481
1374	370	1481
1392	255	1857
729	1392	1857
276	1392	1859
1392	729	1859
1389	276	1859
729	1389	1859
85	1389	1856
1389	729	1856
958	276	1390
94	958	1390
958	255	1392
276	958	1392
728	275	1388
1388	27	1854
728	1388	1854
255	275	728
275	255	958
958	94	981
275	958	981
93	1311	1372
1311	253	1372
10	253	1311
274	253	725
738	725	1850
1850	85	1871
738	1850	1871
274	725	738
93	1372	1387
1372	274	1387
253	274	1372
1854	27	1869
736	1854	1869
728	1854	1870
1854	736	1870
736	273	1855
1855	728	1870
736	1855	1870
255	728	737
737	728	1855
273	737	1855
273	93	730
737	730	1860
255	737	1860
273	730	737
729	1857	1874
1857	739	1874
255	739	1857
1858	729	1874
739	1858	1874
274	1858	1873
1858	739	1873
1856	729	1872
738	1856	1872
85	1856	1871
1856	738	1871
729	1858	1872
1858	738	1872
274	738	1858
739	255	1860
1860	730	1875
739	1860	1875
1861	274	1873
739	1861	1873
730	1861	1875
1861	739	1875
730	93	1387
1387	274	1861
730	1387	1861
84	251	281
281	251	723
97	281	723
538	97	723
251	538	723
21	538	722
538	251	722
281	252	956
84	281	956
281	97	1371
252	281	1371
28	724	741
724	280	741
724	252	1396
280	724	1396
1371	97	1395
280	1371	1395
252	1371	1396
1371	280	1396
366	84	373
95	1099	1102
1099	373	1102
366	373	1099
7	366	372
372	366	1099
1099	95	1100
372	1099	1100
957	95	1102
373	957	1102
252	957	1103
957	373	1103
373	84	956
956	252	1103
373	956	1103
724	277	984
252	724	984
724	28	740
277	724	740
957	252	984
277	957	984
95	957	983
957	277	983
725	279	1394
1394	85	1850
725	1394	1850
253	279	725
253	96	279
10	96	253
279	256	732
85	1394	1864
1394	732	1864
279	732	1394
279	96	1375
256	279	1375
278	28	731
256	1393	1862
1393	731	1862
278	731	1393
256	1375	1393
1375	278	1393
96	278	1375
97	538	727
538	254	727
538	21	1373
254	538	1373
1851	85	1879
743	1851	1879
726	1851	1880
1851	743	1880
743	282	1853
1853	726	1880
743	1853	1880
254	726	744
744	726	1853
282	744	1853
727	282	985
97	727	985
727	254	744
282	727	744
731	28	741
741	280	1863
731	741	1863
1862	731	1878
742	1862	1878
256	1862	1876
1862	742	1876
1863	280	1877
742	1863	1877
731	1863	1878
1863	742	1878
1395	97	1865
733	1395	1865
280	1395	1866
1395	733	1866
742	733	1295
1295	256	1876
742	1295	1876
280	1866	1877
1866	742	1877
733	742	1866
85	1864	1879
1864	743	1879
732	743	1864
732	282	743
732	256	986
282	732	986
986	256	1295
733	986	1295
282	986	1296
986	733	1296
985	733	1865
97	985	1865
985	282	1296
733	985	1296
914	48	992
288	914	992
205	914	995
914	288	995
915	205	995
288	915	995
106	915	993
915	288	993
58	205	289
289	205	915
915	106	996
289	915	996
804	495	1241
387	804	1241
4	495	804
1115	387	1241
495	1115	1241
202	1115	1240
1115	495	1240
1245	1114	2052
387	1245	2052
496	1114	1245
106	1114	1242
1114	496	1242
1115	202	1243
496	1115	1243
387	1115	1245
1115	496	1245
202	906	997
906	289	997
58	289	906
996	106	1242
496	996	1242
289	996	1244
996	496	1244
997	289	1244
496	997	1244
202	997	1243
997	496	1243
897	48	914
205	897	914
190	897	916
897	205	916
205	58	651
190	916	1284
916	651	1284
205	651	916
896	190	909
203	896	909
22	896	908
896	203	908
909	190	1284
651	909	1284
203	909	1285
909	651	1285
651	58	667
667	203	1285
651	667	1285
61	10	189
48	351	492
351	189	492
61	189	351
190	61	351
351	48	897
190	351	897
211	190	896
22	211	896
61	190	211
860	22	864
864	110	1995
860	864	1995
98	1994	1996
1994	865	1996
860	865	1994
865	860	1995
1995	110	1997
865	1995	1997
293	59	988
988	284	1005
293	988	1005
1004	990	2031
110	1004	2031
293	990	1004
1005	284	2032
990	1005	2032
990	293	1005
1997	110	2031
990	1997	2031
865	1997	2033
1997	990	2033
1998	865	2033
990	1998	2033
284	1998	2032
1998	990	2032
1996	865	2030
989	1996	2030
98	1996	2028
1996	989	2028
1998	284	2029
989	1998	2029
865	1998	2030
1998	989	2030
1405	283	2026
987	1405	2026
296	1405	2027
1405	987	2027
987	98	1008
1008	296	2027
987	1008	2027
1009	746	1882
296	1009	1882
111	746	1009
1405	296	1882
746	1405	1882
283	1405	1881
1405	746	1881
745	283	753
295	745	753
28	745	752
745	295	752
753	283	1881
746	753	1881
746	295	753
111	295	746
1010	989	2029
284	1010	2029
296	989	1010
1008	98	2028
989	1008	2028
989	296	1008
991	111	1009
296	991	1009
284	991	1010
991	296	1010
866	111	991
284	866	991
59	866	988
866	284	988
859	59	918
206	859	918
95	859	920
859	206	920
206	917	1101
917	372	1101
7	372	917
920	206	1101
372	920	1101
95	920	1100
920	372	1100
277	111	867
867	95	983
277	867	983
295	277	740
740	28	752
295	740	752
111	277	295
859	95	867
111	859	867
59	859	866
859	111	866
96	61	212
278	212	681
28	278	681
96	212	278
10	61	96
61	211	285
285	211	1334
98	285	1334
211	22	860
98	1334	1994
1334	860	1994
211	860	1334
212	61	285
285	98	682
212	285	682
681	212	747
283	681	747
28	681	745
681	283	745
212	682	747
747	682	1805
283	747	1805
682	98	987
283	1805	2026
1805	987	2026
682	987	1805
247	7	265
90	948	969
948	265	969
247	265	948
82	247	268
268	247	948
948	90	971
268	948	971
249	950	972
950	268	972
82	268	950
951	249	972
268	951	972
90	951	971
951	268	971
25	721	734
721	266	734
249	266	721
266	249	951
90	266	951
248	82	270
91	949	975
949	270	975
248	270	949
20	248	269
269	248	949
949	91	973
269	949	973
270	82	950
950	249	976
270	950	976
952	91	975
270	952	975
249	952	976
952	270	976
25	535	721
535	249	721
535	91	952
249	535	952
198	57	219
219	64	664
198	219	664
9	663	683
663	217	683
198	217	663
217	198	664
664	64	684
217	664	684
218	201	665
665	25	686
218	665	686
64	666	687
666	218	687
201	218	666
57	201	219
219	201	666
64	219	666
857	57	903
199	857	903
91	857	905
857	199	905
199	902	974
902	269	974
20	269	902
905	199	974
269	905	974
91	905	973
905	269	973
201	91	535
535	25	665
201	535	665
201	57	857
91	201	857
245	20	259
88	947	963
947	259	963
245	259	947
81	245	262
262	245	947
947	88	1380
262	947	1380
719	262	1381
246	719	1381
81	262	719
1369	246	1381
262	1369	1381
88	1369	1380
1369	262	1380
260	24	718
718	246	1379
260	718	1379
1369	88	1377
260	1369	1377
246	1369	1379
1369	260	1379
0	1467	1474
1467	368	1474
364	368	1467
368	364	799
87	368	799
534	87	799
364	534	799
81	534	798
534	364	798
534	81	719
246	534	719
87	534	720
534	246	720
720	533	1662
87	720	1662
246	533	720
24	533	718
533	246	718
200	1332	1378
1332	260	1378
24	260	1332
1333	200	1378
260	1333	1378
88	1333	1377
1333	260	1377
57	200	261
261	200	1333
88	261	1333
261	199	903
57	261	903
261	88	904
199	261	904
259	20	902
902	199	964
259	902	964
904	88	963
259	904	963
199	904	964
904	259	964
115	57	198
9	549	663
549	198	663
115	198	549
200	115	1312
1312	24	1332
200	1312	1332
57	115	200
734	669	1781
25	734	1781
734	266	1784
669	734	1784
1782	669	1868
735	1782	1868
207	1782	1867
1782	735	1867
669	1784	1868
1784	735	1868
266	735	1784
266	90	672
735	672	1790
1790	207	1867
735	1790	1867
266	672	735
267	59	670
207	1382	1785
1382	670	1785
267	670	1382
672	267	1382
1382	207	1790
672	1382	1790
90	267	672
267	206	918
59	267	918
267	90	919
206	267	919
265	7	917
917	206	970
265	917	970
919	90	969
265	919	969
206	919	970
919	265	970
293	223	695
59	293	695
110	932	1004
932	293	1004
223	293	932
294	65	696
696	223	1007
294	696	1007
932	110	1006
294	932	1006
223	932	1007
932	294	1007
110	864	931
864	221	931
22	221	864
221	65	294
110	931	1006
931	294	1006
221	294	931
670	59	695
695	223	1786
670	695	1786
207	1785	1825
1785	697	1825
670	697	1785
697	670	1786
1786	223	1826
697	1786	1826
1787	207	1825
697	1787	1825
671	1787	1827
1787	697	1827
1789	671	1827
697	1789	1827
223	1789	1826
1789	697	1826
65	671	696
696	671	1789
223	696	1789
1782	207	1822
693	1782	1822
669	1782	1823
1782	693	1823
693	222	1783
1783	669	1823
693	1783	1823
1781	669	1820
692	1781	1820
25	1781	1818
1781	692	1818
1783	222	1819
692	1783	1819
669	1783	1820
1783	692	1820
1787	671	1824
693	1787	1824
207	1787	1822
1787	693	1822
671	1788	1824
1788	693	1824
222	693	1788
671	65	1339
1339	222	1788
671	1339	1788
683	673	1289
9	683	1289
683	217	1792
673	683	1792
1791	673	1808
685	1791	1808
208	1791	1806
1791	685	1806
1792	217	1807
685	1792	1807
673	1792	1808
1792	685	1808
1794	208	1806
685	1794	1806
675	1794	1809
1794	685	1809
1795	675	1809
685	1795	1809
217	1795	1807
1795	685	1807
684	64	1793
675	684	1793
684	675	1795
217	684	1795
220	60	674
674	208	690
220	674	690
1793	64	1814
689	1793	1814
675	1793	1816
1793	689	1816
1796	675	1816
689	1796	1816
220	1796	1815
1796	689	1815
690	208	1794
675	690	1794
690	675	1796
220	690	1796
210	678	691
678	220	691
60	220	678
691	679	1802
210	691	1802
691	220	1804
679	691	1804
1801	679	1817
689	1801	1817
64	1801	1814
1801	689	1814
1804	220	1815
689	1804	1815
679	1804	1817
1804	689	1817
1798	210	1810
688	1798	1810
677	1798	1812
1798	688	1812
1799	677	1812
688	1799	1812
218	1799	1811
1799	688	1811
686	25	1797
677	686	1797
686	677	1799
218	686	1799
687	679	1801
64	687	1801
687	218	1803
679	687	1803
1802	679	1813
688	1802	1813
210	1802	1810
1802	688	1810
1803	218	1811
688	1803	1811
679	1803	1813
1803	688	1813
22	209	221
209	65	221
209	60	524
65	209	524
524	60	678
210	524	678
65	524	680
524	210	680
1797	25	1818
692	1797	1818
677	1797	1821
1797	692	1821
1800	677	1821
692	1800	1821
222	1800	1819
1800	692	1819
694	210	1798
677	694	1798
694	677	1800
222	694	1800
680	222	1339
65	680	1339
680	210	694
222	680	694
60	522	610
522	150	610
522	47	879
150	522	879
1268	9	1289
673	1268	1289
609	1268	1290
1268	673	1290
1270	673	1791
208	1270	1791
1270	609	1290
673	1270	1290
150	609	676
676	609	1270
208	676	1270
610	150	676
208	610	676
60	610	674
610	208	674
209	22	648
188	209	648
209	188	1327
60	209	1327
895	522	1651
1651	188	2008
895	1651	2008
47	522	895
522	60	1327
1327	188	1651
522	1327	1651
878	58	906
202	878	906
149	878	907
878	202	907
4	436	495
495	436	1170
1170	202	1240
495	1170	1240
436	149	907
907	202	1170
436	907	1170
877	47	910
204	877	910
149	877	912
877	204	912
878	149	912
912	204	2002
878	912	2002
58	878	911
911	878	2002
2002	204	2010
911	2002	2010
188	648	668
648	203	668
648	22	908
203	648	908
668	649	1768
188	668	1768
203	649	668
667	58	1767
649	667	1767
649	203	667
2008	188	2012
913	2008	2012
895	2008	2015
2008	913	2015
2009	895	2015
913	2009	2015
204	2009	2013
2009	913	2013
47	895	910
910	895	2009
204	910	2009
1769	204	2013
913	1769	2013
649	1769	2014
1769	913	2014
1768	649	2014
913	1768	2014
188	1768	2012
1768	913	2012
649	1767	2011
1767	911	2011
58	911	1767
1769	649	2011
911	1769	2011
204	1769	2010
1769	911	2010
550	2	587
138	550	587
121	550	589
550	138	589
553	121	589
138	553	589
40	553	588
553	138	588
551	121	594
140	551	594
33	551	592
551	140	592
553	40	593
140	553	593
121	553	594
553	140	594
1318	123	1545
418	1318	1545
140	1318	1546
1318	418	1546
418	33	592
592	140	1546
418	592	1546
40	555	593
593	555	1692
140	593	1692
1318	140	1692
555	1318	1692
123	1318	1691
1318	555	1691
1317	15	1542
417	1317	1542
139	1317	1543
1317	417	1543
417	123	591
591	139	1543
417	591	1543
555	40	590
139	555	590
591	123	1691
555	591	1691
555	139	591
42	11	333
339	333	1434
33	339	1434
42	333	339
339	33	418
1075	418	1545
123	1075	1545
339	418	1075
42	339	419
419	339	1075
1075	123	1157
419	1075	1157
338	1072	1158
1072	419	1158
42	419	1072
1073	338	1158
419	1073	1158
123	1073	1157
1073	419	1157
1442	338	1544
417	1442	1544
15	1442	1542
1442	417	1542
1073	417	1544
338	1073	1544
123	417	1073
72	42	340
35	72	340
11	42	72
1442	15	1552
423	1442	1552
338	1442	1554
1442	423	1554
423	127	1074
1074	338	1554
423	1074	1554
425	42	1072
1072	338	1162
425	1072	1162
1074	127	1161
425	1074	1161
338	1074	1162
1074	425	1162
340	42	425
127	1076	1161
1076	425	1161
340	425	1076
35	340	424
424	340	1076
1076	127	1555
424	1076	1555
562	35	600
600	143	1696
562	600	1696
1695	562	1708
602	1695	1708
126	1695	1707
1695	602	1707
562	1696	1708
1696	602	1708
143	602	1696
602	563	1697
1697	126	1707
602	1697	1707
143	563	602
41	563	601
563	143	601
561	126	597
141	561	597
8	561	595
561	141	595
563	41	596
141	563	596
597	126	1697
563	597	1697
563	141	597
599	423	1553
142	599	1553
127	423	599
1319	142	1553
423	1319	1553
15	1319	1552
1319	423	1552
599	565	1698
127	599	1698
142	565	599
41	565	598
565	142	598
600	424	1556
143	600	1556
35	424	600
1320	143	1556
424	1320	1556
127	1320	1555
1320	424	1555
1320	127	1698
565	1320	1698
143	1320	1699
1320	565	1699
565	41	601
601	143	1699
565	601	1699
49	313	330
330	313	766
766	170	1062
330	766	1062
313	153	461
170	766	842
766	461	842
313	461	766
1175	56	1201
460	1175	1201
439	1175	1204
1175	460	1204
837	460	1202
170	837	1202
837	439	1204
460	837	1204
461	153	836
836	439	843
461	836	843
837	170	842
461	837	842
439	837	843
837	461	843
439	350	1084
1084	56	1175
439	1084	1175
153	788	836
788	439	836
350	439	788
11	350	438
438	350	788
153	438	788
315	1035	1063
1035	330	1063
49	330	1035
1037	315	1063
330	1037	1063
170	1037	1062
1037	330	1062
331	155	767
767	315	1065
331	767	1065
1037	170	1064
331	1037	1064
315	1037	1065
1037	331	1065
1042	170	1202
460	1042	1202
317	1042	1203
1042	460	1203
1039	317	1203
460	1039	1203
56	1039	1201
1039	460	1201
317	1040	1066
1040	331	1066
155	331	1040
1042	317	1066
331	1042	1066
170	1042	1064
1042	331	1064
1418	169	1739
626	1418	1739
314	1418	1740
1418	626	1740
626	16	1416
1416	314	1740
626	1416	1740
314	155	885
169	1418	2003
1418	885	2003
314	885	1418
885	155	1040
1040	317	2004
885	1040	2004
2003	885	2047
1041	2003	2047
169	2003	2045
2003	1041	2045
885	2004	2047
2004	1041	2047
317	1041	2004
1039	56	1277
627	1039	1277
317	1039	1278
1039	627	1278
1741	169	2045
1041	1741	2045
627	1741	2046
1741	1041	2046
1041	317	1278
1278	627	2046
1041	1278	2046
1032	49	1047
322	1032	1047
311	1032	1049
1032	322	1049
763	322	1048
164	763	1048
763	311	1049
322	763	1049
324	152	519
311	1425	1647
1425	519	1647
324	519	1425
763	324	1425
311	763	1425
763	164	773
324	763	773
312	764	774
764	324	774
152	324	764
765	312	774
324	765	774
164	765	773
765	324	773
1033	312	1052
323	1033	1052
53	1033	1051
1033	323	1051
765	323	1052
312	765	1052
164	323	765
1200	310	2039
1031	1200	2039
1200	1031	2041
458	1200	2041
1585	458	2041
1031	1585	2041
162	1585	2038
1585	1031	2038
458	4	516
310	1200	1248
1200	516	1248
458	516	1200
319	1423	1644
1423	517	1644
310	517	1423
1421	319	1644
517	1421	1644
152	1421	1643
1421	517	1643
1422	162	2038
1031	1422	2038
319	1422	2040
1422	1031	2040
1423	319	2040
1031	1423	2040
310	1423	2039
1423	1031	2039
1033	53	1043
318	1033	1043
312	1033	1044
1033	318	1044
1419	162	2042
1034	1419	2042
318	1419	2043
1419	1034	2043
1034	312	1044
1044	318	2043
1034	1044	2043
764	319	1421
152	764	1421
764	312	1424
319	764	1424
319	1424	2044
1424	1034	2044
312	1034	1424
1422	319	2044
1034	1422	2044
162	1422	2042
1422	1034	2042
155	314	321
321	314	1417
163	321	1417
314	1416	1719
1416	614	1719
16	614	1416
1417	314	1719
614	1417	1719
163	1417	1717
1417	614	1717
321	316	768
155	321	768
321	163	769
316	321	769
1038	316	1046
320	1038	1046
53	1038	1045
1038	320	1045
769	320	1046
316	769	1046
769	163	771
320	769	771
767	325	1055
315	767	1055
767	155	775
325	767	775
1036	315	1055
325	1036	1055
164	1036	1054
1036	325	1054
1035	315	1050
322	1035	1050
49	1035	1047
1035	322	1047
1036	164	1048
322	1036	1048
315	1036	1050
1036	322	1050
1038	53	1051
323	1038	1051
316	1038	1053
1038	323	1053
323	164	770
770	316	1053
323	770	1053
768	316	776
325	768	776
155	768	775
768	325	775
316	770	776
770	325	776
770	164	1054
325	770	1054
350	72	526
526	56	1084
350	526	1084
11	72	350
72	35	197
56	526	661
526	197	661
72	197	526
710	459	1586
234	710	1586
710	169	840
459	710	840
459	73	499
234	1586	1630
1586	499	1630
459	499	1586
626	234	943
16	626	943
710	626	1739
169	710	1739
234	626	710
792	627	1277
56	792	1277
792	354	1742
627	792	1742
1741	627	1937
794	1741	1937
169	1741	1936
1741	794	1936
627	1742	1937
1742	794	1937
354	794	1742
354	793	841
793	459	841
73	459	793
794	354	841
459	794	841
840	169	1936
794	840	1936
794	459	840
662	73	793
354	662	793
197	662	795
662	354	795
661	197	795
354	661	795
56	661	792
661	354	792
197	35	235
235	73	662
197	235	662
564	196	1331
126	564	1331
564	54	1329
196	564	1329
196	35	562
126	1331	1695
1331	562	1695
196	562	1331
561	8	653
193	561	653
126	561	655
561	193	655
564	126	655
193	564	655
54	564	654
564	193	654
194	493	500
500	493	1621
1621	234	1632
500	1621	1632
16	943	1238
943	493	1238
943	234	1621
493	943	1621
494	1623	1633
1623	500	1633
194	500	1623
1624	494	1633
500	1624	1633
234	1624	1632
1624	500	1632
499	73	1622
1622	494	1631
499	1622	1631
1624	234	1630
499	1624	1630
494	1624	1631
1624	499	1631
1353	54	1772
656	1353	1772
236	1353	1775
1353	656	1775
1355	236	1775
656	1355	1775
194	1355	1773
1355	656	1773
1355	194	1623
494	1355	1623
236	1355	1625
1355	494	1625
1354	236	1625
494	1354	1625
73	1354	1622
1354	494	1622
236	196	1329
1329	54	1353
236	1329	1353
73	1330	1354
1330	236	1354
196	236	1330
35	196	235
235	196	1330
73	235	1330
1471	0	1474
368	1471	1474
367	1471	1475
1471	368	1475
368	87	1473
1473	367	1475
368	1473	1475
1472	367	1479
369	1472	1479
86	1472	1476
1472	369	1476
1473	87	1477
369	1473	1477
367	1473	1479
1473	369	1479
1376	87	1662
533	1376	1662
258	1376	1663
1376	533	1663
533	24	960
960	258	1663
533	960	1663
961	369	1478
258	961	1478
961	86	1476
369	961	1476
1376	258	1478
369	1376	1478
87	1376	1477
1376	369	1477
257	86	264
89	959	967
959	264	967
257	264	959
23	257	263
263	257	959
959	89	965
263	959	965
264	86	961
961	258	968
264	961	968
962	89	967
264	962	967
258	962	968
962	264	968
855	89	962
258	855	962
24	855	960
855	258	960
115	63	852
852	24	1312
115	852	1312
171	115	549
549	9	628
171	549	628
63	115	171
856	63	928
216	856	928
89	856	930
856	216	930
216	927	966
927	263	966
23	263	927
930	216	966
263	930	966
89	930	965
930	263	965
852	63	856
89	852	856
24	852	855
852	89	855
1337	23	1349
231	1337	1349
214	1337	1350
1337	231	1350
69	922	939
922	231	939
922	214	1350
231	922	1350
1338	214	1352
232	1338	1352
62	1338	1351
1338	232	1351
922	232	1352
214	922	1352
922	69	941
232	922	941
853	26	923
215	853	923
69	853	926
853	215	926
215	924	942
924	232	942
924	62	1351
232	924	1351
926	215	942
232	926	942
69	926	941
926	232	941
1336	62	1347
227	1336	1347
213	1336	1348
1336	227	1348
66	921	935
921	227	935
921	213	1348
227	921	1348
1335	213	1343
224	1335	1343
8	1335	1340
1335	224	1340
921	224	1343
213	921	1343
921	66	1341
224	921	1341
215	923	934
923	225	934
26	225	923
925	215	934
225	925	934
66	925	933
925	225	933
924	227	1347
62	924	1347
924	215	936
227	924	936
925	66	935
227	925	935
215	925	936
925	227	936
67	63	171
172	171	628
628	9	629
172	628	629
67	171	172
26	523	525
523	67	525
63	67	523
927	231	1349
23	927	1349
927	216	940
231	927	940
929	69	939
231	929	939
216	929	940
929	231	940
854	69	929
216	854	929
63	854	928
854	216	928
523	69	854
63	523	854
523	26	853
69	523	853
652	304	1020
53	652	1020
652	192	1022
304	652	1022
899	149	1021
304	899	1021
192	899	1022
899	304	1022
877	149	899
192	877	899
47	877	898
877	192	898
882	436	1568
162	882	1568
149	436	882
436	4	458
162	1568	1585
1568	458	1585
436	458	1568
53	1020	1043
1020	318	1043
1020	304	1420
318	1020	1420
1410	162	1419
318	1410	1419
304	1410	1420
1410	318	1420
149	882	1021
882	304	1021
882	162	1410
304	882	1410
614	16	759
759	306	1718
614	759	1718
1717	614	1903
760	1717	1903
163	1717	1901
1717	760	1901
1718	306	1902
760	1718	1902
614	1718	1903
1718	760	1903
1412	151	1720
615	1412	1720
306	1412	1722
1412	615	1722
1721	163	1901
760	1721	1901
615	1721	1904
1721	760	1904
1722	615	1904
760	1722	1904
306	1722	1902
1722	760	1902
1721	615	1907
762	1721	1907
163	1721	1905
1721	762	1905
1723	308	1906
762	1723	1906
615	1723	1907
1723	762	1907
1414	308	1723
615	1414	1723
151	1414	1720
1414	615	1720
308	761	772
761	320	772
761	53	1045
320	761	1045
772	762	1906
308	772	1906
320	762	772
771	163	1905
762	771	1905
762	320	771
308	192	652
652	53	761
308	652	761
900	308	1414
151	900	1414
192	308	900
898	192	1027
307	898	1027
47	898	1024
898	307	1024
900	151	1025
307	900	1025
192	900	1027
900	307	1027
879	47	883
168	879	883
150	879	884
879	168	884
757	328	1433
1433	55	1895
757	1433	1895
305	328	757
328	305	1023
1023	168	1056
328	1023	1056
884	305	1411
150	884	1411
884	168	1023
305	884	1023
609	150	619
1269	619	1727
165	1269	1727
609	619	1269
1268	609	1273
616	1268	1273
9	1268	1271
1268	616	1271
1269	165	1272
616	1269	1272
609	1269	1273
1269	616	1273
1727	619	1900
758	1727	1900
165	1727	1897
1727	758	1897
1728	305	1898
758	1728	1898
619	1728	1900
1728	758	1900
619	150	1411
1411	305	1728
619	1411	1728
1725	165	1897
758	1725	1897
617	1725	1899
1725	758	1899
1726	617	1899
758	1726	1899
305	1726	1898
1726	758	1898
1724	617	1896
757	1724	1896
55	1724	1895
1724	757	1895
617	1726	1896
1726	757	1896
305	757	1726
1412	306	1432
327	1412	1432
151	1412	1430
1412	327	1430
1413	166	1431
327	1413	1431
306	1413	1432
1413	327	1432
16	620	759
759	620	1730
306	759	1730
1413	306	1730
620	1413	1730
166	1413	1729
1413	620	1729
327	309	1029
1029	151	1430
327	1029	1430
166	1415	1431
1415	327	1431
309	327	1415
1028	326	1426
55	1028	1426
1028	309	1429
326	1028	1429
1415	166	1427
326	1415	1427
309	1415	1429
1415	326	1429
883	47	1024
307	883	1024
168	883	1026
883	307	1026
1025	151	1058
329	1025	1058
307	1025	1060
1025	329	1060
1026	307	1060
329	1026	1060
168	1026	1059
1026	329	1059
309	1028	1057
1028	328	1057
1028	55	1433
328	1028	1433
1030	309	1057
328	1030	1057
168	1030	1056
1030	328	1056
1029	309	1061
329	1029	1061
151	1029	1058
1029	329	1058
1030	168	1059
329	1030	1059
309	1030	1061
1030	329	1061
653	224	1342
193	653	1342
653	8	1340
224	653	1340
1328	193	1342
224	1328	1342
66	1328	1341
1328	224	1341
226	54	654
654	193	1346
226	654	1346
1328	66	1345
226	1328	1345
193	1328	1346
1328	226	1346
226	195	659
54	226	659
901	226	1345
66	901	1345
195	226	901
225	26	658
195	1344	1778
1344	658	1778
225	658	1344
901	225	1344
195	901	1344
901	66	933
225	901	933
657	352	1085
1085	194	1776
657	1085	1776
657	68	790
352	657	790
1239	352	1297
789	1239	1297
493	1239	1298
1239	789	1298
789	16	1238
1238	493	1298
789	1238	1298
493	194	1085
1085	352	1239
493	1085	1239
656	1772	1836
1772	702	1836
54	702	1772
1774	656	1836
702	1774	1836
229	1774	1835
1774	702	1835
1773	656	1839
704	1773	1839
194	1773	1837
1773	704	1837
1774	229	1838
704	1774	1838
656	1774	1839
1774	704	1839
704	657	1776
1776	194	1837
704	1776	1837
229	1777	1838
1777	704	1838
657	704	1777
68	657	703
703	657	1777
229	703	1777
658	26	698
698	228	1779
658	698	1779
701	195	1778
1778	658	1833
701	1778	1833
1779	228	1832
701	1779	1832
658	1779	1833
1779	701	1833
1287	701	1834
660	1287	1834
195	701	1287
1780	660	1834
701	1780	1834
228	1780	1832
1780	701	1832
68	660	699
699	660	1780
228	699	1780
659	195	705
229	1286	1291
1286	705	1291
659	705	1286
54	659	702
702	659	1286
1286	229	1835
702	1286	1835
660	68	703
703	229	1288
660	703	1288
705	195	1287
1287	660	1292
705	1287	1292
1288	229	1291
705	1288	1291
660	1288	1292
1288	705	1292
1275	938	2016
166	1275	2016
621	938	1275
230	938	1276
938	621	1276
621	68	937
937	230	1276
621	937	1276
706	326	1428
230	706	1428
55	1426	1840
1426	706	1840
326	706	1426
1427	166	2016
938	1427	2016
326	1427	2017
1427	938	2017
938	230	1428
1428	326	2017
938	1428	2017
620	16	789
352	1274	1297
1274	789	1297
620	789	1274
1729	620	1935
791	1729	1935
166	1729	1934
1729	791	1934
1274	791	1935
620	1274	1935
352	791	1274
791	621	1275
1275	166	1934
791	1275	1934
352	621	791
68	621	790
621	352	790
625	68	699
699	228	1738
625	699	1738
1737	625	1831
700	1737	1831
167	1737	1828
1737	700	1828
1738	228	1829
700	1738	1829
625	1738	1831
1738	700	1831
1731	167	1828
700	1731	1828
622	1731	1830
1731	700	1830
1732	622	1830
700	1732	1830
228	1732	1829
1732	700	1829
26	622	698
698	622	1732
228	698	1732
1733	55	1840
706	1733	1840
623	1733	1841
1733	706	1841
706	230	1736
1736	623	1841
706	1736	1841
1734	623	1843
707	1734	1843
167	1734	1842
1734	707	1842
623	1736	1843
1736	707	1843
230	707	1736
625	230	937
68	625	937
707	625	1737
1737	167	1842
707	1737	1842
230	625	707
631	617	1724
1724	55	1743
631	1724	1743
173	617	631
632	165	1725
617	632	1725
617	173	632
173	67	618
618	165	632
173	618	632
630	616	1272
165	630	1272
172	616	630
629	9	1271
616	629	1271
616	172	629
165	618	630
618	172	630
67	172	618
633	623	1734
167	633	1734
633	173	1735
623	633	1735
1733	623	1744
631	1733	1744
55	1733	1743
1733	631	1743
623	1735	1744
1735	631	1744
173	631	1735
167	624	633
624	173	633
67	173	624
525	67	624
624	167	1652
525	624	1652
26	525	622
622	525	1652
1652	167	1731
622	1652	1731
301	299	505
511	505	1246
31	511	1246
301	505	511
120	506	512
506	301	512
299	301	506
1406	299	1408
303	1406	1408
116	1406	1407
1406	303	1407
506	303	1408
299	506	1408
506	120	756
303	506	756
508	303	1409
300	508	1409
508	116	1407
303	508	1407
510	1640	1894
1640	756	1894
303	756	1640
756	120	848
510	1894	1985
1894	848	1985
756	848	1894
510	300	1409
1409	303	1640
510	1409	1640
507	300	515
302	507	515
514	32	1638
507	514	1638
507	302	514
300	510	515
515	510	849
302	515	849
754	302	849
849	510	1893
754	849	1893
848	120	1892
1892	754	1986
848	1892	1986
1893	510	1985
848	1893	1985
754	1893	1986
1893	848	1986
868	5	1134
1134	402	1999
868	1134	1999
117	868	1136
1136	868	1999
1999	402	2070
1136	1999	2070
1135	406	1530
402	1135	1530
116	406	1135
406	1529	2071
1529	1136	2071
117	1136	1529
1530	406	2071
1136	1530	2071
402	1530	2070
1530	1136	2070
406	116	508
508	300	824
406	508	824
509	117	1529
406	509	1529
509	406	824
824	300	846
509	824	846
404	822	847
822	509	847
117	509	822
823	404	847
509	823	847
300	823	846
823	509	846
1526	404	1639
507	1526	1639
32	1526	1638
1526	507	1638
823	507	1639
404	823	1639
300	507	823
466	120	512
301	466	512
1213	513	1641
175	1213	1641
466	513	1213
466	301	513
513	1642	2078
1642	1208	2078
464	1208	1642
1641	513	2078
1208	1641	2078
175	1641	2077
1641	1208	2077
513	301	1589
1589	464	1642
513	1589	1642
511	31	1207
464	511	1207
511	464	1589
301	511	1589
1156	175	1282
636	1156	1282
413	1156	1283
1156	636	1283
1154	636	1747
71	1154	1747
1154	413	1283
636	1154	1283
413	1155	1214
1155	466	1214
120	466	1155
1156	413	1214
466	1156	1214
175	1156	1213
1156	466	1213
467	302	755
176	467	755
467	32	514
302	467	514
637	176	755
302	637	755
120	1748	1892
1748	754	1892
637	754	1748
637	302	754
413	176	637
1155	637	1748
120	1155	1748
413	637	1155
468	413	1154
1154	71	1215
468	1154	1215
176	413	468
1086	353	1149
409	1086	1149
71	1086	1146
1086	409	1146
1087	118	1147
409	1087	1147
353	1087	1149
1087	409	1149
353	10	869
869	118	1087
353	869	1087
467	407	1142
32	467	1142
467	176	1144
407	467	1144
1143	407	1219
469	1143	1219
118	1143	1217
1143	469	1217
1144	176	1218
469	1144	1218
407	1144	1219
1144	469	1219
469	409	1147
1147	118	1217
469	1147	1217
176	1148	1218
1148	469	1218
409	469	1148
1146	409	1216
468	1146	1216
71	1146	1215
1146	468	1215
409	1148	1216
1148	468	1216
176	468	1148
48	492	497
497	492	1620
1620	233	1626
497	1620	1626
492	189	709
709	233	1620
492	709	1620
1770	71	1844
708	1770	1844
650	1770	1847
1770	708	1847
1771	650	1847
708	1771	1847
233	1771	1845
1771	708	1845
189	650	709
709	650	1771
233	709	1771
189	10	353
650	353	1086
1086	71	1770
650	1086	1770
189	353	650
1003	175	1210
465	1003	1210
292	1003	1211
1003	465	1211
465	107	1002
1002	292	1211
465	1002	1211
71	1747	1888
1747	750	1888
636	750	1747
636	292	750
175	1003	1282
1003	636	1282
292	636	1003
806	465	1212
388	806	1212
107	465	806
1117	388	1212
465	1117	1212
1210	175	2056
1117	1210	2056
1117	465	1210
1209	1116	2054
388	1209	2054
464	1116	1209
31	1116	1207
1116	464	1207
1208	1117	2056
2056	175	2077
1208	2056	2077
464	1117	1208
388	1117	1209
1117	464	1209
1844	71	1888
750	1844	1888
708	1844	1889
1844	750	1889
750	292	1846
1846	708	1889
750	1846	1889
1845	708	1891
751	1845	1891
233	1845	1890
1845	751	1890
708	1846	1891
1846	751	1891
292	751	1846
498	292	1002
107	498	1002
751	498	1628
1628	233	1890
751	1628	1890
292	498	751
1000	497	1627
291	1000	1627
48	497	1000
1626	233	1634
504	1626	1634
497	1626	1636
1626	504	1636
1627	497	1636
504	1627	1636
291	1627	1635
1627	504	1635
498	107	503
503	291	1629
498	503	1629
1628	498	1637
504	1628	1637
233	1628	1634
1628	504	1634
1629	291	1635
504	1629	1635
498	1629	1637
1629	504	1637
992	48	1011
297	992	1011
288	992	1013
992	297	1013
994	288	1013
297	994	1013
114	994	1012
994	297	1012
993	288	1017
298	993	1017
106	993	1015
993	298	1015
994	114	1016
298	994	1016
288	994	1017
994	298	1017
1132	999	2036
2036	114	2066
1132	2036	2066
1132	400	2037
999	1132	2037
290	999	1133
1133	999	2037
2037	400	2068
1133	2037	2068
1519	70	1883
748	1519	1883
400	1519	1885
1519	748	1885
748	1884	2069
1884	1133	2069
290	1133	1884
1885	748	2069
1133	1885	2069
400	1885	2068
1885	1133	2068
998	106	1015
298	998	1015
1018	290	2034
998	1018	2034
998	298	1018
999	290	1018
298	999	1018
1016	114	2036
999	1016	2036
999	298	1016
1512	387	2052
1114	1512	2052
396	1512	2053
1512	1114	2053
1114	106	1509
1509	396	2053
1114	1509	2053
396	1510	1940
1510	805	1940
112	805	1510
1512	396	1940
805	1512	1940
387	1512	1939
1512	805	1939
804	394	1128
4	804	1128
804	387	816
394	804	816
805	112	815
394	805	815
816	387	1939
805	816	1939
805	394	816
1511	290	1886
749	1511	1886
396	1511	1887
1511	749	1887
749	112	1510
1510	396	1887
749	1510	1887
396	1509	2035
1509	998	2035
106	998	1509
1511	396	2035
998	1511	2035
290	1511	2034
1511	998	2034
817	748	1883
70	817	1883
395	748	817
818	290	1884
748	818	1884
748	395	818
749	395	1507
112	749	1507
818	749	1886
290	818	1886
395	749	818
806	388	820
399	806	820
107	806	819
806	399	819
820	388	1942
807	820	1942
807	399	820
113	1518	1941
1518	807	1941
399	807	1518
1683	388	2054
1116	1683	2054
547	1683	2055
1683	1116	2055
1116	31	1681
1681	547	2055
1116	1681	2055
1682	113	1941
807	1682	1941
547	1682	1943
1682	807	1943
1683	547	1943
807	1683	1943
388	1683	1942
1683	807	1942
819	808	1944
107	819	1944
819	399	1946
808	819	1946
821	389	1945
1945	808	1960
821	1945	1960
1946	399	1959
821	1946	1959
808	1946	1960
1946	821	1960
1518	113	1948
809	1518	1948
399	1518	1950
1518	809	1950
809	389	821
399	1950	1959
1950	821	1959
809	821	1950
70	1118	1130
1130	1118	2058
398	1130	2058
1517	398	2058
1118	1517	2058
389	1517	2057
1517	1118	2057
398	1517	1949
1517	809	1949
389	809	1517
1516	398	1949
809	1516	1949
113	1516	1948
1516	809	1948
1000	291	1014
297	1000	1014
48	1000	1011
1000	297	1011
1001	114	1012
297	1001	1012
291	1001	1014
1001	297	1014
503	107	1521
401	503	1521
401	291	503
1001	401	1522
114	1001	1522
291	401	1001
1118	400	1520
1520	389	2057
1118	1520	2057
1118	70	1519
400	1118	1519
2059	1119	2067
1132	2059	2067
114	2059	2066
2059	1132	2066
1119	2060	2067
2060	1132	2067
400	1132	2060
1119	389	1520
1520	400	2060
1119	1520	2060
1521	107	1944
808	1521	1944
401	1521	1947
1521	808	1947
1523	401	1947
808	1523	1947
389	1523	1945
1523	808	1945
1119	401	1523
389	1119	1523
114	1522	2059
1522	1119	2059
401	1119	1522
1359	92	1665
536	1359	1665
238	1359	1666
1359	536	1666
1357	238	1666
536	1357	1666
1	1357	1664
1357	536	1664
1358	76	1383
272	1358	1383
238	1358	1385
1358	272	1385
1359	238	1385
272	1359	1385
92	1359	1384
1359	272	1384
2018	27	2024
977	2018	2024
944	2018	2025
2018	977	2025
977	271	2019
2019	944	2025
977	2019	2025
240	944	979
979	944	2019
271	979	2019
979	945	2021
240	979	2021
271	945	979
92	945	978
945	271	978
1361	240	1386
272	1361	1386
76	1361	1383
1361	272	1383
1386	240	2021
945	1386	2021
272	1386	2022
1386	945	2022
945	92	1384
1384	272	2022
945	1384	2022
240	1362	1763
1362	645	1763
185	645	1362
1762	27	2018
944	1762	2018
645	1762	2020
1762	944	2020
944	240	1763
1763	645	2020
944	1763	2020
1326	185	1362
240	1326	1362
76	1326	1361
1326	240	1361
239	17	487
185	1360	1612
1360	487	1612
239	487	1360
185	1326	1360
1326	239	1360
76	239	1326
27	1762	1766
1762	647	1766
645	647	1762
645	187	647
645	185	894
187	645	894
894	488	1614
187	894	1614
894	185	1236
488	894	1236
2005	892	2080
1235	2005	2080
44	2005	2079
2005	1235	2079
892	2006	2080
2006	1235	2080
488	1235	2006
892	187	1614
1614	488	2006
892	1614	2006
2048	44	2079
1235	2048	2079
1079	2048	2081
2048	1235	2081
1235	488	2049
2049	1079	2081
1235	2049	2081
343	1079	1237
1237	1079	2049
488	1237	2049
1237	1080	2050
343	1237	2050
488	1080	1237
185	1080	1236
1080	488	1236
487	17	1444
1444	343	1613
487	1444	1613
1613	343	2050
1080	1613	2050
487	1613	2051
1613	1080	2051
1080	185	1612
1612	487	2051
1080	1612	2051
342	93	858
44	1443	1992
1443	858	1992
342	858	1443
342	10	1311
93	342	1311
27	1766	1869
1766	736	1869
647	736	1766
647	273	736
187	273	647
273	187	893
93	273	893
858	93	893
893	187	1993
858	893	1993
1992	858	2007
892	1992	2007
44	1992	2005
1992	892	2005
858	1993	2007
1993	892	2007
187	892	1993
1081	32	1142
407	1081	1142
344	1081	1145
1081	407	1145
1082	344	1145
407	1082	1145
118	1082	1143
1082	407	1143
408	44	1445
344	408	1445
408	344	1082
118	408	1082
342	118	869
10	342	869
408	342	1443
44	408	1443
118	342	408
410	343	1444
17	410	1444
119	343	410
1079	412	1531
1531	44	2048
1079	1531	2048
343	412	1079
343	119	412
412	344	1445
1445	44	1531
412	1445	1531
412	119	1083
344	412	1083
1081	344	1153
411	1081	1153
32	1081	1150
1081	411	1150
1083	119	1151
411	1083	1151
344	1083	1153
1083	411	1153
1526	32	1566
434	1526	1566
404	1526	1567
1526	434	1567
434	145	1139
1139	404	1567
434	1139	1567
822	435	1166
117	822	1166
822	404	1168
435	822	1168
1139	145	1167
435	1139	1167
404	1139	1168
1139	435	1168
145	875	1141
875	405	1141
875	43	1527
405	875	1527
1140	117	1166
435	1140	1166
405	1140	1169
1140	435	1169
1141	405	1169
435	1141	1169
145	1141	1167
1141	435	1167
868	117	874
144	868	874
5	868	873
868	144	873
874	405	1528
144	874	1528
874	117	1140
405	874	1140
1321	144	1528
405	1321	1528
43	1321	1527
1321	405	1527
1150	434	1566
32	1150	1566
411	434	1150
434	411	1152
145	434	1152
876	145	1152
411	876	1152
119	876	1151
876	411	1151
870	43	875
145	870	875
119	870	876
870	145	876
17	341	410
410	341	1078
119	410	1078
870	119	1078
341	870	1078
43	870	1077
870	341	1077
426	146	604
128	426	604
5	146	426
567	128	604
146	567	604
45	567	603
567	146	603
566	128	607
148	566	607
36	566	605
566	148	605
567	45	606
148	567	606
128	567	607
567	148	607
569	36	605
605	148	1702
569	605	1702
1701	569	1710
608	1701	1710
130	1701	1709
1701	608	1709
569	1702	1710
1702	608	1710
148	608	1702
608	570	1705
1705	130	1709
608	1705	1709
148	570	608
606	45	1704
570	606	1704
570	148	606
1322	18	1561
431	1322	1561
147	1322	1563
1322	431	1563
1324	147	1563
431	1324	1563
130	1324	1562
1324	431	1562
1324	130	1705
570	1324	1705
147	1324	1706
1324	570	1706
1323	147	1706
570	1323	1706
45	1323	1704
1323	570	1704
345	779	827
779	428	827
12	428	779
781	345	827
827	428	1917
781	827	1917
1916	781	1964
825	1916	1964
129	1916	1961
1916	825	1961
1917	428	1962
825	1917	1962
781	1917	1964
1917	825	1964
1557	46	1913
780	1557	1913
429	1557	1914
1557	780	1914
780	345	829
829	429	1914
780	829	1914
781	1916	1966
1916	828	1966
129	828	1916
1918	781	1966
828	1918	1966
429	1918	1965
1918	828	1965
345	781	829
829	781	1918
429	829	1918
787	129	1700
568	787	1700
568	348	787
568	36	1451
348	568	1451
1558	348	1930
786	1558	1930
429	1558	1931
1558	786	1931
1557	429	1931
786	1557	1931
46	1557	1929
1557	786	1929
129	787	828
828	787	1933
1933	429	1965
828	1933	1965
787	348	1558
1558	429	1933
787	1558	1933
1929	786	1972
832	1929	1972
46	1929	1970
1929	832	1970
786	1932	1972
1932	832	1972
432	832	1932
1565	432	1932
786	1565	1932
348	1565	1930
1565	786	1930
1452	130	1564
432	1452	1564
348	1452	1565
1452	432	1565
348	1451	1703
1451	569	1703
36	569	1451
1452	348	1703
569	1452	1703
130	1452	1701
1452	569	1701
1919	46	1970
832	1919	1970
782	1919	1971
1919	832	1971
832	432	1921
1921	782	1971
832	1921	1971
833	346	1920
782	833	1920
833	782	1921
432	833	1921
1564	130	1923
783	1564	1923
432	1564	1924
1564	783	1924
783	346	833
833	432	1924
783	833	1924
18	1447	1561
1447	431	1561
346	431	1447
431	346	783
130	1562	1923
1562	783	1923
431	783	1562
489	18	501
241	489	501
186	489	502
489	241	502
491	241	1363
1363	77	1618
491	1363	1618
491	186	502
241	491	502
646	186	715
715	242	1765
646	715	1765
1764	646	1849
714	1764	1849
29	1764	1848
1764	714	1848
646	1765	1849
1765	714	1849
242	714	1765
715	491	1619
242	715	1619
186	491	715
1364	242	1619
491	1364	1619
77	1364	1618
1364	491	1618
1656	3	1670
539	1656	1670
531	1656	1671
1656	539	1671
539	99	1658
1658	531	1671
539	1658	1671
1657	531	1673
540	1657	1673
77	1657	1672
1657	540	1672
531	1658	1673
1658	540	1673
99	540	1658
242	99	374
714	374	1487
1487	29	1848
714	1487	1848
242	374	714
540	242	1364
1364	77	1672
540	1364	1672
99	242	540
1446	332	1908
777	1446	1908
345	1446	1909
1446	777	1909
777	12	779
779	345	1909
777	779	1909
1910	778	1915
780	1910	1915
46	1910	1913
1910	780	1913
778	1912	1915
1912	780	1915
345	780	1912
1446	345	1912
778	1446	1912
332	1446	1911
1446	778	1911
1067	347	1448
29	1067	1448
1067	332	1450
347	1067	1450
778	347	1450
1450	332	1911
778	1450	1911
785	778	1910
1910	46	1927
785	1910	1927
347	778	785
346	1447	1615
1447	489	1615
18	489	1447
489	186	784
346	1615	1925
1615	784	1925
489	784	1615
1920	346	1982
845	1920	1982
782	1920	1984
1920	845	1984
1922	782	1984
845	1922	1984
490	1922	1983
1922	845	1983
1919	782	1981
844	1919	1981
46	1919	1979
1919	844	1979
1922	490	1980
844	1922	1980
782	1922	1981
1922	844	1981
346	1925	1982
1925	845	1982
784	845	1925
845	784	1926
1926	490	1983
845	1926	1983
784	186	1616
1616	490	1926
784	1616	1926
646	347	1449
186	646	1449
29	1448	1764
1448	646	1764
347	646	1448
490	1617	1928
1617	785	1928
347	785	1617
844	785	1927
1927	46	1979
844	1927	1979
490	1928	1980
1928	844	1980
785	844	1928
1449	347	1617
490	1449	1617
186	1449	1616
1449	490	1616
1113	546	1680
386	1113	1680
1113	109	1678
546	1113	1678
1938	546	2088
1265	1938	2088
802	1938	2090
1938	1265	2090
1265	31	1302
1302	802	2090
1265	1302	2090
802	386	1680
1680	546	1938
802	1680	1938
386	105	393
109	1113	1126
1113	393	1126
386	393	1113
393	105	479
479	181	1127
393	479	1127
1126	393	1231
480	1126	1231
109	1126	1229
1126	480	1229
393	1127	1231
1127	480	1231
181	480	1127
480	1230	1305
1230	811	1305
391	811	1230
1229	480	1305
811	1229	1305
109	1229	1304
1229	811	1304
480	181	1123
1123	391	1230
480	1123	1230
50	1122	1226
1122	478	1226
391	478	1122
478	391	1123
1123	181	1227
478	1123	1227
1177	50	1226
478	1177	1226
443	1177	1228
1177	478	1228
1180	443	1228
478	1180	1228
181	1180	1227
1180	478	1227
1178	481	1602
156	1178	1602
1178	443	1233
481	1178	1233
1180	181	1232
481	1180	1232
443	1180	1233
1180	481	1233
445	1181	1234
1234	1181	2076
481	1234	2076
1602	481	2076
1181	1602	2076
156	1602	2074
1602	1181	2074
1183	445	1234
481	1183	1234
181	1183	1232
1183	481	1232
479	105	1573
445	479	1573
479	445	1183
181	479	1183
640	442	1176
179	640	1176
12	442	640
477	442	1569
1569	156	1601
477	1569	1601
179	1176	1224
1176	477	1224
442	477	1176
1573	105	1598
476	1573	1598
445	1573	1600
1573	476	1600
476	179	1182
1182	445	1600
476	1182	1600
1601	156	2074
1181	1601	2074
477	1601	2075
1601	1181	2075
1181	445	1225
1225	477	2075
1181	1225	2075
1182	179	1224
477	1182	1224
445	1182	1225
1182	477	1225
182	891	1280
891	634	1280
174	634	891
889	182	1280
634	889	1280
50	889	1279
889	634	1279
182	108	463
463	174	891
182	463	891
486	462	1587
174	486	1587
486	184	1588
462	486	1588
484	70	1205
1205	462	1607
484	1205	1607
1588	184	1605
484	1588	1605
462	1588	1607
1588	484	1607
174	463	486
463	184	486
463	108	1325
184	463	1325
1120	4	1128
394	1120	1128
390	1120	1129
1120	394	1129
815	112	1951
810	815	1951
810	394	815
1129	810	1952
390	1129	1952
394	810	1129
397	108	1506
1506	390	1515
397	1506	1515
1515	390	1952
810	1515	1952
397	1515	1953
1515	810	1953
1513	397	1953
810	1513	1953
112	1513	1951
1513	810	1951
817	484	1606
395	817	1606
70	484	817
1508	395	1606
484	1508	1606
184	1508	1605
1508	484	1605
1507	395	1610
485	1507	1610
112	1507	1608
1507	485	1608
1508	184	1609
485	1508	1609
395	1508	1610
1508	485	1610
184	1325	1514
1325	397	1514
108	397	1325
1513	112	1608
485	1513	1608
397	1513	1611
1513	485	1611
1514	397	1611
485	1514	1611
184	1514	1609
1514	485	1609
1678	109	1685
548	1678	1685
546	1678	1688
1678	548	1688
1679	546	1688
548	1679	1688
113	1679	1686
1679	548	1686
547	1681	2089
1681	1265	2089
31	1265	1681
1684	547	2089
1265	1684	2089
546	1684	2088
1684	1265	2088
1679	113	1682
547	1679	1682
546	1679	1684
1679	547	1684
548	1687	2065
1687	1125	2065
392	1125	1687
1686	548	2065
1125	1686	2065
113	1686	2063
1686	1125	2063
1685	109	1954
813	1685	1954
548	1685	1955
1685	813	1955
813	392	1687
1687	548	1955
813	1687	1955
1124	70	1130
398	1124	1130
392	1124	1131
1124	398	1131
1516	113	2063
1125	1516	2063
398	1516	2064
1516	1125	2064
1125	392	1131
1131	398	2064
1125	1131	2064
811	635	1281
1281	109	1304
811	1281	1304
391	635	811
812	174	1745
635	812	1745
635	391	812
634	391	1122
1122	50	1279
634	1122	1279
634	174	812
391	634	812
1124	392	1206
462	1124	1206
70	1124	1205
1124	462	1205
814	462	1206
1206	392	1957
814	1206	1957
174	1587	1956
1587	814	1956
462	814	1587
1745	174	1956
814	1745	1956
635	1745	1958
1745	814	1958
1746	635	1958
814	1746	1958
392	1746	1957
1746	814	1957
1281	813	1954
109	1281	1954
635	813	1281
813	635	1746
392	813	1746
426	402	1134
5	426	1134
426	128	1137
402	426	1137
427	116	1135
1135	402	1164
427	1135	1164
1137	128	1163
427	1137	1163
402	1137	1164
1137	427	1164
566	403	1138
128	566	1138
566	36	1524
403	566	1524
403	116	427
128	1138	1163
1138	427	1163
403	427	1138
299	1019	1165
1019	433	1165
131	433	1019
1247	433	1307
834	1247	1307
505	1247	1308
1247	834	1308
1246	505	1308
834	1246	1308
31	1246	1306
1246	834	1306
505	299	1165
1165	433	1247
505	1165	1247
872	299	1406
116	872	1406
872	131	1019
299	872	1019
872	403	1525
131	872	1525
116	403	872
403	1524	2001
1524	871	2001
36	871	1524
1525	403	2001
871	1525	2001
131	1525	2000
1525	871	2000
1753	129	1961
825	1753	1961
641	1753	1963
1753	825	1963
1754	641	1963
825	1754	1963
428	1754	1962
1754	825	1962
179	641	826
826	641	1754
428	826	1754
428	12	640
640	179	826
428	640	826
1559	430	1599
476	1559	1599
105	1559	1598
1559	476	1598
831	476	1599
430	831	1599
179	476	831
641	179	831
831	430	1755
641	831	1755
1753	641	1969
830	1753	1969
129	1753	1967
1753	830	1967
1755	430	1968
830	1755	1968
641	1755	1969
1755	830	1969
568	180	886
36	568	886
642	568	1700
1700	129	1756
642	1700	1756
180	568	642
430	1560	1757
1560	642	1757
180	642	1560
830	642	1756
1756	129	1967
830	1756	1967
430	1757	1968
1757	830	1968
642	830	1757
887	430	1559
105	887	1559
887	180	1560
430	887	1560
803	131	1266
571	803	1266
571	386	803
105	386	571
1302	31	1306
834	1302	1306
802	1302	1309
1302	834	1309
1303	802	1309
834	1303	1309
433	1303	1307
1303	834	1307
386	802	835
835	802	1303
433	835	1303
433	131	803
803	386	835
433	803	835
871	36	886
180	871	886
888	131	2000
871	888	2000
871	180	888
180	887	1267
887	571	1267
105	571	887
888	180	1267
571	888	1267
131	888	1266
888	571	1266
517	451	1579
1579	152	1643
517	1579	1643
310	451	517
158	1580	1645
1580	518	1645
451	518	1580
451	310	518
1575	158	1645
518	1575	1645
448	1575	1646
1575	518	1646
518	310	1188
1188	448	1646
518	1188	1646
516	4	1187
1187	448	1249
516	1187	1249
1188	310	1248
516	1188	1248
448	1188	1249
1188	516	1249
451	437	1172
1172	152	1579
451	1172	1579
1173	451	1580
158	1173	1580
437	451	1173
1171	437	1192
449	1171	1192
51	1171	1190
1171	449	1190
1173	158	1191
449	1173	1191
437	1173	1192
1173	449	1192
160	452	520
520	452	1581
1581	311	1649
520	1581	1649
452	49	1032
1032	311	1581
452	1032	1581
1194	520	1650
454	1194	1650
160	520	1194
1582	454	1650
520	1582	1650
311	1582	1649
1582	520	1649
519	152	1193
1193	454	1648
519	1193	1648
1582	311	1647
519	1582	1647
454	1582	1648
1582	519	1648
453	437	1171
51	453	1171
453	160	1174
437	453	1174
1172	437	1195
454	1172	1195
152	1172	1193
1172	454	1193
1174	160	1194
454	1174	1194
437	1174	1195
1174	454	1195
160	154	440
440	49	452
160	440	452
51	441	453
441	160	453
154	160	441
159	14	880
154	159	880
159	154	441
51	159	441
153	52	349
349	11	438
153	349	438
49	191	313
191	153	313
52	153	191
191	154	881
52	191	881
191	49	440
154	191	440
881	850	1988
52	881	1988
154	850	881
880	14	1987
850	880	1987
850	154	880
1254	1250	2082
14	1254	2082
527	1250	1254
521	1250	1255
1250	527	1255
527	74	1253
1253	521	1255
527	1253	1255
529	34	1251
521	529	1251
529	521	1253
74	529	1253
559	74	712
237	559	712
124	559	713
559	237	713
556	124	713
237	556	713
6	556	711
556	237	711
529	74	559
124	529	559
34	529	557
529	124	557
851	334	1436
1436	52	1990
851	1436	1990
34	334	851
334	11	349
349	52	1436
334	349	1436
1987	14	2082
1250	1987	2082
850	1987	2083
1987	1250	2083
1250	521	1989
1989	850	2083
1250	1989	2083
1988	850	2086
1252	1988	2086
52	1988	2084
1988	1252	2084
1989	521	2085
1252	1989	2085
850	1989	2086
1989	1252	2086
1990	52	2084
1252	1990	2084
851	1990	2087
1990	1252	2087
1991	851	2087
1252	1991	2087
521	1991	2085
1991	1252	2085
34	851	1251
1251	851	1991
521	1251	1991
33	1434	1439
1434	336	1439
333	336	1434
336	333	1435
1435	39	1440
336	1435	1440
333	11	1310
1310	39	1435
333	1310	1435
1437	13	1532
414	1437	1532
335	1437	1535
1437	414	1535
1438	335	1535
414	1438	1535
122	1438	1533
1438	414	1533
416	39	1069
1069	335	1540
416	1069	1540
1438	122	1539
416	1438	1539
335	1438	1540
1438	416	1540
336	1440	1541
1440	416	1541
39	416	1440
1441	336	1541
416	1441	1541
122	1441	1539
1441	416	1539
415	33	1439
1439	336	1538
415	1439	1538
1441	122	1536
415	1441	1536
336	1441	1538
1441	415	1538
551	33	576
134	551	576
121	551	578
551	134	578
552	121	578
134	552	578
37	552	577
552	134	577
132	2	550
550	121	573
132	550	573
552	37	572
132	552	572
121	552	573
552	132	573
575	414	1534
133	575	1534
575	122	1533
414	575	1533
1313	133	1534
414	1313	1534
13	1313	1532
1313	414	1532
575	554	1689
122	575	1689
133	554	575
37	554	574
554	133	574
576	415	1537
134	576	1537
33	415	576
1314	134	1537
415	1314	1537
122	1314	1536
1314	415	1536
1314	122	1689
554	1314	1689
134	1314	1690
1314	554	1690
554	37	577
577	134	1690
554	577	1690
556	6	579
135	556	579
124	556	581
556	135	581
558	124	581
135	558	581
38	558	580
558	135	580
557	124	586
137	557	586
34	557	584
557	137	584
558	38	585
137	558	585
124	558	586
558	137	586
1316	125	1550
421	1316	1550
137	1316	1551
1316	421	1551
421	34	584
584	137	1551
421	584	1551
38	560	585
585	560	1694
137	585	1694
1316	137	1694
560	1316	1694
125	1316	1693
1316	560	1693
1315	13	1547
420	1315	1547
136	1315	1548
1315	420	1548
420	125	583
583	136	1548
420	583	1548
560	38	582
136	560	582
583	125	1693
560	583	1693
560	136	583
334	39	1310
11	334	1310
334	34	337
39	334	337
337	34	421
1071	421	1550
125	1071	1550
337	421	1071
39	337	422
422	337	1071
1071	125	1159
422	1071	1159
335	1069	1160
1069	422	1160
39	422	1069
1070	335	1160
422	1070	1160
125	1070	1159
1070	422	1159
1437	335	1549
420	1437	1549
13	1437	1547
1437	420	1547
1070	420	1549
335	1070	1549
125	420	1070
1191	483	1604
449	1191	1604
158	483	1191
1576	449	1604
483	1576	1604
183	1576	1603
1576	483	1603
482	51	1190
449	482	1190
482	449	1576
183	482	1576
483	158	1577
450	483	1577
483	450	1578
1578	183	1603
483	1578	1603
450	108	643
643	183	1578
450	643	1578
450	390	1506
108	450	1506
1121	450	1577
1577	158	2061
1121	1577	2061
390	450	1121
1120	390	1189
448	1120	1189
4	1120	1187
1120	448	1187
390	1121	1189
1189	1121	2062
448	1189	2062
1575	448	2062
1121	1575	2062
158	1575	2061
1575	1121	2061
1584	183	1759
644	1584	1759
456	1584	1760
1584	644	1760
1583	456	1760
644	1583	1760
161	1583	1758
1583	644	1758
456	51	482
482	183	1584
456	482	1584
1715	161	1758
644	1715	1758
613	1715	1761
1715	644	1761
1716	613	1761
644	1716	1761
183	1716	1759
1716	644	1759
108	613	643
643	613	1716
183	643	1716
889	50	1196
455	889	1196
182	889	1198
889	455	1198
890	182	1198
455	890	1198
161	890	1197
890	455	1197
613	182	890
890	161	1715
613	890	1715
108	182	613
159	157	611
14	159	611
159	51	447
157	159	447
446	157	457
457	161	1185
446	457	1185
1184	446	1199
455	1184	1199
50	1184	1196
1184	455	1196
1185	161	1197
455	1185	1197
446	1185	1199
1185	455	1199
447	51	456
161	1574	1583
1574	456	1583
447	456	1574
157	447	457
457	447	1574
161	457	1574
442	12	470
470	177	1570
442	470	1570
473	156	1569
442	473	1569
473	442	1570
1570	177	1594
473	1570	1594
444	1571	1595
1571	473	1595
156	473	1571
1572	444	1595
473	1572	1595
177	1572	1594
1572	473	1594
1590	75	1973
838	1590	1973
471	1590	1975
1590	838	1975
1591	471	1975
838	1591	1975
444	1591	1974
1591	838	1974
444	1572	1591
1572	471	1591
177	471	1572
1178	475	1597
443	1178	1597
156	475	1178
475	1596	2073
1596	1179	2073
178	1179	1596
1597	475	2073
1179	1597	2073
443	1597	2072
1597	1179	2072
1177	443	1222
474	1177	1222
50	1177	1220
1177	474	1220
1179	178	1221
474	1179	1221
1222	443	2072
1179	1222	2072
1179	474	1222
475	156	1571
444	475	1571
475	444	839
178	1596	1977
1596	839	1977
475	839	1596
1750	178	1977
839	1750	1977
638	1750	1978
1750	839	1978
839	444	1751
1751	638	1978
839	1751	1978
1749	638	1976
838	1749	1976
75	1749	1973
1749	838	1973
1751	444	1974
838	1751	1974
638	1751	1976
1751	838	1976
530	14	611
611	157	1655
530	611	1655
1653	530	1714
612	1653	1714
75	1653	1711
1653	612	1711
1655	157	1712
612	1655	1712
530	1655	1714
1655	612	1714
639	446	1186
178	639	1186
157	446	639
1184	50	1220
474	1184	1220
446	1184	1223
1184	474	1223
1186	446	1223
474	1186	1223
178	1186	1221
1186	474	1221
639	612	1712
157	639	1712
639	178	1713
612	639	1713
1711	612	1752
638	1711	1752
75	1711	1749
1711	638	1749
1713	178	1750
638	1713	1750
612	1713	1752
1713	638	1752
471	382	800
800	75	1590
471	800	1590
471	177	1502
382	471	1502
472	102	1110
1110	382	1593
472	1110	1593
1502	177	1592
472	1502	1592
382	1502	1593
1502	472	1593
380	102	472
177	1501	1592
1501	472	1592
380	472	1501
12	380	470
470	380	1501
177	470	1501
796	75	800
382	796	800
355	796	801
796	382	801
797	382	1110
1110	102	1299
797	1110	1299
801	797	1300
355	801	1300
382	797	801
1088	355	1108
381	1088	1108
30	1088	1106
1088	381	1106
1108	355	1300
797	1108	1300
381	1108	1301
1108	797	1301
1107	381	1301
797	1107	1301
102	1107	1299
1107	797	1299
1653	75	1676
544	1653	1676
530	1653	1677
1653	544	1677
544	103	1654
1654	530	1677
544	1654	1677
14	530	543
543	530	1654
103	543	1654
355	103	544
796	544	1676
75	796	1676
355	544	796
30	862	1088
862	355	1088
103	355	862
527	103	863
74	527	863
543	527	1254
14	543	1254
103	527	543
528	103	862
862	30	1256
528	862	1256
74	863	1257
863	528	1257
103	528	863
711	286	1397
6	711	1397
711	237	1399
286	711	1399
1356	101	1398
286	1356	1398
237	1356	1399
1356	286	1399
712	74	1260
542	712	1260
712	542	1675
237	712	1675
1356	237	1675
542	1356	1675
101	1356	1674
1356	542	1674
541	528	1256
1256	30	1259
541	1256	1259
541	101	1258
528	541	1258
1257	528	1261
542	1257	1261
74	1257	1260
1257	542	1260
528	1258	1261
1258	542	1261
1258	101	1674
542	1258	1674
1365	6	1397
286	1365	1397
243	1365	1400
1365	286	1400
1367	243	1400
286	1367	1400
101	1367	1398
1367	286	1398
1366	243	1403
287	1366	1403
79	1366	1401
1366	287	1401
1367	101	1402
287	1367	1402
243	1367	1403
1367	287	1403
716	541	1259
1259	30	1293
716	1259	1293
244	541	716
101	541	717
541	244	717
1368	79	1401
287	1368	1401
244	1368	1404
1368	287	1404
717	287	1402
101	717	1402
717	244	1404
287	717	1404
359	79	384
384	104	1463
359	384	1463
1462	359	1505
383	1462	1505
19	1462	1503
1462	383	1503
1463	104	1504
383	1463	1504
359	1463	1505
1463	383	1505
384	244	946
104	384	946
384	79	1368
244	384	1368
1262	545	1294
716	1262	1294
30	1262	1293
1262	716	1293
545	1263	1294
1263	716	1294
244	716	1263
545	104	946
946	244	1263
545	946	1263
383	361	1465
1465	19	1503
383	1465	1503
1092	383	1504
104	1092	1504
361	383	1092
80	361	385
385	361	1092
1092	104	1111
385	1092	1111
363	1098	1264
1098	545	1264
104	545	1098
1095	363	1264
545	1095	1264
30	1095	1262
1095	545	1262
363	1096	1112
1096	385	1112
80	385	1096
1098	363	1112
385	1098	1112
104	1098	1111
1098	385	1111
12	360	380
380	360	1091
102	380	1091
861	102	1091
360	861	1091
80	861	1090
861	360	1090
861	80	1096
363	861	1096
102	861	1097
861	363	1097
1095	30	1106
381	1095	1106
363	1095	1109
1095	381	1109
1097	363	1109
381	1097	1109
102	1097	1107
1097	381	1107
1456	19	1492
376	1456	1492
357	1456	1494
1456	376	1494
1458	357	1494
376	1458	1494
100	1458	1493
1458	376	1493
1457	357	1500
378	1457	1500
78	1457	1498
1457	378	1498
1458	100	1499
378	1458	1499
357	1458	1500
1458	378	1500
378	358	1459
1459	78	1498
378	1459	1498
100	1461	1499
1461	378	1499
358	378	1461
29	1089	1104
1089	377	1104
1089	358	1497
377	1089	1497
1461	100	1496
377	1461	1496
358	1461	1497
1461	377	1497
539	356	1455
99	539	1455
3	1453	1670
1453	539	1670
356	539	1453
1454	78	1488
375	1454	1488
356	1454	1490
1454	375	1490
1455	356	1490
375	1455	1490
99	1455	1489
1455	375	1489
374	358	1089
1089	29	1487
374	1089	1487
374	99	1460
358	374	1460
1459	358	1491
375	1459	1491
78	1459	1488
1459	375	1488
1460	99	1489
375	1460	1489
358	1460	1491
1460	375	1491
361	80	379
379	100	1466
361	379	1466
1465	361	1495
376	1465	1495
19	1465	1492
1465	376	1492
1466	100	1493
376	1466	1493
361	1466	1495
1466	376	1495
1093	29	1104
377	1093	1104
362	1093	1105
1093	377	1105
1094	377	1496
100	1094	1496
1094	362	1105
377	1094	1105
80	362	379
379	362	1094
100	379	1094
362	332	1067
1067	29	1093
362	1067	1093
362	80	1068
332	362	1068
360	12	777
332	1464	1908
1464	777	1908
360	777	1464
1068	360	1464
332	1068	1464
1068	80	1090
360	1068	1090
