7.89041857e-01
6.64384008e-01
5.93735365e-01
5.49025785e-01
5.14739086e-01
4.83414141e-01
4.53909679e-01
4.27060702e-01
4.03167007e-01
3.82076667e-01
3.63121848e-01
3.45955200e-01
3.30124341e-01
3.15418924e-01
3.01975909e-01
2.89622227e-01
2.77962574e-01
2.66851896e-01
2.56320201e-01
2.46553561e-01
2.37506071e-01
2.29034594e-01
2.21028470e-01
2.13475130e-01
2.06312372e-01
1.99446114e-01
1.92918668e-01
1.86762459e-01
1.80951110e-01
1.75374968e-01
1.70028269e-01
1.64948170e-01
1.60130370e-01
1.55486508e-01
1.50984805e-01
1.46570223e-01
1.42302524e-01
1.38214194e-01
1.34341601e-01
1.30649563e-01
1.27053140e-01
1.23567340e-01
1.20181217e-01
1.16915619e-01
1.13811993e-01
1.10834349e-01
1.08018335e-01
1.05355188e-01
1.02807786e-01
1.00336578e-01
9.79433071e-02
9.56406949e-02
9.34330531e-02
9.13018934e-02
8.92351989e-02
8.72225731e-02
8.52436257e-02
8.33053699e-02
8.14293542e-02
7.96302867e-02
7.79047499e-02
7.62371310e-02
7.46122867e-02
7.29410732e-02
7.12949199e-02
6.97329882e-02
6.82188294e-02
6.66996702e-02
6.51893119e-02
6.37166021e-02
6.23261797e-02
6.10165974e-02
5.97581314e-02
5.85212985e-02
5.73072788e-02
5.61146140e-02
5.49483319e-02
5.38224301e-02
5.27185594e-02
5.15994587e-02
5.04359840e-02
4.93057097e-02
4.82401236e-02
4.72504873e-02
4.62821882e-02
4.53153161e-02
4.43567761e-02
4.34401230e-02
4.25714883e-02
4.17228070e-02
4.08941183e-02
4.00876227e-02
3.92653725e-02
3.84596741e-02
3.76898732e-02
3.69564828e-02
3.62541390e-02
3.55731420e-02
3.49072674e-02
3.42547267e-02
3.36154065e-02
3.29893553e-02
3.23773188e-02
3.17802156e-02
3.11980500e-02
3.06302132e-02
3.00754830e-02
2.95323257e-02
2.89994927e-02
2.84648326e-02
2.79265932e-02
2.74040840e-02
2.69044988e-02
2.64243559e-02
2.59559885e-02
2.54946220e-02
2.50400092e-02
2.45916419e-02
2.41496379e-02
2.37166063e-02
2.32947848e-02
2.28839815e-02
2.24788048e-02
2.20524379e-02
2.15869361e-02
2.11345417e-02
2.07252990e-02
2.03556848e-02
2.00065933e-02
1.96668243e-02
1.93265787e-02
1.89811104e-02
1.86402253e-02
1.83109414e-02
1.79940508e-02
1.76869216e-02
1.73824678e-02
1.70825983e-02
1.67908499e-02
1.65083020e-02
1.62332501e-02
1.59626116e-02
1.56936395e-02
1.54290246e-02
1.51710208e-02
1.49201259e-02
1.46754287e-02
1.44356988e-02
1.41991792e-02
1.39656315e-02
1.37365543e-02
1.35128126e-02
1.32943251e-02
1.30804632e-02
1.28706003e-02
1.26644131e-02
1.24618680e-02
1.22602200e-02
1.20577605e-02
1.18566904e-02
1.16624334e-02
1.14765831e-02
1.12972106e-02
1.11213253e-02
1.09470875e-02
1.07744514e-02
1.06044394e-02
1.04380395e-02
1.02755633e-02
1.01166828e-02
9.96083455e-03
9.80760277e-03
9.65685240e-03
9.50863606e-03
9.36303427e-03
9.22005730e-03
9.07964056e-03
8.94169170e-03
8.80613351e-03
8.67291601e-03
8.54200437e-03
8.41336249e-03
8.28694612e-03
8.16270607e-03
8.04059454e-03
7.92056813e-03
7.80258658e-03
7.68652000e-03
7.57045679e-03
7.45586920e-03
7.34021779e-03
7.22686828e-03
7.11759923e-03
7.01207574e-03
6.90897467e-03
6.80726739e-03
6.70672212e-03
6.60764709e-03
6.50979225e-03
6.41322687e-03
6.31863258e-03
6.22624515e-03
6.13588164e-03
6.04718932e-03
5.95988526e-03
5.87385957e-03
5.78914356e-03
5.70581647e-03
5.62342431e-03
5.54213760e-03
5.46236395e-03
5.38427207e-03
5.30776697e-03
5.23261745e-03
5.15861093e-03
5.08564381e-03
5.01372436e-03
4.94291873e-03
4.87328734e-03
4.80484618e-03
4.73756276e-03
4.67137675e-03
4.60622743e-03
4.54207288e-03
4.47889475e-03
4.41669073e-03
4.35546210e-03
4.29520349e-03
4.23589921e-03
4.17752569e-03
4.12005733e-03
4.06347173e-03
4.00775205e-03
3.95288609e-03
3.89886358e-03
3.84567334e-03
3.79330189e-03
3.74173365e-03
3.69095223e-03
3.64094189e-03
3.59168834e-03
3.54317877e-03
3.49540135e-03
3.44834446e-03
3.40199627e-03
3.35634466e-03
3.31137740e-03
3.26708530e-03
3.22345845e-03
3.18048196e-03
3.13814262e-03
3.09642896e-03
3.05533079e-03
3.01483862e-03
2.97494320e-03
2.93563523e-03
2.89690530e-03
2.85874395e-03
2.82114178e-03
2.78408951e-03
2.74757801e-03
2.71159836e-03
2.67614178e-03
2.64119970e-03
2.60676369e-03
2.57282551e-03
2.53937706e-03
2.50641040e-03
2.47391774e-03
2.44189141e-03
2.41032390e-03
2.37920782e-03
2.34853592e-03
2.31830108e-03
2.28849633e-03
2.25911481e-03
2.23014979e-03
2.20159465e-03
2.17344291e-03
2.14568817e-03
2.11832418e-03
2.09134478e-03
2.06474392e-03
2.03851566e-03
2.01265416e-03
1.98715370e-03
1.96200864e-03
1.93721345e-03
1.91276269e-03
1.88865101e-03
1.86487316e-03
1.84142399e-03
1.81829842e-03
1.79549147e-03
1.77299825e-03
1.75081395e-03
1.72893383e-03
1.70735325e-03
1.68606764e-03
1.66507251e-03
1.64436345e-03
1.62393612e-03
1.60378626e-03
1.58390966e-03
1.56430222e-03
1.54495988e-03
1.52587866e-03
1.50705464e-03
1.48848156e-03
1.47015477e-03
1.45207347e-03
1.43423569e-03
1.41663799e-03
1.39927628e-03
1.38214656e-03
1.36524518e-03
1.34856868e-03
1.33211370e-03
1.31587687e-03
1.29985492e-03
1.28404472e-03
1.26844326e-03
1.25304763e-03
1.23785490e-03
1.22286219e-03
1.20806656e-03
1.19346512e-03
1.17905500e-03
1.16483338e-03
1.15079749e-03
1.13694462e-03
1.12327226e-03
1.10977784e-03
1.09645876e-03
1.08331249e-03
1.07033655e-03
1.05752847e-03
1.04488587e-03
1.03240638e-03
1.02008768e-03
1.00792746e-03
9.95923500e-04
9.84073574e-04
9.72375513e-04
9.60827180e-04
9.49426472e-04
9.38171318e-04
9.27059677e-04
9.16089541e-04
9.05258933e-04
8.94565902e-04
8.84008534e-04
8.73584939e-04
8.63293260e-04
8.53131669e-04
8.43098366e-04
8.33191580e-04
8.23409567e-04
8.13750610e-04
8.04213020e-04
7.94795131e-04
7.85495306e-04
7.76311930e-04
7.67243414e-04
7.58288192e-04
7.49444723e-04
7.40711489e-04
7.32086994e-04
7.23569764e-04
7.15158349e-04
7.06851317e-04
6.98647260e-04
6.90544790e-04
6.82542539e-04
6.74639160e-04
6.66833326e-04
6.59123728e-04
6.51509077e-04
6.43988105e-04
6.36559559e-04
6.29222208e-04
6.21974836e-04
6.14816246e-04
6.07745259e-04
6.00760712e-04
5.93861461e-04
5.87046377e-04
5.80314346e-04
5.73664274e-04
5.67095079e-04
5.60605698e-04
5.54195080e-04
5.47862191e-04
5.41606013e-04
5.35425540e-04
5.29319783e-04
5.23287765e-04
5.17328524e-04
5.11441113e-04
5.05624596e-04
4.99878053e-04
4.94200575e-04
4.88591267e-04
4.83049247e-04
4.77573667e-04
4.72163795e-04
4.66818810e-04
4.61537837e-04
4.56320037e-04
4.51164590e-04
4.46070690e-04
4.41037541e-04
4.36064355e-04
4.31150351e-04
4.26294764e-04
4.21496836e-04
4.16755826e-04
4.12071005e-04
4.07441654e-04
4.02867066e-04
3.98346544e-04
3.93879399e-04
3.89464953e-04
3.85102538e-04
3.80791494e-04
3.76531171e-04
3.72320929e-04
3.68160137e-04
3.64048171e-04
3.59984418e-04
3.55968271e-04
3.51999134e-04
3.48076418e-04
3.44199541e-04
3.40367932e-04
3.36581024e-04
3.32838262e-04
3.29139095e-04
3.25482981e-04
3.21869386e-04
3.18297782e-04
3.14767649e-04
3.11278473e-04
3.07829750e-04
3.04420978e-04
3.01051666e-04
2.97721327e-04
2.94429482e-04
2.91175658e-04
2.87959387e-04
2.84780210e-04
2.81637671e-04
2.78531322e-04
2.75460721e-04
2.72425431e-04
2.69425020e-04
2.66459065e-04
2.63527146e-04
2.60628847e-04
2.57763762e-04
2.54931486e-04
2.52131623e-04
2.49363778e-04
2.46627565e-04
2.43922601e-04
2.41248508e-04
2.38604915e-04
2.35991453e-04
2.33407759e-04
2.30853475e-04
2.28328248e-04
2.25831729e-04
2.23363572e-04
2.20923438e-04
2.18512929e-04
2.16140395e-04
2.13800823e-04
2.11488549e-04
2.09199957e-04
2.06933263e-04
2.04687958e-04
2.02464167e-04
2.00262194e-04
1.98082305e-04
1.95924699e-04
1.93789552e-04
1.91677063e-04
1.89587458e-04
1.87520956e-04
1.85477729e-04
1.83457860e-04
1.81461323e-04
1.79487989e-04
1.77537637e-04
1.75609981e-04
1.73704696e-04
1.71821435e-04
1.69959847e-04
1.68119587e-04
1.66300317e-04
1.64501712e-04
1.62723462e-04
1.60965268e-04
1.59226845e-04
1.57507923e-04
1.55808242e-04
1.54127555e-04
1.52465625e-04
1.50822223e-04
1.49197125e-04
1.47590117e-04
1.46000984e-04
1.44429520e-04
1.42875517e-04
1.41338775e-04
1.39819092e-04
1.38316270e-04
1.36830114e-04
1.35360431e-04
1.33907028e-04
1.32469717e-04
1.31048310e-04
1.29642622e-04
1.28252472e-04
1.26877677e-04
1.25518060e-04
1.24173446e-04
1.22843660e-04
1.21528531e-04
1.20227890e-04
1.18941571e-04
1.17669409e-04
1.16411241e-04
1.15166907e-04
1.13936250e-04
1.12719112e-04
1.11515339e-04
1.10324779e-04
1.09147281e-04
1.07982697e-04
1.06830879e-04
1.05691683e-04
1.04564965e-04
1.03450583e-04
1.02348398e-04
1.01258271e-04
1.00180065e-04
9.91136448e-05
9.80588775e-05
9.70156309e-05
9.59837746e-05
9.49631798e-05
9.39537191e-05
9.29552669e-05
9.19676987e-05
9.09908918e-05
9.00247247e-05
8.90690775e-05
8.81238316e-05
8.71888699e-05
8.62640767e-05
8.53493374e-05
8.44445392e-05
8.35495702e-05
8.26643201e-05
8.17886798e-05
8.09225414e-05
8.00657984e-05
7.92183456e-05
7.83800788e-05
7.75508953e-05
7.67306933e-05
7.59193726e-05
7.51168337e-05
7.43229786e-05
7.35377104e-05
7.27609332e-05
7.19925524e-05
7.12324742e-05
7.04806064e-05
6.97368574e-05
6.90011368e-05
6.82733554e-05
6.75534248e-05
6.68412579e-05
6.61367684e-05
6.54398711e-05
6.47504817e-05
6.40685170e-05
6.33938946e-05
6.27265333e-05
6.20663525e-05
6.14132728e-05
6.07672157e-05
6.01281034e-05
5.94958592e-05
5.88704073e-05
5.82516725e-05
5.76395808e-05
5.70340589e-05
5.64350343e-05
5.58424353e-05
5.52561913e-05
5.46762321e-05
5.41024886e-05
5.35348924e-05
5.29733759e-05
5.24178722e-05
5.18683153e-05
5.13246398e-05
5.07867812e-05
5.02546755e-05
4.97282598e-05
4.92074715e-05
4.86922491e-05
4.81825315e-05
4.76782583e-05
4.71793702e-05
4.66858080e-05
4.61975135e-05
4.57144292e-05
4.52364980e-05
4.47636637e-05
4.42958706e-05
4.38330637e-05
4.33751886e-05
4.29221914e-05
4.24740190e-05
4.20306188e-05
4.15919388e-05
4.11579276e-05
4.07285343e-05
4.03037087e-05
3.98834011e-05
3.94675623e-05
3.90561439e-05
3.86490977e-05
3.82650085e-05
3.79129985e-05
3.75687833e-05
3.72184817e-05
3.68572184e-05
3.64855704e-05
3.61061783e-05
3.57217621e-05
3.53345879e-05
3.49467152e-05
3.45602969e-05
3.41775675e-05
3.38005447e-05
3.34306787e-05
3.30686593e-05
3.27144553e-05
3.23675272e-05
3.20270931e-05
3.16923459e-05
3.13625765e-05
3.10372116e-05
3.07158011e-05
3.03979908e-05
3.00835033e-05
2.97721304e-05
2.94637324e-05
2.91582358e-05
2.88556254e-05
2.85559294e-05
2.82592011e-05
2.79655015e-05
2.76748846e-05
2.73873886e-05
2.71030318e-05
2.68218117e-05
2.65437079e-05
2.62686849e-05
2.59966969e-05
2.57276913e-05
2.54616124e-05
2.51984041e-05
2.49380122e-05
2.46803858e-05
2.44254786e-05
2.41732490e-05
2.39236600e-05
2.36766793e-05
2.34322779e-05
2.31904302e-05
2.29511124e-05
2.27143017e-05
2.24799763e-05
2.22481138e-05
2.20186916e-05
2.17916863e-05
2.15670737e-05
2.13448292e-05
2.11249274e-05
2.09073427e-05
2.06920492e-05
2.04790213e-05
2.02682335e-05
2.00596607e-05
1.98532782e-05
1.96490618e-05
1.94469879e-05
1.92470333e-05
1.90491754e-05
1.88533919e-05
1.86596609e-05
1.84679608e-05
1.82782703e-05
1.80905684e-05
1.79048341e-05
1.77210469e-05
1.75391861e-05
1.73592314e-05
1.71811626e-05
1.70049597e-05
1.68306029e-05
1.66580726e-05
1.64873493e-05
1.63184139e-05
1.61512472e-05
1.59858307e-05
1.58221456e-05
1.56601736e-05
1.54998967e-05
1.53412968e-05
1.51843562e-05
1.50290575e-05
1.48753832e-05
1.47233162e-05
1.45728397e-05
1.44239367e-05
1.42765907e-05
1.41307852e-05
1.39865041e-05
1.38437312e-05
1.37024506e-05
1.35626467e-05
1.34243037e-05
1.32874064e-05
1.31519395e-05
1.30178879e-05
1.28852367e-05
1.27539712e-05
1.26240769e-05
1.24955391e-05
1.23683438e-05
1.22424768e-05
1.21179240e-05
1.19946718e-05
1.18727064e-05
1.17520144e-05
1.16325822e-05
1.15143968e-05
1.13974450e-05
1.12817139e-05
1.11671906e-05
1.10538625e-05
1.09417171e-05
1.08307419e-05
1.07209247e-05
1.06122534e-05
1.05047159e-05
1.03983003e-05
1.02929949e-05
1.01887881e-05
1.00856684e-05
9.98362438e-06
9.88264479e-06
9.78271850e-06
9.68383449e-06
9.58598186e-06
9.48914983e-06
9.39332773e-06
9.29850500e-06
9.20467120e-06
9.11181600e-06
9.01992918e-06
8.92900063e-06
8.83902035e-06
8.74997843e-06
8.66186509e-06
8.57467064e-06
8.48838550e-06
8.40300018e-06
8.31850530e-06
8.23489158e-06
8.15214984e-06
8.07027100e-06
7.98924606e-06
7.90906614e-06
7.82972244e-06
7.75120624e-06
7.67350894e-06
7.59662203e-06
7.52053706e-06
7.44524570e-06
7.37073970e-06
7.29701089e-06
7.22405120e-06
7.15185262e-06
7.08040726e-06
7.00970730e-06
6.93974498e-06
6.87051266e-06
6.80200275e-06
6.73420776e-06
6.66712027e-06
6.60073294e-06
6.53503851e-06
6.47002980e-06
6.40569969e-06
6.34204115e-06
6.27904722e-06
6.21671102e-06
6.15502574e-06
6.09398463e-06
6.03358102e-06
5.97380831e-06
5.91465999e-06
5.85612957e-06
5.79821068e-06
5.74089698e-06
5.68418222e-06
5.62806020e-06
5.57252480e-06
5.51756996e-06
5.46318968e-06
5.40937801e-06
5.35612910e-06
5.30343712e-06
5.25129632e-06
5.19970103e-06
5.14864560e-06
5.09812447e-06
5.04813212e-06
4.99866310e-06
4.94971202e-06
4.90127353e-06
4.85334234e-06
4.80591324e-06
4.75898105e-06
4.71254064e-06
4.66658696e-06
4.62111498e-06
4.57611975e-06
4.53159636e-06
4.48753996e-06
4.44394573e-06
4.40080893e-06
4.35812484e-06
4.31588881e-06
4.27409623e-06
4.23274254e-06
4.19182324e-06
4.15133384e-06
4.11126994e-06
4.07162717e-06
4.03240119e-06
3.99358773e-06
3.95518254e-06
3.91718144e-06
3.87958027e-06
3.84237494e-06
3.80556137e-06
3.76913555e-06
3.73309349e-06
3.69743127e-06
3.66214497e-06
3.62723075e-06
3.59268480e-06
3.55850332e-06
3.52468259e-06
3.49121891e-06
3.45810861e-06
3.42534807e-06
3.39293372e-06
3.36086199e-06
3.32912939e-06
3.29773242e-06
3.26666767e-06
3.23593171e-06
3.20552119e-06
3.17543277e-06
3.14566315e-06
3.11620907e-06
3.08706728e-06
3.05823461e-06
3.02970787e-06
3.00148394e-06
2.97355972e-06
2.94593213e-06
2.91859814e-06
2.89155475e-06
2.86479897e-06
2.83832787e-06
2.81213853e-06
2.78622805e-06
2.76059360e-06
2.73523234e-06
2.71014147e-06
2.68531822e-06
2.66075986e-06
2.63646367e-06
2.61242696e-06
2.58864708e-06
2.56512140e-06
2.54184731e-06
2.51882224e-06
2.49604362e-06
2.47350895e-06
2.45121571e-06
2.42916143e-06
2.40734366e-06
2.38575998e-06
2.36440798e-06
2.34328529e-06
2.32238955e-06
2.30171844e-06
2.28126966e-06
2.26104091e-06
2.24102993e-06
2.22123450e-06
2.20165240e-06
2.18228143e-06
2.16311942e-06
2.14416422e-06
2.12541371e-06
2.10686579e-06
2.08851835e-06
2.07036935e-06
2.05241673e-06
2.03465847e-06
2.01709257e-06
1.99971705e-06
1.98252993e-06
1.96552927e-06
1.94871316e-06
1.93207967e-06
1.91562693e-06
1.89935306e-06
1.88325621e-06
1.86733455e-06
1.85158626e-06
1.83600955e-06
1.82060264e-06
1.80536375e-06
1.79029116e-06
1.77538312e-06
1.76063794e-06
1.74605390e-06
1.73162934e-06
1.71736259e-06
1.70325201e-06
1.68929596e-06
1.67549283e-06
1.66184103e-06
1.64833896e-06
1.63498507e-06
1.62177779e-06
1.60871559e-06
1.59579694e-06
1.58302035e-06
1.57038430e-06
1.55788733e-06
1.54552796e-06
1.53330474e-06
1.52121624e-06
1.50926103e-06
1.49743770e-06
1.48574485e-06
1.47418110e-06
1.46274507e-06
1.45143541e-06
1.44025078e-06
1.42918983e-06
1.41825126e-06
1.40743375e-06
1.39673600e-06
1.38615674e-06
1.37569469e-06
1.36534860e-06
1.35511721e-06
1.34499930e-06
1.33499363e-06
1.32509900e-06
1.31531420e-06
1.30563805e-06
1.29606936e-06
1.28660698e-06
1.27724973e-06
1.26799649e-06
1.25884611e-06
1.24979746e-06
1.24084944e-06
1.23200094e-06
1.22325087e-06
1.21459814e-06
1.20604169e-06
1.19758044e-06
1.18921336e-06
1.18093939e-06
1.17275750e-06
1.16466667e-06
1.15666589e-06
1.14875415e-06
1.14093046e-06
1.13319383e-06
1.12554328e-06
1.11797785e-06
1.11049659e-06
1.10309853e-06
1.09578276e-06
1.08854832e-06
1.08139430e-06
1.07431979e-06
1.06732388e-06
1.06040568e-06
1.05356430e-06
1.04679886e-06
1.04010849e-06
1.03349232e-06
1.02694951e-06
1.02047921e-06
1.01408057e-06
1.00775278e-06
1.00149500e-06
9.95306429e-07
