-959.30475
-959.50532
-959.68234
-959.84284
-959.98644
-960.11183
-960.21936
-960.3121
-960.39405
-960.46832
-960.53609
-960.59781
-960.65386
-960.70486
-960.75158
-960.7946
-960.83424
-960.87079
-960.90444
-960.93556
-960.96434
-960.99104
-961.01587
-961.03904
-961.06069
-961.08087
-961.09975
-961.11748
-961.13412
-961.14973
-961.16442
-961.17826
-961.19132
-961.20361
-961.21518
-961.22607
-961.23632
-961.24599
-961.25513
-961.26376
-961.27191
-961.27961
-961.28691
-961.29382
-961.30037
-961.30657
-961.31247
-961.3181
-961.32347
-961.32859
-961.33348
-961.33815
-961.34261
-961.34686
-961.35092
-961.35479
-961.35847
-961.36197
-961.36531
-961.36853
-961.37162
-961.37457
-961.3774
-961.38008
-961.38264
-961.3851
-961.38744
-961.38967
-961.3918
-961.39385
-961.3958
-961.39768
-961.39948
-961.4012
-961.40286
-961.40446
-961.406
-961.40747
-961.40888
-961.41021
-961.41146
-961.41266
-961.41382
-961.41495
-961.41604
-961.41708
-961.41808
-961.41905
-961.41997
-961.42085
-961.4217
-961.42252
-961.42329
-961.42403
-961.42475
-961.42545
-961.42612
-961.42677
-961.42739
-961.428
-961.42858
-961.42914
-961.42967
-961.43019
-961.43068
-961.43116
-961.43163
-961.43207
-961.4325
-961.43291
-961.4333
-961.43368
-961.43405
-961.43441
-961.43475
-961.43508
-961.43541
-961.43571
-961.436
-961.43629
-961.43656
-961.43683
-961.43708
-961.43732
-961.43755
-961.43777
-961.43799
-961.4382
-961.43841
-961.43862
-961.43881
-961.439
-961.43917
-961.43934
-961.4395
-961.43966
-961.43981
-961.43995
-961.4401
-961.44024
-961.44038
-961.44051
-961.44063
-961.44076
-961.44087
-961.44099
-961.4411
-961.44121
-961.44131
-961.44141
-961.4415
-961.4416
-961.44169
-961.44177
-961.44186
-961.44194
-961.44202
-961.4421
-961.44217
-961.44224
-961.44231
-961.44238
-961.44244
-961.44251
-961.44257
-961.44263
-961.44269
-961.44275
-961.4428
-961.44285
-961.4429
-961.44295
-961.443
-961.44305
-961.44309
-961.44313
-961.44318
-961.44322
-961.44326
-961.4433
-961.44333
-961.44337
-961.44341
-961.44344
-961.44347
-961.44351
-961.44354
-961.44357
-961.44359
-961.44362
-961.44365
-961.44367
-961.4437
-961.44372
-961.44375
-961.44377
-961.4438
-961.44382
-961.44384
-961.44386
-961.44388
-961.4439
-961.44392
-961.44394
-961.44396
-961.44398
-961.444
-961.44401
-961.44403
-961.44404
-961.44406
-961.44407
-961.44409
-961.4441
-961.44412
-961.44413
-961.44414
-961.44416
-961.44417
-961.44418
-961.44419
-961.4442
-961.44421
-961.44423
-961.44424
-961.44425
-961.44426
-961.44427
-961.44427
-961.44428
-961.44429
-961.4443
-961.44431
-961.44432
-961.44433
-961.44433
-961.44434
-961.44435
-961.44435
-961.44436
-961.44437
-961.44437
-961.44438
-961.44439
-961.44439
-961.4444
-961.44441
-961.44441
-961.44442
-961.44442
-961.44443
-961.44443
-961.44444
-961.44444
-961.44445
-961.44445
-961.44445
-961.44446
-961.44446
-961.44447
-961.44447
-961.44448
-961.44448
-961.44448
-961.44449
-961.44449
-961.44449
-961.4445
-961.4445
-961.4445
-961.44451
-961.44451
-961.44451
-961.44452
-961.44452
-961.44452
-961.44452
-961.44453
-961.44453
-961.44453
-961.44453
-961.44454
-961.44454
-961.44454
-961.44454
-961.44454
-961.44455
-961.44455
-961.44455
-961.44455
-961.44455
-961.44456
-961.44456
-961.44456
-961.44456
-961.44456
-961.44456
-961.44457
-961.44457
-961.44457
-961.44457
-961.44457
-961.44457
-961.44457
-961.44458
-961.44458
-961.44458
-961.44458
-961.44458
-961.44458
-961.44458
-961.44458
-961.44459
-961.44459
-961.44459
-961.44459
-961.44459
-961.44459
-961.44459
-961.44459
-961.44459
-961.44459
-961.44459
-961.4446
-961.4446
-961.4446
-961.4446
-961.4446
-961.4446
-961.4446
-961.4446
-961.4446
-961.4446
-961.4446
-961.4446
-961.4446
-961.44461
-961.44461
-961.44461
-961.44461
-961.44461
-961.44461
-961.44461
-961.44461
-961.44461
-961.44461
-961.44461
-961.44461
-961.44461
-961.44461
-961.44461
-961.44461
-961.44461
-961.44461
-961.44461
-961.44461
-961.44462
-961.44462
-961.44462
-961.44462
-961.44462
-961.44462
-961.44462
-961.44462
-961.44462
-961.44462
-961.44462
-961.44462
-961.44462
-961.44462
-961.44462
-961.44462
-961.44462
-961.44462
-961.44462
-961.44462
-961.44462
-961.44462
-961.44462
-961.44462
-961.44462
-961.44462
-961.44462
-961.44462
-961.44462
-961.44462
-961.44462
-961.44462
-961.44462
-961.44462
-961.44462
-961.44463
-961.44463
-961.44463
-961.44463
-961.44463
-961.44463
-961.44463
-961.44463
-961.44463
-961.44463
-961.44463
-961.44463
-961.44463
-961.44463
-961.44463
-961.44463
-961.44463
-961.44463
-961.44463
-961.44463
-961.44463
-961.44463
-961.44463
-961.44463
-961.44463
-961.44463
-961.44463
-961.44463
-961.44463
-961.44463
-961.44463
-961.44463
-961.44463
-961.44463
-961.44463
-961.44463
-961.44463
-961.44463
-961.44463
-961.44463
-961.44463
-961.44463
-961.44463
-961.44463
-961.44463
-961.44463
-961.44463
-961.44463
-961.44463
-961.44463
-961.44463
-961.44463
-961.44463
-961.44463
-961.44463
-961.44463
-961.44463
-961.44463
-961.44463
-961.44463
-961.44463
-961.44463
-961.44463
-961.44463
-961.44463
-961.44463
-961.44463
-961.44463
-961.44463
-961.44463
-961.44463
-961.44463
-961.44463
-961.44463
-961.44463
-961.44463
-961.44463
-961.44463
-961.44463
-961.44463
-961.44463
-961.44463
-961.44463
-961.44463
-961.44463
-961.44463
-961.44463
-961.44463
-961.44463
-961.44463
-961.44463
-961.44463
-961.44463
-961.44463
-961.44463
-961.44463
-961.44463
-961.44463
-961.44463
-961.44463
-961.44463
-961.44463
-961.44463
-961.44463
-961.44463
-961.44463
-961.44463
-961.44463
-961.44463
-961.44463
-961.44463
-961.44463
-961.44463
-961.44463
-961.44463
-961.44463
-961.44463
-961.44463
-961.44463
-961.44463
-961.44463
-961.44463
-961.44463
-961.44463
-961.44463
-961.44463
-961.44464
-961.44464
-961.44464
-961.44464
-961.44464
-961.44464
-961.44464
-961.44464
-961.44464
-961.44464
-961.44464
-961.44464
-961.44464
-961.44464
-961.44464
-961.44464
-961.44464
-961.44464
-961.44464
-961.44464
-961.44464
-961.44464
-961.44464
-961.44464
-961.44464
-961.44464
-961.44464
-961.44464
-961.44464
-961.44464
-961.44464
-961.44464
-961.44464
-961.44464
-961.44464
-961.44464
-961.44464
-961.44464
-961.44464
-961.44464
-961.44464
-961.44464
-961.44464
-961.44464
-961.44464
-961.44464
-961.44464
-961.44464
-961.44464
-961.44464
-961.44464
-961.44464
-961.44464
-961.44464
-961.44464
-961.44464
-961.44464
-961.44464
-961.44464
-961.44464
-961.44464
-961.44464
-961.44464
-961.44464
-961.44464
-961.44464
-961.44464
-961.44464
-961.44464
-961.44464
-961.44464
-961.44464
-961.44464
-961.44464
-961.44464
-961.44464
-961.44464
-961.44464
-961.44464
-961.44464
-961.44464
-961.44464
-961.44464
-961.44464
-961.44464
-961.44464
-961.44464
-961.44464
-961.44464
-961.44464
-961.44464
-961.44464
-961.44464
-961.44464
-961.44464
-961.44464
-961.44464
-961.44464
-961.44464
-961.44464
-961.44464
-961.44464
-961.44464
-961.44464
-961.44464
-961.44464
-961.44464
-961.44464
-961.44464
-961.44464
-961.44464
-961.44464
-961.44464
-961.44464
-961.44464
-961.44464
-961.44464
-961.44464
-961.44464
-961.44464
-961.44464
-961.44464
-961.44464
-961.44464
-961.44464
-961.44464
-961.44464
-961.44464
-961.44464
-961.44464
-961.44464
-961.44464
-961.44464
-961.44464
-961.44464
-961.44464
-961.44464
-961.44464
-961.44464
-961.44464
-961.44464
-961.44464
-961.44464
-961.44464
-961.44464
-961.44464
-961.44464
-961.44464
-961.44464
-961.44464
-961.44464
-961.44464
-961.44464
-961.44464
-961.44464
-961.44464
-961.44464
-961.44464
-961.44464
-961.44464
-961.44464
-961.44464
-961.44464
-961.44464
-961.44464
-961.44464
-961.44464
-961.44464
-961.44464
-961.44464
-961.44464
-961.44464
-961.44464
-961.44464
-961.44464
-961.44464
-961.44464
-961.44464
-961.44464
-961.44464
-961.44464
-961.44464
-961.44464
-961.44464
-961.44464
-961.44464
-961.44464
-961.44464
-961.44464
-961.44464
-961.44464
-961.44464
-961.44464
-961.44464
-961.44464
-961.44464
-961.44464
-961.44464
-961.44464
-961.44464
-961.44464
-961.44464
-961.44464
-961.44464
-961.44464
-961.44464
-961.44464
-961.44464
-961.44464
-961.44464
-961.44464
-961.44464
-961.44464
-961.44464
-961.44464
-961.44464
-961.44464
-961.44464
-961.44464
-961.44464
-961.44464
-961.44464
-961.44464
-961.44464
-961.44464
-961.44464
-961.44464
-961.44464
-961.44464
-961.44464
-961.44464
-961.44464
-961.44464
-961.44464
-961.44464
-961.44464
-961.44464
-961.44464
-961.44464
-961.44464
-961.44464
-961.44464
-961.44464
-961.44464
-961.44464
-961.44464
-961.44464
-961.44464
-961.44464
-961.44464
-961.44464
-961.44464
-961.44464
-961.44464
-961.44464
-961.44464
-961.44464
-961.44464
-961.44464
-961.44464
-961.44464
-961.44464
-961.44464
-961.44464
-961.44464
-961.44464
-961.44464
-961.44464
-961.44464
-961.44464
-961.44464
-961.44464
-961.44464
-961.44464
-961.44464
-961.44464
-961.44464
-961.44464
-961.44464
-961.44464
-961.44464
-961.44464
-961.44464
-961.44464
-961.44464
-961.44464
-961.44464
-961.44464
-961.44464
-961.44464
-961.44464
-961.44464
-961.44464
-961.44464
-961.44464
-961.44464
-961.44464
-961.44464
-961.44464
-961.44464
-961.44464
-961.44464
-961.44464
-961.44464
-961.44464
-961.44464
-961.44464
-961.44464
-961.44464
-961.44464
-961.44464
-961.44464
-961.44464
-961.44464
-961.44464
-961.44464
-961.44464
-961.44464
-961.44464
-961.44464
-961.44464
-961.44464
-961.44464
-961.44464
-961.44464
-961.44464
-961.44464
-961.44464
-961.44464
-961.44464
-961.44464
-961.44464
-961.44464
-961.44464
-961.44464
-961.44464
-961.44464
-961.44464
-961.44464
-961.44464
-961.44464
-961.44464
-961.44464
-961.44464
-961.44464
-961.44464
-961.44464
-961.44464
-961.44464
-961.44464
-961.44464
-961.44464
-961.44464
-961.44464
-961.44464
-961.44464
-961.44464
-961.44464
-961.44464
-961.44464
-961.44464
-961.44464
-961.44464
-961.44464
-961.44464
-961.44464
-961.44464
-961.44464
-961.44464
-961.44464
-961.44464
-961.44464
-961.44464
-961.44464
-961.44464
-961.44464
-961.44464
-961.44464
-961.44464
-961.44464
-961.44464
-961.44464
-961.44464
-961.44464
-961.44464
-961.44464
-961.44464
-961.44464
-961.44464
-961.44464
-961.44464
-961.44464
-961.44464
-961.44464
-961.44464
-961.44464
-961.44464
-961.44464
-961.44464
-961.44464
-961.44464
-961.44464
-961.44464
-961.44464
-961.44464
-961.44464
-961.44464
-961.44464
-961.44464
-961.44464
-961.44464
-961.44464
-961.44464
-961.44464
-961.44464
-961.44464
-961.44464
-961.44464
-961.44464
-961.44464
-961.44464
-961.44464
-961.44464
-961.44464
-961.44464
-961.44464
-961.44464
-961.44464
-961.44464
-961.44464
-961.44464
-961.44464
-961.44464
-961.44464
-961.44464
-961.44464
-961.44464
-961.44464
-961.44464
-961.44464
-961.44464
-961.44464
-961.44464
-961.44464
-961.44464
-961.44464
-961.44464
-961.44464
-961.44464
-961.44464
-961.44464
-961.44464
-961.44464
-961.44464
-961.44464
-961.44464
-961.44464
-961.44464
-961.44464
-961.44464
-961.44464
-961.44464
-961.44464
-961.44464
-961.44464
-961.44464
-961.44464
-961.44464
-961.44464
-961.44464
-961.44464
-961.44464
-961.44464
-961.44464
-961.44464
-961.44464
-961.44464
-961.44464
-961.44464
-961.44464
-961.44464
-961.44464
-961.44464
-961.44464
-961.44464
-961.44464
-961.44464
-961.44464
-961.44464
-961.44464
-961.44464
-961.44464
-961.44464
-961.44464
-961.44464
-961.44464
-961.44464
-961.44464
-961.44464
-961.44464
-961.44464
-961.44464
-961.44464
-961.44464
-961.44464
-961.44464
-961.44464
-961.44464
-961.44464
-961.44464
-961.44464
