1.54180035e+00
1.07912941e+00
7.58686190e-01
7.11465113e-01
7.55621098e-01
7.75934708e-01
7.49896981e-01
6.91548506e-01
6.29176242e-01
5.81168938e-01
5.48161733e-01
5.20849603e-01
4.92267246e-01
4.61014803e-01
4.28714160e-01
4.04113863e-01
3.88834310e-01
3.70515186e-01
3.50258217e-01
3.30722389e-01
3.14285993e-01
3.03317204e-01
2.92207550e-01
2.81904527e-01
2.64981359e-01
2.39665215e-01
2.15236129e-01
1.98938016e-01
1.90617612e-01
1.77964510e-01
1.62079382e-01
1.49010154e-01
1.41406044e-01
1.36415810e-01
1.31396356e-01
1.25857772e-01
1.20491027e-01
1.16201171e-01
1.12271372e-01
1.08112113e-01
1.02697566e-01
9.59982546e-02
9.04267648e-02
8.70295697e-02
8.43492393e-02
8.17487851e-02
7.90005334e-02
7.65546470e-02
7.47591258e-02
7.34619597e-02
7.22265674e-02
7.05638603e-02
6.84899250e-02
6.63731339e-02
6.44722337e-02
6.28911566e-02
6.15270188e-02
6.03310196e-02
5.92724622e-02
5.83429916e-02
5.75115745e-02
5.66488752e-02
5.56258035e-02
5.45970030e-02
5.36745984e-02
5.28822276e-02
5.21585325e-02
5.14426820e-02
5.07228826e-02
5.00271446e-02
4.93619211e-02
4.86626360e-02
4.80254968e-02
4.74775100e-02
4.69760837e-02
4.64700345e-02
4.59425858e-02
4.54115044e-02
4.48958583e-02
4.44124785e-02
4.39629367e-02
4.35377726e-02
4.31287921e-02
4.27336583e-02
4.23528768e-02
4.19855405e-02
4.16283429e-02
4.12752982e-02
4.09237483e-02
4.05774039e-02
4.02391997e-02
3.99099566e-02
3.95882411e-02
3.92716744e-02
3.89634847e-02
3.86591315e-02
3.83319897e-02
3.80014463e-02
3.76685784e-02
3.73624565e-02
3.70853191e-02
3.68217543e-02
3.65364162e-02
3.62277982e-02
3.59007116e-02
3.55899318e-02
3.53213926e-02
3.50884523e-02
3.48697691e-02
3.46481610e-02
3.44194464e-02
3.41901022e-02
3.39669293e-02
3.37523090e-02
3.35450356e-02
3.33430169e-02
3.31449593e-02
3.29504561e-02
3.27593412e-02
3.25714917e-02
3.23866980e-02
3.22047664e-02
3.20255687e-02
3.18490596e-02
3.16752778e-02
3.15042222e-02
3.13358849e-02
3.11702927e-02
3.09984577e-02
3.08251267e-02
3.06586756e-02
3.05013808e-02
3.03501822e-02
3.02008799e-02
3.00513847e-02
2.99021510e-02
2.97546955e-02
2.96100560e-02
2.94682726e-02
2.93287888e-02
2.91910689e-02
2.90548649e-02
2.88986604e-02
2.76802454e-02
2.62876458e-02
2.54113826e-02
2.51256221e-02
2.50913848e-02
2.50060689e-02
2.47975962e-02
2.45396694e-02
2.43035548e-02
2.40939989e-02
2.38800519e-02
2.36482755e-02
2.34189852e-02
2.32240198e-02
2.30784506e-02
2.29721342e-02
2.28816979e-02
2.27871541e-02
2.26801149e-02
2.25621617e-02
2.24391384e-02
2.23167041e-02
2.21986235e-02
2.20866504e-02
2.19807447e-02
2.18793838e-02
2.17802406e-02
2.16811974e-02
2.15812177e-02
2.14806058e-02
2.13797705e-02
2.12794773e-02
2.11827698e-02
2.10906421e-02
2.10024480e-02
2.09170136e-02
2.08333830e-02
2.07509730e-02
2.06694541e-02
2.05886683e-02
2.05086269e-02
2.04294927e-02
2.03514719e-02
2.02746986e-02
2.01991749e-02
2.01248040e-02
2.00514734e-02
1.99791217e-02
1.99077567e-02
1.98374300e-02
1.97681988e-02
1.97000976e-02
1.96331281e-02
1.95672625e-02
1.95024530e-02
1.94386426e-02
1.93757753e-02
1.93138027e-02
1.92526884e-02
1.91924074e-02
1.91329426e-02
1.90742810e-02
1.90164102e-02
1.89593175e-02
1.88972382e-02
1.88161338e-02
1.87345978e-02
1.86652204e-02
1.86085332e-02
1.85575600e-02
1.85055127e-02
1.84500733e-02
1.83928352e-02
1.83364089e-02
1.82821988e-02
1.82300600e-02
1.81791942e-02
1.81290532e-02
1.80795835e-02
1.80309386e-02
1.79831403e-02
1.79360008e-02
1.78892820e-02
1.78428786e-02
1.77968667e-02
1.77514130e-02
1.77066483e-02
1.76625978e-02
1.76191961e-02
1.75763545e-02
1.75316922e-02
1.74587719e-02
1.73819035e-02
1.73194691e-02
1.72740072e-02
1.72371643e-02
1.71998577e-02
1.71584190e-02
1.71143271e-02
1.70706308e-02
1.70290195e-02
1.69892487e-02
1.69502145e-02
1.69111503e-02
1.68720420e-02
1.68333252e-02
1.67954020e-02
1.67583923e-02
1.67221831e-02
1.66865966e-02
1.66515050e-02
1.66168500e-02
1.65825946e-02
1.65486835e-02
1.65150446e-02
1.64816247e-02
1.64484103e-02
1.63695611e-02
1.62753885e-02
1.62021857e-02
1.61115349e-02
1.60142502e-02
1.59387608e-02
1.58919529e-02
1.58624944e-02
1.58349518e-02
1.57965372e-02
1.57458722e-02
1.56511355e-02
1.55318707e-02
1.54370936e-02
1.53833659e-02
1.53569998e-02
1.53355242e-02
1.53057059e-02
1.52674235e-02
1.52271633e-02
1.51901987e-02
1.51573273e-02
1.51264206e-02
1.50953250e-02
1.50634669e-02
1.50315849e-02
1.50006265e-02
1.49709831e-02
1.49424684e-02
1.49147151e-02
1.48875259e-02
1.48608899e-02
1.48348192e-02
1.48092110e-02
1.47838490e-02
1.47585140e-02
1.47331019e-02
1.47076664e-02
1.46823402e-02
1.46574095e-02
1.46330468e-02
1.46092722e-02
1.45859985e-02
1.45630990e-02
1.45404544e-02
1.45179739e-02
1.44956063e-02
1.44733342e-02
1.44511711e-02
1.44291683e-02
1.44073825e-02
1.43858578e-02
1.43646202e-02
1.43436738e-02
1.43230029e-02
1.43025773e-02
1.42823605e-02
1.42623176e-02
1.42424225e-02
1.42226615e-02
1.42030334e-02
1.41835471e-02
1.41642174e-02
1.41450593e-02
1.41260840e-02
1.41072959e-02
1.40886922e-02
1.40702635e-02
1.40519967e-02
1.40338780e-02
1.40158960e-02
1.39980429e-02
1.39803159e-02
1.39627159e-02
1.39452464e-02
1.39279113e-02
1.39107135e-02
1.38936536e-02
1.38767297e-02
1.38599377e-02
1.38432724e-02
1.38267282e-02
1.38103005e-02
1.37939862e-02
1.37777836e-02
1.37616924e-02
1.37457135e-02
1.37298480e-02
1.37140964e-02
1.36984583e-02
1.36829325e-02
1.36675168e-02
1.36522088e-02
1.36370057e-02
1.36219049e-02
1.36069042e-02
1.35920019e-02
1.35771967e-02
1.35624878e-02
1.35478742e-02
1.35333552e-02
1.35189298e-02
1.35045967e-02
1.34903546e-02
1.34762017e-02
1.34621366e-02
1.34481576e-02
1.34342634e-02
1.34204528e-02
1.34067247e-02
1.33930782e-02
1.33795124e-02
1.33660264e-02
1.33526194e-02
1.33392902e-02
1.33260378e-02
1.33128610e-02
1.32997585e-02
1.32858203e-02
1.32466148e-02
1.32012229e-02
1.31646745e-02
1.31355176e-02
1.30489784e-02
1.29616761e-02
1.29091644e-02
1.28898505e-02
1.28839861e-02
1.28763438e-02
1.28632562e-02
1.28469014e-02
1.28286125e-02
1.28076962e-02
1.27839957e-02
1.27596010e-02
1.27377650e-02
1.27205600e-02
1.27076572e-02
1.26970287e-02
1.26775113e-02
1.26407009e-02
1.26026233e-02
1.25733134e-02
1.25535700e-02
1.25392471e-02
1.25265397e-02
1.25141106e-02
1.25022064e-02
1.24910309e-02
1.24800530e-02
1.24683812e-02
1.24554351e-02
1.24412596e-02
1.24263820e-02
1.24114781e-02
1.23478733e-02
1.22581635e-02
1.21843974e-02
1.21437085e-02
1.21286824e-02
1.21228307e-02
1.21143681e-02
1.21002233e-02
1.20826606e-02
1.20412566e-02
1.19486444e-02
1.18544560e-02
1.17909416e-02
1.17610591e-02
1.17496731e-02
1.17408084e-02
1.17270308e-02
1.17088518e-02
1.16896723e-02
1.16534955e-02
1.15687197e-02
1.14810429e-02
1.14212929e-02
1.13929868e-02
1.13820847e-02
1.13732908e-02
1.13593586e-02
1.13408382e-02
1.13212705e-02
1.13032429e-02
1.12873466e-02
1.12730590e-02
1.12597946e-02
1.12472609e-02
1.12353027e-02
1.12237379e-02
1.12124047e-02
1.12012963e-02
1.11905880e-02
1.11805088e-02
1.11711737e-02
1.11625242e-02
1.11543243e-02
1.10751568e-02
1.09245157e-02
1.07821298e-02
1.07084280e-02
1.06969532e-02
1.07079491e-02
1.07094797e-02
1.06930942e-02
1.06663467e-02
1.06393591e-02
1.06173607e-02
1.06006329e-02
1.05874858e-02
1.05763717e-02
1.05663012e-02
1.05565729e-02
1.05466929e-02
1.05365148e-02
1.05262556e-02
1.05162656e-02
1.05067422e-02
1.04976187e-02
1.04886711e-02
1.04797064e-02
1.04414526e-02
1.03787762e-02
1.03287819e-02
1.03064569e-02
1.03034805e-02
1.03038140e-02
1.02977646e-02
1.02852541e-02
1.02709795e-02
1.02586182e-02
1.02485755e-02
1.02393962e-02
1.02298461e-02
1.02198965e-02
1.02102948e-02
1.02016497e-02
1.01939311e-02
1.01866108e-02
1.01790472e-02
1.01710622e-02
1.01627935e-02
1.01545081e-02
1.01464253e-02
1.01386387e-02
1.00858538e-02
1.00083127e-02
9.95173990e-03
