3.2319298
3.2931511
3.155844
2.8621944
2.4824262
2.0914802
1.7658058
1.6185676
1.50162
1.3687994
1.2163973
1.0562176
0.91572525
0.80639129
0.72184813
0.63866661
0.55784168
0.4968284
0.44713087
0.40252495
0.35804129
0.31144532
0.2648854
0.2175619
0.18400492
0.1609589
0.1443452
0.12861412
0.11437471
0.10719208
0.098489649
0.085916481
0.071625918
0.057363931
0.045243427
0.034247449
0.023709805
0.011928574
0.0021471122
0.0058102272
0.0098309208
0.010895377
0.012620525
0.016078453
0.019183947
0.022685445
0.025766921
0.029782436
0.034657256
0.040285988
0.046232057
0.050981847
0.054872275
0.058016922
0.060558756
0.062605994
0.064535999
0.066961594
0.069547834
0.072336373
0.075172318
0.07747666
0.078988289
0.080810466
0.082742716
0.084426773
0.086014083
0.087675781
0.089366084
0.091057966
0.092567275
0.093884469
0.09549844
0.097312473
0.099038855
0.10071572
0.10217768
0.10348849
0.10464246
0.10571683
0.10690584
0.10805892
0.10907973
0.11004288
0.11105721
0.11211864
0.11320892
0.11425846
0.11523832
0.11618009
0.11706581
0.11791281
0.11873694
0.11952328
0.12034165
0.12117581
0.12193863
0.12274818
0.12350662
0.12428927
0.12504168
0.1257346
0.1263547
0.12692409
0.1274318
0.12797104
0.12860711
0.12934254
0.13013767
0.13091096
0.13162384
0.13230381
0.13293449
0.13351863
0.13409739
0.13469021
0.13529381
0.13590157
0.13650531
0.13710048
0.1376809
0.1382456
0.13879598
0.13933279
0.13985963
0.14037995
0.14089852
0.14141369
0.14185312
0.14228621
0.14273716
0.14320046
0.14367879
0.14416639
0.14465526
0.14511576
0.14556657
0.14600729
0.14643115
0.14685109
0.14727023
0.1476904
0.14807775
0.14770797
0.14749424
0.14738736
0.1474409
0.14770927
0.14819743
0.14886757
0.14957249
0.15022752
0.15088074
0.15121717
0.15131042
0.15138047
0.15153738
0.15182814
0.15224261
0.15273668
0.15323923
0.1536469
0.15391084
0.15409568
0.15426672
0.15447308
0.15472196
0.15500489
0.15531067
0.15562423
0.15593483
0.15622842
0.15649861
0.15674944
0.15694565
0.15716181
0.15739891
0.15763505
0.15787627
0.15812223
0.15836185
0.1585828
0.15879292
0.15900173
0.15921305
0.15942416
0.15963335
0.15984039
0.16005276
0.16027007
0.16049022
0.16071049
0.16092958
0.16114587
0.16135627
0.16155967
0.16175637
0.16194896
0.16213972
0.16232962
0.1625192
0.16270835
0.16289699
0.16308486
0.16327166
0.16345691
0.16364152
0.16380287
0.16389764
0.16402771
0.16418244
0.16436001
0.16456111
0.16477822
0.16500166
0.16521787
0.16542355
0.16560478
0.16576199
0.16590783
0.16605328
0.16620514
0.16636456
0.16653426
0.16671092
0.16688689
0.16705871
0.16722871
0.1673963
0.16756534
0.16773713
0.16791053
0.16808153
0.16823256
0.16828548
0.16836959
0.16848295
0.16862523
0.16879496
0.16898367
0.16917867
0.16936215
0.16952743
0.16968032
0.16980776
0.16993795
0.17007527
0.1702156
0.17034871
0.17048624
0.17062651
0.17076858
0.17091298
0.17106195
0.17121609
0.17137297
0.17152594
0.17167897
0.1718254
0.17196564
0.17197858
0.17199908
0.17205989
0.17205225
0.17207888
0.17217715
0.17233306
0.1725212
0.17273037
0.17291202
0.17302316
0.17302208
0.17300675
0.17301902
0.1730913
0.17322514
0.17341371
0.17362579
0.17383573
0.17402855
0.17419921
0.17431924
0.17441265
0.17451766
0.1746373
0.17477448
0.17490409
0.175044
0.17517961
0.17530947
0.17543661
0.17556533
0.17570329
0.1758461
0.17599115
0.17613532
0.17626198
0.17636518
0.17646205
0.17656034
0.1766636
0.17677343
0.17688775
0.17700667
0.17712838
0.1772509
0.17737141
0.17748453
0.1775927
0.17769485
0.17779724
0.17790058
0.17800572
0.17811247
0.17822097
0.17833035
0.17844077
0.17855172
0.17866077
0.17876425
0.17886515
0.17896546
0.17906555
0.17916457
0.17926359
0.17936309
0.17946339
0.17956429
0.17966534
0.17976616
0.17986639
0.1799659
0.18006329
0.18015936
0.18025559
0.18035239
0.18044986
0.18054798
0.18064666
0.18074571
0.18084488
0.18094386
0.18104216
0.18113926
0.18123553
0.1813313
0.18142673
0.18152195
0.18161701
0.18171185
0.18180662
0.18190144
0.18199632
0.1820912
0.18218602
0.18228055
0.18237459
0.18246826
0.18256175
0.18265518
0.18274857
0.18284193
0.18293524
0.18302845
0.18312151
0.18321434
0.18330686
0.18339903
0.18349085
0.1835824
0.18367371
0.18376481
0.18385571
0.18394642
0.18403694
0.18412725
0.18421734
0.1843072
0.18439403
0.18438582
0.18438972
0.1844088
0.18443882
0.18438949
0.1843829
0.18441876
0.18449325
0.18460544
0.18475485
0.18493223
0.18510212
0.18526608
0.18539495
0.18544811
0.18547173
0.1855159
0.18558923
0.18569005
0.18580945
0.18590792
0.18595287
0.18599934
0.18604837
0.18610091
0.18615421
0.18621633
0.18629539
0.18638829
0.18649151
0.18660503
0.18672711
0.1868404
0.18691902
0.18700081
0.18708573
0.18707049
0.18704703
0.18703633
0.1870448
0.18708657
0.18716841
0.18728705
0.18743036
0.1875742
0.18764558
0.18762306
0.18761919
0.18761545
0.1876243
0.18765816
0.18773071
0.18783559
0.1879644
0.18809417
0.18819391
0.1882103
0.18822592
0.18821427
0.18823246
0.18829521
0.18839954
0.18852118
0.18864333
0.1887554
0.18886181
0.18897402
0.18908456
0.18915124
0.18921823
0.18929276
0.18937389
0.18945225
0.18953061
0.18960493
0.1896718
0.18974296
0.18982409
0.18991349
0.18992589
0.18984521
0.18977091
0.18975138
0.18978727
0.18987499
0.19001151
0.19016089
0.19030116
0.19043477
0.1905322
0.19058098
0.19061145
0.19064706
0.19070403
0.19077492
0.19086261
0.19095589
0.19105303
0.19114429
0.19122516
0.19130137
0.19136621
0.19143221
0.1914345
0.19141128
0.19141429
0.19144195
0.19149532
0.19157762
0.19168256
0.19178555
0.19187449
0.19195733
0.19202688
0.19207441
0.19211168
0.19215222
0.19220251
0.19226599
0.19234432
0.19243022
0.19251062
0.19258543
0.19264798
0.19269765
0.19274796
0.19280093
0.19277303
0.19272846
0.19271278
