1.2012421
1.0763442
0.84782962
0.53444304
0.1840239
-0.16495494
-0.47761258
-0.73568502
-0.97736854
-1.2305615
-1.4778514
-1.7090329
-1.8102038
-1.8159508
-1.806498
-1.8345956
-1.8954763
-1.9737804
-2.0552647
-2.0881048
-2.0961849
-2.0963416
-2.0934146
-2.1038478
-2.1127171
-2.1371416
-2.1704048
-2.2008061
-2.2192446
-2.2223719
-2.2266598
-2.2362487
-2.2486722
-2.2630924
-2.2784503
-2.2885465
-2.2882689
-2.2874869
-2.2893225
-2.2960141
-2.306111
-2.3155488
-2.3242668
-2.3302918
-2.3331214
-2.3339566
-2.3352575
-2.3383604
-2.3424748
-2.3457376
-2.3476234
-2.3490402
-2.3509405
-2.3539852
-2.3579914
-2.3623158
-2.3663933
-2.36963
-2.3717957
-2.3733302
-2.3746717
-2.3763858
-2.3784733
-2.3806331
-2.3827552
-2.3847861
-2.3864289
-2.387633
-2.3888815
-2.3903266
-2.3919455
-2.3936496
-2.3954806
-2.3973586
-2.3991999
-2.4008929
-2.4023325
-2.4036414
-2.4049815
-2.4063613
-2.4077742
-2.4091575
-2.4105008
-2.4118097
-2.4131316
-2.4144372
-2.4157228
-2.4170321
-2.4183544
-2.4196731
-2.4209757
-2.4222638
-2.423528
-2.4247945
-2.4260566
-2.4272768
-2.4284847
-2.4296824
-2.430872
-2.4320568
-2.4332392
-2.4344181
-2.4355912
-2.4367571
-2.4379125
-2.4390572
-2.4401933
-2.4413195
-2.4424362
-2.4435453
-2.4446471
-2.445742
-2.4468297
-2.4479091
-2.4489805
-2.4500445
-2.4511012
-2.4521506
-2.4531927
-2.4542278
-2.455256
-2.4562766
-2.457291
-2.4582994
-2.4593018
-2.4602983
-2.4612887
-2.4622729
-2.4632506
-2.4642218
-2.4651865
-2.4660306
-2.4661873
-2.4665489
-2.4671398
-2.4679904
-2.4690847
-2.4703708
-2.4717727
-2.4729709
-2.4741168
-2.4749264
-2.4755667
-2.4762759
-2.4770969
-2.4780255
-2.479001
-2.4799825
-2.4808735
-2.481605
-2.48232
-2.4830952
-2.4839419
-2.484838
-2.4857623
-2.4866687
-2.4875078
-2.4882774
-2.4890206
-2.489779
-2.4905611
-2.4913607
-2.4921668
-2.4929551
-2.4929737
-2.4931606
-2.4935999
-2.494263
-2.495133
-2.4961745
-2.4973146
-2.4982964
-2.4992235
-2.4999898
-2.5005571
-2.5010696
-2.5016476
-2.5023246
-2.5030596
-2.5038154
-2.5045422
-2.5051844
-2.5058371
-2.5064975
-2.5071609
-2.5078624
-2.5085806
-2.5093034
-2.5100021
-2.5106514
-2.5112853
-2.5118857
-2.512486
-2.5130947
-2.5137096
-2.5143338
-2.5149406
-2.5155473
-2.5161576
-2.5167661
-2.5173673
-2.5179606
-2.5185525
-2.5191473
-2.5197424
-2.520334
-2.5209145
-2.5214839
-2.5220427
-2.5225972
-2.5231498
-2.5237027
-2.5242561
-2.5248093
-2.5253611
-2.52591
-2.5264552
-2.5269958
-2.5275324
-2.5280662
-2.5285974
-2.5291257
-2.5296503
-2.5301714
-2.530689
-2.5312039
-2.5317165
-2.5322269
-2.5327349
-2.5332407
-2.533744
-2.5342446
-2.5347421
-2.5352367
-2.5357284
-2.5362175
-2.5367039
-2.5371877
-2.537669
-2.5381477
-2.538624
-2.539098
-2.5395696
-2.5400389
-2.5405058
-2.5409704
-2.5414325
-2.5418922
-2.5423495
-2.5428044
-2.5432569
-2.543707
-2.5441548
-2.5446003
-2.5450436
-2.5454847
-2.5459236
-2.5463604
-2.546795
-2.5472274
-2.5476577
-2.5480859
-2.5485119
-2.5489358
-2.5493575
-2.5497238
-2.548892
-2.5473819
-2.5464058
-2.546189
-2.546662
-2.5476607
-2.5489164
-2.5500092
-2.5509494
-2.5510446
-2.5509031
-2.5505059
-2.5501245
-2.5501829
-2.5506898
-2.5514519
-2.5523178
-2.5531711
-2.5540226
-2.5547252
-2.5541843
-2.5533577
-2.5530288
-2.5531929
-2.5537632
-2.5546084
-2.5555261
-2.5561814
-2.5566596
-2.5568365
-2.5568538
-2.5568071
-2.5569076
-2.5571834
-2.5575071
-2.5578988
-2.5583611
-2.558588
-2.5579393
-2.5574882
-2.5573628
-2.5575717
-2.5580684
-2.5587561
-2.5594974
-2.5598979
-2.5601349
-2.5602972
-2.5602798
-2.5604102
-2.5606787
-2.561041
-2.5612307
-2.5612703
-2.5613478
-2.5613701
-2.5615147
-2.5618028
-2.5621786
-2.5625596
-2.5628398
-2.5630091
-2.563046
-2.5631034
-2.5632253
-2.5633998
-2.5636381
-2.5638876
-2.5641276
-2.5643121
-2.5644584
-2.5646094
-2.5647541
-2.5649037
-2.5650567
-2.5652032
-2.5653503
-2.5654865
-2.5656153
-2.5657498
-2.565886
-2.5660264
-2.5661696
-2.5663082
-2.5664391
-2.5665661
-2.5666904
-2.5668149
-2.5669419
-2.5670707
-2.5671966
-2.5673188
-2.5674394
-2.5675588
-2.5676783
-2.5677977
-2.5679165
-2.5680355
-2.5681543
-2.5682728
-2.5683904
-2.5685064
-2.5686202
-2.568733
-2.5688455
-2.5689578
-2.5690686
-2.5691789
-2.5692884
-2.5693976
-2.5695064
-2.5696146
-2.5697219
-2.5698285
-2.5699338
-2.5700384
-2.5701423
-2.5702458
-2.5703489
-2.5704516
-2.5705539
-2.5706556
-2.5707569
-2.5708577
-2.570958
-2.5710579
-2.5711572
-2.5712559
-2.5713542
-2.5714519
-2.571549
-2.5716456
-2.5717416
-2.571837
-2.5719317
-2.5720259
-2.5721194
-2.5722125
-2.572305
-2.572397
-2.5724885
-2.5725794
-2.5726699
-2.5727599
-2.5728494
-2.5729384
-2.573027
-2.5728901
-2.5724319
-2.5720728
-2.5718483
-2.5717754
-2.5718552
-2.5720745
-2.5724079
-2.5728202
-2.5732058
-2.5736039
-2.5737679
-2.5734943
-2.5732885
-2.5731972
-2.5732212
-2.5733482
-2.573555
-2.573814
-2.5740949
-2.5743741
-2.5745484
-2.5744795
-2.5743894
-2.5743436
-2.574349
-2.5744052
-2.5745077
-2.5746474
-2.574814
-2.5749977
-2.5751819
-2.5753072
-2.5752989
-2.5752818
-2.5752829
-2.5753116
-2.5753689
-2.5754526
-2.5755581
-2.5756788
-2.5758073
-2.5759282
-2.5759661
-2.5759762
-2.5759928
-2.5760233
-2.5760698
-2.5761321
-2.5762083
-2.5762954
-2.576389
-2.5764828
-2.5765599
-2.5766143
-2.5766463
-2.5766815
-2.5767234
-2.5767732
-2.5768316
-2.5768974
-2.5769682
-2.5770405
-2.5771081
-2.5771556
-2.5771973
-2.577237
-2.5772784
-2.5773244
-2.577375
-2.5774299
-2.5774882
-2.5775488
-2.5776067
-2.5776627
-2.5777156
-2.5777647
-2.5778085
-2.5778527
-2.5778989
-2.5779471
-2.577997
-2.5780479
-2.5780985
-2.5781453
-2.57819
-2.5782335
-2.5782764
-2.5783196
-2.5783635
-2.5784081
-2.5784535
-2.5784994
-2.5785457
-2.5785919
-2.5786377
-2.5786826
-2.5787269
-2.5787705
-2.5788135
-2.5788562
-2.5788986
-2.5789408
-2.5789826
-2.579024
-2.5790651
-2.5791057
-2.579146
-2.579186
-2.5792259
-2.5792658
-2.5793057
-2.5793456
-2.5793856
-2.5794255
-2.5794653
-2.5795048
-2.5795441
-2.579583
-2.5796217
-2.57966
-2.5796981
-2.5797359
-2.5797735
-2.5798108
-2.5798479
-2.5798847
-2.5799214
-2.5799578
-2.579994
-2.5800301
-2.580066
-2.5801018
-2.5801375
-2.580173
-2.5802084
-2.5802437
-2.5802787
-2.5803136
-2.5803483
-2.5803827
-2.580417
-2.5804511
-2.5804849
-2.5805186
-2.580552
-2.5805853
-2.5806184
-2.5806513
-2.580684
-2.5807166
-2.5807491
-2.5807813
-2.5808135
-2.5808455
-2.5808773
-2.580909
-2.5809405
-2.5809719
-2.5810032
-2.5810343
-2.5810652
-2.5810959
-2.5811265
-2.581157
-2.5811872
-2.5812173
-2.5812473
-2.5812771
-2.5813067
-2.5813362
-2.5813655
-2.5813947
-2.5814238
-2.5814527
-2.5814815
-2.5815101
-2.5815387
-2.581567
-2.5815953
-2.5816234
-2.5816513
-2.5816792
-2.5817068
-2.5817344
-2.5817618
-2.5817891
-2.5818162
-2.5818432
-2.5818701
-2.5818969
-2.5819235
-2.58195
-2.5819763
-2.5820026
-2.5820287
-2.5820546
-2.5820805
-2.5821062
-2.5821319
-2.5821574
-2.5821827
-2.582208
-2.5822331
-2.5822581
-2.582283
-2.5823078
-2.5823324
-2.582357
-2.5823814
-2.5824057
-2.5824298
-2.5824539
-2.5824779
-2.5825017
-2.5825254
-2.5825491
-2.5825726
-2.582596
-2.5826193
-2.5826425
-2.5826655
-2.5826885
-2.5827114
-2.5827341
-2.5827568
-2.5827793
-2.5828018
-2.5828241
-2.5828463
-2.5828685
-2.5828905
-2.5829124
-2.5829342
-2.5829559
-2.5829776
-2.5829991
-2.5830205
-2.5830418
-2.583063
-2.5830842
-2.5831052
-2.5831261
-2.583147
-2.5831677
-2.5831884
-2.5832089
-2.5832294
-2.5832498
-2.5832701
-2.5832902
-2.5833103
-2.5833303
-2.5833503
-2.5833701
-2.5833898
-2.5834095
-2.583429
-2.5834485
-2.5834679
-2.5834872
-2.5835064
-2.5835255
-2.5835445
-2.5835635
-2.5835824
-2.5836011
-2.5836198
-2.5836384
-2.583657
-2.5836754
-2.5836938
-2.5837121
-2.5837303
-2.5837484
-2.5837665
-2.5837844
-2.5838023
-2.5838201
-2.5838378
-2.5838555
-2.5838731
-2.5838906
-2.583908
-2.5839253
-2.5839426
-2.5839598
-2.5839769
-2.5839939
-2.5840109
-2.5840278
-2.5840446
-2.5840613
-2.584078
-2.5840946
-2.5841111
-2.5841276
-2.584144
-2.5841603
-2.5841765
-2.5841927
-2.5842088
-2.5842248
-2.5842408
-2.5842567
-2.5842725
-2.5842883
-2.5843039
-2.5843196
-2.5843351
-2.5843506
-2.584366
-2.5843814
-2.5843967
-2.5844119
-2.584427
-2.5844421
-2.5844572
-2.5844721
-2.584487
-2.5845019
-2.5845166
-2.5845313
-2.584546
-2.5845606
-2.5845751
-2.5845896
-2.584604
-2.5846183
-2.5846326
-2.5846468
-2.5846609
-2.584675
-2.5846891
-2.5847031
-2.584717
-2.5847308
-2.5847446
-2.5847584
-2.5847721
-2.5847857
-2.5847993
-2.5848128
-2.5848262
-2.5848397
-2.584853
-2.5848663
-2.5848795
-2.5848927
-2.5849058
-2.5849189
-2.5849319
-2.5849449
-2.5849578
-2.5849706
-2.5849834
-2.5849962
-2.5850089
-2.5850215
-2.5850341
-2.5850466
-2.5850591
-2.5850715
-2.5850839
-2.5850962
-2.5851085
-2.5851207
-2.5851329
-2.585145
-2.5851571
-2.5851691
-2.5851811
-2.585193
-2.5852049
-2.5852168
-2.5852285
-2.5852403
-2.585252
-2.5852636
-2.5852752
-2.5852867
-2.5852982
-2.5853097
-2.5853211
-2.5853324
-2.5853437
-2.585355
-2.5853662
-2.5853774
-2.5853885
-2.5853996
-2.5854106
-2.5854216
-2.5854325
-2.5854434
-2.5854543
-2.5854651
-2.5854758
-2.5854866
-2.5854972
-2.5855079
-2.5855185
-2.585529
-2.5855395
-2.58555
-2.5855604
-2.5855708
-2.5855811
-2.5855914
-2.5856017
-2.5856119
-2.5856221
-2.5856322
-2.5856423
-2.5856523
-2.5856623
-2.5856723
-2.5856822
-2.5856921
-2.585702
-2.5857118
-2.5857215
-2.5857313
-2.585741
-2.5857506
-2.5857602
-2.5857698
-2.5857793
-2.5857888
-2.5857983
-2.5858077
-2.5858171
-2.5858264
-2.5858358
-2.585845
-2.5858543
-2.5858635
-2.5858726
-2.5858818
-2.5858908
-2.5858999
-2.5859089
-2.5859179
-2.5859268
-2.5859358
-2.5859446
-2.5859535
-2.5859623
-2.585971
-2.5859798
-2.5859885
-2.5859971
-2.5860058
-2.5860144
-2.5860229
-2.5860315
-2.58604
-2.5860484
-2.5860568
-2.5860652
-2.5860736
-2.5860819
-2.5860902
-2.5860985
-2.5861067
-2.5861149
-2.5861231
-2.5861312
-2.5861393
-2.5861474
-2.5861554
-2.5861634
-2.5861714
-2.5861794
-2.5861873
-2.5861951
-2.586203
-2.5862108
-2.5862186
-2.5862264
-2.5862341
-2.5862418
-2.5862495
-2.5862571
-2.5862647
-2.5862723
-2.5862798
-2.5862873
-2.5862948
-2.5863023
-2.5863097
-2.5863171
-2.5863245
-2.5863318
-2.5863392
-2.5863464
-2.5863537
-2.5863609
-2.5863681
-2.5863753
-2.5863825
-2.5863896
-2.5863967
-2.5864037
-2.5864108
-2.5864178
-2.5864248
-2.5864317
-2.5864386
-2.5864455
-2.5864524
-2.5864593
-2.5864661
-2.5864729
-2.5864796
-2.5864864
-2.5864931
-2.5864998
-2.5865064
-2.5865131
-2.5865197
-2.5865263
-2.5865328
-2.5865394
-2.5865459
-2.5865524
-2.5865588
-2.5865653
-2.5865717
-2.5865781
-2.5865844
-2.5865907
-2.5865971
-2.5866033
-2.5866096
-2.5866158
-2.5866221
-2.5866282
-2.5866344
-2.5866406
-2.5866467
-2.5866528
-2.5866588
-2.5866649
-2.5866709
-2.5866769
-2.5866829
-2.5866888
-2.5866948
-2.5867007
-2.5867066
-2.5867124
-2.5867183
-2.5867241
-2.5867299
-2.5867357
-2.5867414
-2.5867472
-2.5867529
-2.5867586
-2.5867642
-2.5867699
-2.5867755
-2.5867811
-2.5867867
-2.5867922
-2.5867978
-2.5868033
-2.5868088
-2.5868142
-2.5868197
-2.5868251
-2.5868305
-2.5868359
-2.5868413
-2.5868466
-2.586852
-2.5868573
-2.5868626
-2.5868678
-2.5868731
-2.5868783
-2.5868835
-2.5868887
-2.5868939
-2.586899
-2.5869042
-2.5869093
-2.5869144
-2.5869194
-2.5869245
-2.5869295
-2.5869345
-2.5869395
-2.5869445
-2.5869494
-2.5869544
-2.5869593
-2.5869642
-2.5869691
-2.5869739
-2.5869788
-2.5869836
-2.5869884
-2.5869932
-2.586998
-2.5870027
-2.5870075
-2.5870122
-2.5870169
-2.5870216
-2.5870262
-2.5870309
-2.5870355
-2.5870401
-2.5870447
-2.5870493
-2.5870538
-2.5870584
-2.5870629
-2.5870674
-2.5870719
-2.5870764
-2.5870808
-2.5870853
-2.5870897
-2.5870941
-2.5870985
-2.5871029
-2.5871072
-2.5871116
-2.5871159
-2.5871202
-2.5871245
-2.5871287
-2.587133
-2.5871372
-2.5871415
-2.5871457
-2.5871499
-2.5871541
-2.5871582
-2.5871624
-2.5871665
-2.5871706
-2.5871747
-2.5871788
-2.5871829
-2.5871869
-2.587191
-2.587195
-2.587199
-2.587203
-2.587207
-2.5872109
-2.5872149
-2.5872188
-2.5872227
-2.5872266
-2.5872305
-2.5872344
-2.5872383
-2.5872421
-2.5872459
-2.5872498
-2.5872536
-2.5872573
-2.5872611
-2.5872649
-2.5872686
-2.5872724
-2.5872761
-2.5872798
-2.5872835
-2.5872871
-2.5872908
-2.5872945
-2.5872981
-2.5873017
-2.5873053
-2.5873089
-2.5873125
-2.5873161
-2.5873196
-2.5873232
-2.5873267
-2.5873302
-2.5873337
-2.5873372
-2.5873407
-2.5873441
-2.5873476
-2.587351
-2.5873544
-2.5873578
-2.5873612
-2.5873646
-2.587368
-2.5873714
-2.5873747
-2.587378
-2.5873814
-2.5873847
-2.587388
-2.5873912
-2.5873945
-2.5873978
-2.587401
-2.5874043
-2.5874075
-2.5874107
-2.5874139
-2.5874171
-2.5874203
-2.5874234
-2.5874266
-2.5874297
-2.5874329
-2.587436
-2.5874391
-2.5874422
-2.5874452
-2.5874483
-2.5874514
-2.5874544
-2.5874575
-2.5874605
-2.5874635
-2.5874665
-2.5874695
-2.5874725
-2.5874755
-2.5874784
-2.5874814
-2.5874843
-2.5874872
-2.5874901
-2.587493
-2.5874959
-2.5874988
-2.5875017
-2.5875045
-2.5875074
-2.5875102
-2.5875131
-2.5875159
-2.5875187
-2.5875215
-2.5875243
-2.5875271
-2.5875298
-2.5875326
-2.5875353
-2.5875381
-2.5875408
-2.5875435
-2.5875462
-2.5875489
-2.5875516
-2.5875543
-2.5875569
-2.5875596
-2.5875622
-2.5875649
-2.5875675
-2.5875701
-2.5875727
-2.5875753
-2.5875779
-2.5875805
-2.587583
-2.5875856
-2.5875882
-2.5875907
-2.5875932
-2.5875957
-2.5875983
-2.5876008
-2.5876032
-2.5876057
-2.5876082
-2.5876107
-2.5876131
-2.5876156
-2.587618
-2.5876204
-2.5876229
-2.5876253
-2.5876277
-2.5876301
-2.5876325
-2.5876348
-2.5876321
-2.5874557
-2.587312
-2.5872155
-2.5871728
-2.5871825
-2.5872355
-2.5873127
-2.5873755
-2.5874236
-2.587472
-2.5875038
-2.5874719
-2.5874362
-2.5874236
-2.5873705
-2.5873542
-2.5873576
-2.5873896
-2.5874436
-2.5875094
-2.5875575
-2.5875654
-2.5875608
-2.5875517
-2.587543
-2.5875424
-2.5875514
-2.5875651
-2.5875822
-2.5875965
-2.5876027
-2.5876045
-2.5876
-2.5876017
-2.5876083
-2.5876152
-2.5876222
-2.5876283
-2.5876351
-2.587643
-2.5876491
-2.5876542
-2.587658
-2.5876603
-2.5876632
-2.5876663
-2.5876695
-2.587673
-2.5876762
-2.5876792
-2.5876815
-2.5876827
-2.5876835
-2.5876844
-2.5876855
-2.5876866
-2.5876876
-2.5876887
-2.5876902
-2.5876921
-2.5876939
-2.5876947
-2.5876954
-2.5876965
-2.587698
-2.5876996
-2.5876711
-2.5875257
-2.5874078
-2.5873315
-2.5873025
-2.5873191
-2.5873726
-2.5874445
-2.5874958
-2.5875277
-2.5875526
-2.5875566
-2.5875225
-2.5875013
-2.5875052
-2.5875312
-2.5875553
-2.5875754
-2.5876008
-2.5876263
-2.5876486
-2.5876627
-2.5876655
-2.5876653
-2.5876596
-2.587651
-2.5876471
-2.5876495
-2.587655
-2.5876622
-2.5876699
-2.5876763
-2.5876801
-2.5876787
-2.5876748
-2.5876734
-2.5876741
-2.5876765
-2.5876807
-2.5876863
-2.5876922
-2.5876984
-2.5877039
-2.5877052
-2.5877044
-2.5877036
-2.5877031
-2.5877027
-2.5877027
-2.5877035
-2.5877052
-2.5877076
-2.5877103
-2.5877118
-2.5877117
-2.5877111
-2.5877106
-2.5877102
-2.58771
-2.5877104
-2.5877116
-2.5877133
-2.5877154
-2.5877163
-2.5877161
-2.5877156
-2.5877154
-2.5877152
-2.5877152
-2.5877154
-2.5877157
-2.5877163
-2.587717
-2.5877177
-2.5877182
-2.5877185
-2.5877186
-2.5877186
-2.5877186
-2.5877187
-2.5877189
-2.5877192
-2.5877195
-2.5877197
-2.5877197
-2.5877196
-2.5877195
-2.5877195
-2.5877195
-2.5877196
-2.5877198
-2.58772
-2.5877202
-2.5877205
-2.5877207
-2.5877209
-2.5877212
-2.5877213
-2.5877214
-2.5877215
-2.5877215
-2.5877216
-2.5877216
-2.5877217
-2.5877217
-2.5877216
-2.5877216
-2.5877217
-2.5877217
-2.5877217
-2.5877218
-2.5877219
-2.587722
-2.5877221
-2.5877223
-2.5877224
-2.5877225
-2.5877226
-2.5877227
-2.5877228
-2.5877228
-2.5877229
-2.5877229
-2.587723
-2.587723
-2.587723
-2.587723
-2.5877231
-2.5877231
-2.5877231
-2.5877232
-2.5877232
-2.5877233
-2.5877234
-2.5877234
-2.5877235
-2.5877236
-2.5877236
-2.5877237
-2.5877238
-2.5877238
-2.5877239
-2.5877239
-2.587724
-2.587724
-2.587724
-2.5877241
-2.5877241
-2.5877241
-2.5877242
-2.5877242
-2.5877243
-2.5877243
-2.5877243
-2.5877244
-2.5877244
-2.5877245
-2.5877245
-2.5877246
-2.5877246
-2.5877247
-2.5877247
-2.5877248
-2.5877248
-2.5877248
-2.5877249
-2.5877249
-2.5877249
-2.587725
-2.587725
-2.587725
-2.5877251
-2.5877251
-2.5877251
-2.5877252
-2.5877252
-2.5877253
-2.5877253
-2.5877253
-2.5877254
-2.5877254
-2.5877254
-2.5877255
-2.5877255
-2.5877255
-2.5877256
-2.5877256
-2.5877256
-2.5877257
-2.5877257
-2.5877257
-2.5877257
-2.5877258
-2.5877258
-2.5877258
-2.5877259
-2.5877259
-2.5877259
-2.587726
-2.587726
-2.587726
-2.587726
-2.5877261
-2.5877261
-2.5877261
-2.5877262
-2.5877262
-2.5877262
-2.5877262
-2.5877263
-2.5877263
-2.5877263
-2.5877263
-2.5877264
-2.5877264
-2.5877264
-2.5877264
-2.5877265
-2.5877265
-2.5877265
-2.5877265
-2.5877266
-2.5877266
-2.5877266
-2.5877266
-2.5877267
-2.5877267
-2.5877267
-2.5877267
-2.5877268
-2.5877268
-2.5877268
-2.5877268
-2.5877268
-2.5877269
-2.5877269
-2.5877269
-2.5877269
-2.5877269
-2.587727
-2.587727
-2.587727
-2.587727
-2.5877271
-2.5877271
-2.5877271
-2.5877271
-2.5877271
-2.5877272
-2.5877272
-2.5877272
-2.5877272
-2.5877272
-2.5877272
-2.5877273
-2.5877273
-2.5877273
-2.5877273
-2.5877273
-2.5877274
-2.5877274
-2.5877274
-2.5877274
-2.5877274
-2.5877274
-2.5877275
-2.5877275
-2.5877275
-2.5877275
-2.5877275
-2.5877275
-2.5877276
-2.5877276
-2.5877276
-2.5877276
-2.5877276
-2.5877276
-2.5877277
-2.5877277
-2.5877277
-2.5877277
-2.5877277
-2.5877277
-2.5877278
-2.5877278
-2.5877278
-2.5877278
-2.5877278
-2.5877278
-2.5877278
-2.5877279
-2.5877279
-2.5877279
-2.5877279
-2.5877279
-2.5877279
-2.5877279
-2.587728
-2.587728
-2.587728
-2.587728
-2.587728
-2.587728
-2.587728
-2.587728
-2.5877281
-2.5877281
-2.5877281
-2.5877281
-2.5877281
-2.5877281
-2.5877281
-2.5877281
-2.5877282
-2.5877282
-2.5877282
-2.5877282
-2.5877282
-2.5877282
-2.5877282
-2.5877282
-2.5877282
-2.5877283
-2.5877283
-2.5877283
-2.5877283
-2.5877283
-2.5877283
-2.5877283
-2.5877283
-2.5877283
-2.5877284
-2.5877284
-2.5877284
-2.5877284
-2.5877284
-2.5877284
-2.5877284
-2.5877284
-2.5877284
-2.5877285
-2.5877285
-2.5877285
-2.5877285
-2.5877285
-2.5877285
-2.5877285
-2.5877285
-2.5877285
-2.5877285
-2.5877285
-2.5877286
-2.5877286
-2.5877286
-2.5877286
-2.5877286
-2.5877286
-2.5877286
-2.5877286
-2.5877286
-2.5877286
-2.5877286
-2.5877287
-2.5877287
-2.5877287
-2.5877287
-2.5877287
-2.5877287
-2.5877287
-2.5877287
-2.5877287
-2.5877287
-2.5877287
-2.5877287
-2.5877288
-2.5877288
-2.5877288
-2.5877288
-2.5877288
-2.5877288
-2.5877288
-2.5877288
-2.5877288
-2.5877288
-2.5877288
-2.5877288
-2.5877288
-2.5877289
-2.5877289
-2.5877289
-2.5877289
-2.5877289
-2.5877289
-2.5877289
-2.5877289
-2.5877289
-2.5877289
-2.5877289
-2.5877289
-2.5877289
-2.5877289
-2.5877289
-2.587729
-2.587729
-2.587729
-2.587729
-2.587729
-2.587729
-2.587729
-2.587729
-2.587729
-2.587729
-2.587729
-2.587729
-2.587729
-2.587729
-2.587729
-2.587729
-2.5877291
-2.5877291
-2.5877291
-2.5877291
-2.5877291
-2.5877291
-2.5877291
-2.5877291
-2.5877291
-2.5877291
-2.5877291
-2.5877291
-2.5877291
-2.5877291
-2.5877291
-2.5877291
-2.5877291
-2.5877292
-2.5877292
-2.5877292
-2.5877292
-2.5877292
-2.5877292
-2.5877292
-2.5877292
-2.5877292
-2.5877292
-2.5877292
-2.5877292
-2.5877292
-2.5877292
-2.5877292
-2.5877292
-2.5877292
-2.5877292
-2.5877292
-2.5877292
-2.5877292
-2.5877293
-2.5877293
-2.5877293
-2.5877293
-2.5877293
-2.5877293
-2.5877293
-2.5877293
-2.5877293
-2.5877293
-2.5877293
-2.5877293
-2.5877293
-2.5877293
-2.5877293
-2.5877293
-2.5877293
-2.5877293
-2.5877293
-2.5877293
-2.5877293
-2.5877293
-2.5877293
-2.5877294
-2.5877294
-2.5877294
-2.5877294
-2.5877294
-2.5877294
-2.5877294
-2.5877294
-2.5877294
-2.5877294
-2.5877294
-2.5877294
-2.5877294
-2.5877294
-2.5877294
-2.5877294
-2.5877294
-2.5877294
-2.5877294
-2.5877294
-2.5877294
-2.5877294
-2.5877294
-2.5877294
-2.5877294
-2.5877294
-2.5877294
-2.5877295
-2.5877295
-2.5877295
-2.5877295
-2.5877295
-2.5877295
-2.5877295
-2.5877295
-2.5877295
-2.5877295
-2.5877295
-2.5877295
-2.5877295
-2.5877295
-2.5877295
-2.5877295
-2.5877295
-2.5877295
-2.5877295
-2.5877295
-2.5877295
-2.5877295
-2.5877295
-2.5877295
-2.5877295
-2.5877295
-2.5877295
-2.5877295
-2.5877295
-2.5877295
-2.5877295
-2.5877295
-2.5877296
-2.5877296
-2.5877296
-2.5877296
-2.5877296
-2.5877296
-2.5877296
-2.5877296
-2.5877296
-2.5877296
-2.5877296
-2.5877296
-2.5877296
-2.5877296
-2.5877296
-2.5877296
-2.5877296
-2.5877296
-2.5877296
-2.5877296
-2.5877296
-2.5877296
-2.5877296
-2.5877296
-2.5877296
-2.5877296
-2.5877296
-2.5877296
-2.5877296
-2.5877296
-2.5877296
-2.5877296
-2.5877296
-2.5877296
-2.5877296
-2.5877296
-2.5877296
-2.5877296
-2.5877296
-2.5877296
-2.5877296
-2.5877297
-2.5877297
-2.5877297
-2.5877297
-2.5877297
-2.5877297
-2.5877297
-2.5877297
-2.5877297
-2.5877297
-2.5877297
-2.5877297
-2.5877297
-2.5877297
-2.5877297
-2.5877297
-2.5877297
-2.5877297
-2.5877297
-2.5877297
-2.5877297
-2.5877297
-2.5877297
-2.5877297
-2.5877297
-2.5877297
-2.5877297
-2.5877297
-2.5877297
-2.5877297
-2.5877297
-2.5877297
-2.5877297
-2.5877297
-2.5877297
-2.5877297
-2.5877297
-2.5877297
-2.5877297
-2.5877297
-2.5877297
-2.5877297
-2.5877297
-2.5877297
-2.5877297
-2.5877297
-2.5877297
-2.5877297
-2.5877297
-2.5877297
-2.5877297
-2.5877297
-2.5877297
-2.5877298
-2.5877298
-2.5877298
-2.5877298
-2.5877298
-2.5877298
-2.5877298
-2.5877298
-2.5877298
-2.5877298
-2.5877298
-2.5877298
-2.5877298
-2.5877298
-2.5877298
-2.5877298
-2.5877298
-2.5877298
-2.5877298
-2.5877298
-2.5877298
-2.5877298
-2.5877298
-2.5877298
-2.5877298
-2.5877298
-2.5877298
-2.5877298
-2.5877298
-2.5877298
-2.5877298
-2.5877298
-2.5877298
-2.5877298
-2.5877298
-2.5877298
-2.5877298
-2.5877298
-2.5877298
-2.5877298
-2.5877298
-2.5877298
-2.5877298
-2.5877298
-2.5877298
-2.5877298
-2.5877298
-2.5877298
-2.5877298
-2.5877298
-2.5877298
-2.5877298
-2.5877298
-2.5877298
-2.5877298
-2.5877298
-2.5877298
-2.5877298
-2.5877298
-2.5877298
-2.5877298
-2.5877298
-2.5877298
-2.5877298
-2.5877298
-2.5877298
-2.5877298
-2.5877298
-2.5877298
-2.5877298
-2.5877298
-2.5877298
-2.5877298
-2.5877298
-2.5877298
-2.5877298
-2.5877299
-2.5877299
-2.5877299
-2.5877299
-2.5877299
-2.5877299
-2.5877299
-2.5877299
-2.5877299
-2.5877299
-2.5877299
-2.5877299
-2.5877299
-2.5877299
-2.5877299
-2.5877299
-2.5877299
-2.5877299
-2.5877299
-2.5877299
-2.5877299
-2.5877299
-2.5877299
-2.5877299
-2.5877299
-2.5877299
-2.5877299
-2.5877299
-2.5877299
-2.5877299
-2.5877299
-2.5877299
-2.5877299
-2.5877299
-2.5877299
-2.5877299
-2.5877299
-2.5877299
-2.5877299
-2.5877299
-2.5877299
-2.5877299
-2.5877299
-2.5877299
-2.5877299
-2.5877299
-2.5877299
-2.5877299
-2.5877299
-2.5877299
-2.5877299
-2.5877299
-2.5877299
-2.5877299
-2.5877299
-2.5877299
-2.5877299
-2.5877299
-2.5877299
-2.5877299
-2.5877299
-2.5877299
-2.5877299
-2.5877299
-2.5877299
-2.5877299
-2.5877299
-2.5877299
-2.5877299
-2.5877299
-2.5877299
-2.5877299
-2.5877299
-2.5877299
-2.5877299
-2.5877299
-2.5877299
-2.5877299
-2.5877299
-2.5877299
-2.5877299
-2.5877299
-2.5877299
-2.5877299
-2.5877299
-2.5877299
-2.5877299
-2.5877299
-2.5877299
-2.5877299
-2.5877299
-2.5877299
-2.5877299
-2.5877299
-2.5877299
-2.5877299
-2.5877299
-2.5877299
-2.5877299
-2.5877299
-2.5877299
-2.5877299
-2.5877299
-2.5877299
-2.5877299
-2.5877299
-2.5877299
-2.5877299
-2.5877299
-2.5877299
-2.5877299
-2.5877299
-2.5877299
-2.5877299
-2.5877299
-2.5877299
-2.5877299
-2.5877299
-2.5877299
-2.5877299
-2.5877299
-2.5877299
-2.5877299
-2.5877299
-2.5877299
-2.5877299
-2.5877299
-2.5877299
-2.5877299
-2.58773
-2.58773
-2.58773
-2.58773
-2.58773
-2.58773
-2.58773
-2.58773
-2.58773
-2.58773
-2.58773
-2.58773
-2.58773
-2.58773
-2.58773
-2.58773
-2.58773
-2.58773
-2.58773
-2.58773
-2.58773
-2.58773
-2.58773
-2.58773
-2.58773
-2.58773
-2.58773
-2.58773
-2.58773
-2.58773
-2.58773
-2.58773
-2.58773
-2.58773
-2.58773
-2.58773
-2.58773
-2.58773
-2.58773
-2.58773
-2.58773
-2.58773
-2.58773
-2.58773
-2.58773
-2.58773
-2.58773
-2.58773
-2.58773
-2.58773
-2.58773
-2.58773
-2.58773
-2.58773
-2.58773
-2.58773
-2.58773
-2.58773
-2.58773
-2.58773
-2.58773
-2.58773
-2.58773
-2.58773
-2.58773
-2.58773
-2.58773
-2.58773
-2.58773
-2.58773
-2.58773
-2.58773
-2.58773
-2.58773
-2.58773
-2.58773
-2.58773
-2.58773
-2.58773
-2.58773
-2.58773
-2.58773
-2.58773
-2.58773
-2.58773
-2.58773
-2.58773
-2.58773
-2.58773
-2.58773
-2.58773
-2.58773
-2.58773
-2.58773
-2.58773
-2.58773
-2.58773
-2.58773
-2.58773
-2.58773
-2.58773
-2.58773
-2.58773
-2.58773
-2.58773
-2.58773
-2.58773
-2.58773
-2.58773
-2.58773
-2.58773
-2.58773
-2.58773
-2.58773
-2.58773
-2.58773
-2.58773
-2.58773
-2.58773
-2.58773
-2.58773
-2.58773
-2.58773
-2.58773
-2.58773
-2.58773
-2.58773
-2.58773
-2.58773
-2.58773
-2.58773
-2.58773
-2.58773
-2.58773
-2.58773
-2.58773
-2.58773
-2.58773
-2.58773
-2.58773
-2.58773
-2.58773
-2.58773
-2.58773
-2.58773
-2.58773
-2.58773
-2.58773
-2.58773
-2.58773
-2.58773
-2.58773
-2.58773
-2.58773
-2.58773
-2.58773
-2.58773
-2.58773
-2.58773
-2.58773
-2.58773
-2.58773
-2.58773
-2.58773
-2.58773
-2.58773
-2.58773
-2.58773
-2.58773
-2.58773
-2.58773
-2.58773
-2.58773
-2.58773
-2.58773
-2.58773
-2.58773
-2.58773
-2.58773
-2.58773
-2.58773
-2.58773
-2.58773
-2.58773
-2.58773
-2.58773
-2.58773
-2.58773
-2.58773
-2.58773
-2.58773
-2.58773
-2.58773
-2.58773
-2.58773
-2.58773
-2.58773
-2.58773
-2.58773
-2.58773
-2.58773
-2.58773
-2.58773
-2.58773
-2.58773
-2.58773
-2.58773
-2.58773
-2.58773
-2.58773
-2.58773
-2.58773
-2.58773
-2.58773
-2.58773
-2.58773
-2.58773
-2.58773
-2.58773
-2.58773
-2.58773
-2.58773
-2.58773
-2.58773
-2.58773
-2.58773
-2.58773
-2.58773
-2.58773
-2.58773
-2.58773
-2.58773
-2.58773
-2.58773
-2.58773
-2.58773
-2.58773
-2.58773
-2.58773
-2.58773
-2.58773
-2.58773
-2.58773
-2.58773
-2.58773
-2.58773
-2.58773
-2.58773
-2.58773
-2.58773
-2.58773
-2.58773
-2.58773
-2.58773
-2.58773
-2.58773
-2.58773
-2.58773
-2.58773
-2.58773
-2.58773
-2.58773
-2.58773
-2.58773
-2.58773
-2.58773
-2.58773
-2.58773
-2.58773
-2.58773
-2.58773
-2.58773
-2.58773
-2.58773
-2.58773
-2.58773
-2.58773
-2.58773
-2.58773
-2.58773
-2.58773
-2.58773
-2.58773
-2.58773
-2.58773
-2.58773
-2.58773
-2.58773
-2.58773
-2.58773
-2.58773
-2.58773
-2.58773
-2.58773
-2.58773
-2.58773
-2.58773
-2.58773
-2.58773
-2.58773
-2.58773
-2.58773
-2.58773
-2.58773
-2.58773
-2.58773
-2.58773
-2.58773
-2.58773
-2.58773
-2.58773
-2.58773
-2.58773
-2.58773
-2.58773
-2.58773
-2.58773
-2.58773
-2.58773
-2.58773
-2.58773
-2.58773
-2.58773
-2.58773
-2.58773
-2.58773
-2.58773
-2.58773
-2.58773
-2.58773
-2.58773
-2.58773
-2.58773
-2.58773
-2.58773
-2.58773
-2.58773
-2.58773
-2.58773
-2.58773
-2.58773
-2.58773
-2.58773
-2.58773
-2.58773
-2.58773
-2.58773
-2.58773
-2.58773
-2.58773
-2.58773
-2.58773
-2.58773
-2.58773
-2.58773
-2.58773
-2.58773
-2.58773
-2.58773
-2.58773
-2.58773
-2.58773
-2.58773
-2.58773
-2.58773
-2.58773
-2.58773
-2.58773
-2.58773
-2.58773
-2.58773
-2.58773
-2.58773
-2.58773
-2.58773
-2.58773
-2.58773
-2.58773
-2.58773
-2.58773
-2.58773
-2.58773
-2.58773
-2.58773
-2.58773
-2.58773
-2.58773
-2.58773
-2.58773
-2.58773
-2.58773
-2.58773
-2.58773
-2.58773
-2.58773
-2.58773
-2.58773
-2.58773
-2.58773
-2.58773
-2.58773
-2.58773
-2.58773
-2.58773
-2.58773
-2.58773
-2.58773
-2.58773
-2.58773
-2.58773
-2.58773
-2.58773
-2.58773
-2.58773
-2.58773
-2.58773
-2.58773
-2.58773
-2.58773
-2.58773
-2.58773
-2.58773
-2.58773
-2.58773
-2.58773
-2.58773
-2.58773
-2.58773
-2.58773
-2.58773
-2.58773
-2.58773
-2.5877301
-2.5877301
-2.5877301
-2.5877301
-2.5877301
-2.5877301
-2.5877301
-2.5877301
-2.5877301
-2.5877301
-2.5877301
-2.5877301
-2.5877301
-2.5877301
-2.5877301
-2.5877301
-2.5877301
-2.5877301
-2.5877301
-2.5877301
-2.5877301
-2.5877301
-2.5877301
-2.5877301
-2.5877301
-2.5877301
-2.5877301
-2.5877301
-2.5877301
-2.5877301
-2.5877301
-2.5877301
-2.5877301
-2.5877301
-2.5877301
-2.5877301
-2.5877301
-2.5877301
-2.5877301
-2.5877301
-2.5877301
-2.5877301
-2.5877301
-2.5877301
-2.5877301
-2.5877301
-2.5877301
-2.5877301
-2.5877301
-2.5877301
-2.5877301
-2.5877301
-2.5877301
-2.5877301
-2.5877301
-2.5877301
-2.5877301
-2.5877301
-2.5877301
-2.5877301
-2.5877301
-2.5877301
-2.5877301
-2.5877301
-2.5877301
-2.5877301
-2.5877301
-2.5877301
-2.5877301
-2.5877301
-2.5877301
-2.5877301
-2.5877301
-2.5877301
-2.5877301
-2.5877301
-2.5877301
-2.5877301
-2.5877301
-2.5877301
-2.5877301
-2.5877301
-2.5877301
-2.5877301
-2.5877301
-2.5877301
-2.5877301
-2.5877301
-2.5877301
-2.5877301
-2.5877301
-2.5877301
-2.5877301
-2.5877301
-2.5877301
-2.5877301
-2.5877301
-2.5877301
-2.5877301
-2.5877301
-2.5877301
-2.5877301
-2.5877301
-2.5877301
-2.5877301
-2.5877301
-2.5877301
-2.5877301
-2.5877301
-2.5877301
-2.5877301
-2.5877301
-2.5877301
-2.5877301
-2.5877301
-2.5877301
-2.5877301
-2.5877301
-2.5877301
-2.5877301
-2.5877301
-2.5877301
-2.5877301
-2.5877301
-2.5877301
-2.5877301
-2.5877301
-2.5877301
-2.5877301
-2.5877301
-2.5877301
-2.5877301
-2.5877301
-2.5877301
-2.5877301
-2.5877301
-2.5877301
-2.5877301
-2.5877301
-2.5877301
-2.5877301
-2.5877301
-2.5877301
-2.5877301
-2.5877301
-2.5877301
-2.5877301
-2.5877301
-2.5877301
-2.5877301
-2.5877301
-2.5877301
-2.5877301
-2.5877301
-2.5877301
-2.5877301
-2.5877301
-2.5877301
-2.5877301
-2.5877301
-2.5877301
-2.5877301
-2.5877301
-2.5877301
-2.5877301
-2.5877301
-2.5877301
-2.5877301
-2.5877301
-2.5877301
-2.5877301
-2.5877301
-2.5877301
-2.5877301
-2.5877301
-2.5877301
-2.5877301
-2.5877301
-2.5877301
-2.5877301
-2.5877301
-2.5877301
-2.5877301
-2.5877301
-2.5877301
-2.5877301
-2.5877301
-2.5877301
-2.5877301
-2.5877301
-2.5877301
-2.5877301
-2.5877301
-2.5877301
-2.5877301
-2.5877301
-2.5877301
-2.5877301
-2.5877301
-2.5877301
-2.5877301
-2.5877301
-2.5877301
-2.5877301
-2.5877301
-2.5877301
-2.5877301
-2.5877301
-2.5877301
-2.5877301
-2.5877301
-2.5877301
-2.5877301
-2.5877301
-2.5877301
-2.5877301
-2.5877301
-2.5877301
-2.5877301
-2.5877301
-2.5877301
-2.5877301
-2.5877301
-2.5877301
-2.5877301
-2.5877301
-2.5877301
-2.5877301
-2.5877301
-2.5877301
-2.5877301
-2.5877301
-2.5877301
-2.5877301
-2.5877301
-2.5877301
-2.5877301
-2.5877301
-2.5877301
-2.5877301
-2.5877301
-2.5877301
-2.5877301
-2.5877301
-2.5877301
-2.5877301
-2.5877301
-2.5877301
-2.5877301
-2.5877301
-2.5877301
-2.5877301
-2.5877301
-2.5877301
-2.5877301
-2.5877301
-2.5877301
-2.5877301
-2.5877301
-2.5877301
-2.5877301
-2.5877301
-2.5877301
-2.5877301
-2.5877301
-2.5877301
-2.5877301
-2.5877301
-2.5877301
-2.5877301
-2.5877301
-2.5877301
-2.5877301
-2.5877301
-2.5877301
-2.5877301
-2.5877301
-2.5877301
-2.5877301
-2.5877301
-2.5877301
-2.5877301
-2.5877301
-2.5877301
-2.5877301
-2.5877301
-2.5877301
-2.5877301
-2.5877301
-2.5877301
-2.5877301
-2.5877301
-2.5877301
-2.5877301
-2.5877301
-2.5877301
-2.5877301
-2.5877301
-2.5877301
-2.5877301
-2.5877301
-2.5877301
-2.5877301
-2.5877301
-2.5877301
-2.5877301
-2.5877301
-2.5877301
-2.5877301
-2.5877301
-2.5877301
-2.5877301
-2.5877301
-2.5877301
-2.5877301
-2.5877301
-2.5877301
-2.5877301
-2.5877301
-2.5877301
-2.5877301
-2.5877301
-2.5877301
-2.5877301
-2.5877301
-2.5877301
-2.5877301
-2.5877301
-2.5877301
-2.5877301
-2.5877301
-2.5877301
-2.5877301
-2.5877301
-2.5877301
-2.5877301
-2.5877301
-2.5877301
-2.5877301
-2.5877301
-2.5877301
-2.5877301
-2.5877301
-2.5877301
-2.5877301
-2.5877301
-2.5877301
-2.5877301
-2.5877301
-2.5877301
-2.5877301
-2.5877301
-2.5877301
-2.5877301
-2.5877301
-2.5877301
-2.5877301
-2.5877301
-2.5877301
-2.5877301
-2.5877301
-2.5877301
-2.5877301
-2.5877301
-2.5877301
-2.5877301
-2.5877301
-2.5877301
-2.5877301
-2.5877301
-2.5877301
-2.5877301
-2.5877301
-2.5877301
-2.5877301
-2.5877301
-2.5877301
-2.5877301
-2.5877301
-2.5877301
-2.5877301
-2.5877301
-2.5877301
-2.5877301
-2.5877301
-2.5877301
-2.5877301
-2.5877301
-2.5877301
-2.5877301
-2.5877301
-2.5877301
-2.5877301
-2.5877301
-2.5877301
-2.5877301
-2.5877301
-2.5877301
-2.5877301
-2.5877301
-2.5877301
-2.5877301
-2.5877301
-2.5877301
-2.5877301
-2.5877301
-2.5877301
-2.5877301
-2.5877301
-2.5877301
-2.5877301
-2.5877301
-2.5877301
-2.5877301
-2.5877301
-2.5877301
-2.5877301
-2.5877301
-2.5877301
-2.5877301
-2.5877301
-2.5877301
-2.5877301
-2.5877301
-2.5877301
-2.5877301
-2.5877301
-2.5877301
-2.5877301
-2.5877301
-2.5877301
-2.5877301
-2.5877301
-2.5877301
-2.5877301
-2.5877301
-2.5877301
-2.5877301
-2.5877301
-2.5877301
-2.5877301
-2.5877301
-2.5877301
-2.5877301
-2.5877301
