3.75354432e-01
1.90210860e-01
6.77313945e-02
1.22677912e-01
1.65998558e-01
1.65027966e-01
1.31515689e-01
8.31270066e-02
4.70750911e-02
5.10044220e-02
6.43420184e-02
6.49620937e-02
5.33674327e-02
3.61860311e-02
2.34974149e-02
2.35815360e-02
2.77470893e-02
2.79602109e-02
2.38348039e-02
1.79244629e-02
1.38155372e-02
1.33765784e-02
1.42287941e-02
1.40242809e-02
1.25036032e-02
1.05245818e-02
9.15677329e-03
8.75233137e-03
8.72353324e-03
8.47065040e-03
7.88967433e-03
7.22000463e-03
6.72396709e-03
6.45259777e-03
6.27129965e-03
6.04761834e-03
5.75896595e-03
5.46042821e-03
5.20812812e-03
5.01150180e-03
4.84352473e-03
4.67677824e-03
4.50521724e-03
4.33752087e-03
4.18366030e-03
4.04547280e-03
3.91838678e-03
3.79585776e-03
3.67771769e-03
3.56509521e-03
3.45785877e-03
3.35508897e-03
3.25739115e-03
3.16461830e-03
3.07682825e-03
2.99423021e-03
2.91601299e-03
2.84161079e-03
2.77087476e-03
2.70366829e-03
2.63923140e-03
2.57704201e-03
2.51671255e-03
2.45889017e-03
2.40388991e-03
2.35026225e-03
2.29796983e-03
2.24846446e-03
2.20165396e-03
2.15631878e-03
2.11196830e-03
2.06829136e-03
2.02578654e-03
1.98511302e-03
1.94635928e-03
1.90932990e-03
1.87344552e-03
1.83849633e-03
1.80428517e-03
1.77103691e-03
1.73917432e-03
1.70913670e-03
1.68091689e-03
1.65421369e-03
1.62850488e-03
1.60380285e-03
1.57960647e-03
1.55569134e-03
1.53221396e-03
1.50930573e-03
1.48667213e-03
1.46470803e-03
1.44395712e-03
1.42460534e-03
1.40634385e-03
1.38901939e-03
1.37197787e-03
1.35524825e-03
1.33908059e-03
1.32333489e-03
1.30779473e-03
1.29204616e-03
1.27634906e-03
1.26078926e-03
1.24531535e-03
1.23011875e-03
1.21543288e-03
1.20144212e-03
1.18807438e-03
1.17521586e-03
1.16293713e-03
1.15108949e-03
1.13929956e-03
1.12749448e-03
1.11597706e-03
1.10480437e-03
1.09397584e-03
1.08350966e-03
1.07336315e-03
1.06349418e-03
1.05386420e-03
1.04465741e-03
1.03597510e-03
1.02751033e-03
1.01899133e-03
1.01015197e-03
1.00118348e-03
9.92058261e-04
9.82997616e-04
9.74169827e-04
9.65516449e-04
9.56913921e-04
9.48266463e-04
9.39635714e-04
9.31153146e-04
9.22855220e-04
9.14697575e-04
9.06862998e-04
8.99551154e-04
8.92625725e-04
8.85978946e-04
8.79467349e-04
8.72946066e-04
8.66421065e-04
8.60043894e-04
8.53892881e-04
8.47973960e-04
8.42319673e-04
8.36895133e-04
8.31709245e-04
8.26574965e-04
8.21419316e-04
8.16200499e-04
8.11054009e-04
8.05991483e-04
8.00976432e-04
7.95871069e-04
7.90778025e-04
7.85765521e-04
7.80867613e-04
7.76050905e-04
7.71233440e-04
7.66412787e-04
7.61665394e-04
7.57050190e-04
7.52568566e-04
7.48216818e-04
7.43907024e-04
7.39571549e-04
7.35249491e-04
7.31076854e-04
7.27022667e-04
7.22923424e-04
7.18878486e-04
7.14924318e-04
7.11179710e-04
7.07575587e-04
7.03956835e-04
7.00266973e-04
6.96573711e-04
6.92953746e-04
6.89318236e-04
6.85706640e-04
6.82097662e-04
6.78630257e-04
6.75315253e-04
6.72144754e-04
6.68979311e-04
6.65791982e-04
6.62590791e-04
6.59447236e-04
6.56410799e-04
6.53397488e-04
6.50347212e-04
6.47247568e-04
6.44188971e-04
6.41083332e-04
6.37910158e-04
6.34748631e-04
6.31700618e-04
6.28826026e-04
6.26036747e-04
6.23284324e-04
6.20520710e-04
6.17791684e-04
6.15138161e-04
6.12518894e-04
6.09879083e-04
6.07220805e-04
6.04604887e-04
6.02072621e-04
5.99576369e-04
5.97067744e-04
5.94547755e-04
5.92072308e-04
5.89680311e-04
5.87344101e-04
5.85002007e-04
5.82606043e-04
5.80228973e-04
5.77937849e-04
5.75707949e-04
5.73572556e-04
5.71482964e-04
5.69407568e-04
5.67382929e-04
5.65440910e-04
5.63544299e-04
5.61613753e-04
5.59660669e-04
5.57684791e-04
5.55683211e-04
5.53679766e-04
5.51656912e-04
5.49588487e-04
5.47529223e-04
5.45503894e-04
5.43557056e-04
5.41674076e-04
5.39832825e-04
5.38010524e-04
5.36218206e-04
5.34481076e-04
5.32790239e-04
5.31092326e-04
5.29420140e-04
5.27786457e-04
5.26141639e-04
5.24452823e-04
5.22733837e-04
5.20981807e-04
5.19207671e-04
5.17453604e-04
5.15739716e-04
5.14077101e-04
5.12429496e-04
5.10767279e-04
5.09111477e-04
5.07489214e-04
5.05902196e-04
5.04291199e-04
5.02641735e-04
5.00982904e-04
4.99369736e-04
4.97824707e-04
4.96323899e-04
4.94838064e-04
4.93365369e-04
4.91904279e-04
4.90491171e-04
4.89109418e-04
4.87692172e-04
4.86249831e-04
4.84747967e-04
4.83229392e-04
4.81741406e-04
4.80300754e-04
4.78887460e-04
4.77454029e-04
4.76027351e-04
4.74641531e-04
4.73293325e-04
4.71940353e-04
4.70567408e-04
4.69233686e-04
4.67957245e-04
4.66719726e-04
4.65468496e-04
4.64179207e-04
4.62832317e-04
4.61474764e-04
4.60103430e-04
4.58740254e-04
4.57416382e-04
4.56133671e-04
4.54901550e-04
4.53716407e-04
4.52534557e-04
4.51328218e-04
4.50115832e-04
4.48939105e-04
4.47804672e-04
4.46667957e-04
4.45527521e-04
4.44368099e-04
4.43186793e-04
4.41997870e-04
4.40851988e-04
4.39728322e-04
4.38635082e-04
4.37571623e-04
4.36506589e-04
4.35427271e-04
4.34355291e-04
4.33287224e-04
4.32214112e-04
4.31121710e-04
4.30001009e-04
4.28866228e-04
4.27748984e-04
4.26660722e-04
4.25606914e-04
4.24565022e-04
4.23501915e-04
4.22415772e-04
4.21302505e-04
4.20161074e-04
4.19031717e-04
4.17916332e-04
4.16803206e-04
4.15711324e-04
4.14655797e-04
4.13632919e-04
4.12641396e-04
4.11654859e-04
4.10699790e-04
4.09773792e-04
4.08845089e-04
4.07923050e-04
4.06992449e-04
4.06048340e-04
4.05089221e-04
4.04133353e-04
4.03191600e-04
4.02271079e-04
4.01342508e-04
4.00411763e-04
3.99505389e-04
3.98636618e-04
3.97797128e-04
3.96959662e-04
3.96099954e-04
3.95220630e-04
3.94338906e-04
3.93458117e-04
3.92589024e-04
3.91746822e-04
3.90914295e-04
3.90078576e-04
3.89226122e-04
3.88334259e-04
3.87426350e-04
3.86528727e-04
3.85661178e-04
3.84829295e-04
3.84016651e-04
3.83214068e-04
3.82417855e-04
3.81635299e-04
3.80862792e-04
3.80085492e-04
3.79273906e-04
3.78438274e-04
3.77605963e-04
3.76788865e-04
3.75981805e-04
3.75172073e-04
3.74348542e-04
3.73507390e-04
3.72661529e-04
3.71834078e-04
3.71035712e-04
3.70263870e-04
3.69499592e-04
3.68720391e-04
3.67934128e-04
3.67168208e-04
3.66432237e-04
3.65724461e-04
3.65033982e-04
3.64327344e-04
3.63613614e-04
3.62905710e-04
3.62205920e-04
3.61506098e-04
3.60807679e-04
3.60111242e-04
3.59416413e-04
3.58723453e-04
3.58038054e-04
3.57358757e-04
3.56691340e-04
3.56031831e-04
3.55376903e-04
3.54717888e-04
3.54031839e-04
3.53329911e-04
3.52638179e-04
3.51949905e-04
3.51260635e-04
3.50571124e-04
3.49887921e-04
3.49202910e-04
3.48517943e-04
3.47842010e-04
3.47161866e-04
3.46492231e-04
3.45851478e-04
3.45240333e-04
3.44644519e-04
3.44046568e-04
3.43430486e-04
3.42797277e-04
3.42146834e-04
3.41494531e-04
3.40848490e-04
3.40197632e-04
3.39541926e-04
3.38885872e-04
3.38246219e-04
3.37624097e-04
3.37019523e-04
3.36422952e-04
3.35827469e-04
3.35230499e-04
3.34619500e-04
3.34000009e-04
3.33390220e-04
3.32793286e-04
3.32196395e-04
3.31587641e-04
3.30971325e-04
3.30360006e-04
3.29761769e-04
3.29180812e-04
3.28616156e-04
3.28053805e-04
3.27485545e-04
3.26914984e-04
3.26343772e-04
3.25776217e-04
3.25206002e-04
3.24640703e-04
3.24072610e-04
3.23509300e-04
3.22953206e-04
3.22383097e-04
3.21795830e-04
3.21223035e-04
3.20671161e-04
3.20137157e-04
3.19605705e-04
3.19069966e-04
3.18531842e-04
3.17984788e-04
3.17424276e-04
3.16861574e-04
3.16306210e-04
3.15764925e-04
3.15229350e-04
3.14685426e-04
3.14143367e-04
3.13613725e-04
3.13086302e-04
3.12562849e-04
3.12045954e-04
3.11526345e-04
3.11011104e-04
3.10511689e-04
3.10014739e-04
3.09509903e-04
3.09002105e-04
3.08496183e-04
3.07991231e-04
3.07475390e-04
3.06947455e-04
3.06429395e-04
3.05929069e-04
3.05441277e-04
3.04957737e-04
3.04466723e-04
3.03969696e-04
3.03469453e-04
3.02973736e-04
3.02483110e-04
3.01999840e-04
3.01518560e-04
3.01027096e-04
3.00530202e-04
3.00033781e-04
2.99544218e-04
2.99065751e-04
2.98592561e-04
2.98105830e-04
2.97611298e-04
2.97109607e-04
2.96602440e-04
2.96086400e-04
2.95568922e-04
2.95069948e-04
2.94570731e-04
2.94077924e-04
2.93600474e-04
2.93130395e-04
2.92647046e-04
2.92139086e-04
2.91623766e-04
2.91127044e-04
2.90657606e-04
2.90201715e-04
2.89744353e-04
2.89282577e-04
2.88812098e-04
2.88335376e-04
2.87865762e-04
2.87401274e-04
2.86935841e-04
2.86464386e-04
2.85999791e-04
2.85549311e-04
2.85102576e-04
2.84648865e-04
2.84190288e-04
2.83731717e-04
2.83276756e-04
2.82831088e-04
2.82394475e-04
2.81946983e-04
2.81497773e-04
2.81055639e-04
2.80618826e-04
2.80184967e-04
2.79753257e-04
2.79328178e-04
2.78910437e-04
2.78499018e-04
2.78092153e-04
2.77666480e-04
2.77229400e-04
2.76778416e-04
2.76324080e-04
2.75885280e-04
2.75465077e-04
2.75051046e-04
2.74626575e-04
2.74197286e-04
2.73767971e-04
2.73346319e-04
2.72930888e-04
2.72520727e-04
2.72125061e-04
2.71744642e-04
2.71368012e-04
2.70986109e-04
2.70590421e-04
2.70183588e-04
2.69769827e-04
2.69349154e-04
2.68930388e-04
2.68517549e-04
2.68106958e-04
2.67701068e-04
2.67302157e-04
2.66912492e-04
2.66527853e-04
2.66145394e-04
2.65776846e-04
2.65450628e-04
2.65152723e-04
2.64861010e-04
2.64551230e-04
2.64218898e-04
2.63858651e-04
2.63466785e-04
2.63054523e-04
2.62625736e-04
2.62185228e-04
2.61748794e-04
2.61325488e-04
2.60922934e-04
2.60544973e-04
2.60179889e-04
2.59817817e-04
2.59453264e-04
2.59092008e-04
2.58734623e-04
2.58384331e-04
2.58031504e-04
2.57673661e-04
2.57314412e-04
2.56958228e-04
2.56593271e-04
2.56212598e-04
2.55830313e-04
2.55445218e-04
2.55057542e-04
2.54669098e-04
2.54282580e-04
2.53885435e-04
2.53485356e-04
2.53088832e-04
2.52699434e-04
2.52315430e-04
2.51937294e-04
2.51562391e-04
2.51194556e-04
2.50835235e-04
2.50488122e-04
2.50148124e-04
2.49810897e-04
2.49472994e-04
2.49131317e-04
2.48788506e-04
2.48451973e-04
2.48123213e-04
2.47798896e-04
2.47476358e-04
2.47156648e-04
2.46835515e-04
2.46509347e-04
2.46179681e-04
2.45841335e-04
2.45490511e-04
2.45133398e-04
2.44769481e-04
2.44394384e-04
2.44008676e-04
2.43626073e-04
2.43256540e-04
2.42905944e-04
2.42572107e-04
2.42252769e-04
2.41938748e-04
2.41625083e-04
2.41313852e-04
2.41003477e-04
2.40688090e-04
2.40366089e-04
2.40020585e-04
2.39662233e-04
2.39309378e-04
2.38966121e-04
2.38628244e-04
2.38293878e-04
2.37964594e-04
2.37639145e-04
2.37313419e-04
2.36989208e-04
2.36667377e-04
2.36345915e-04
2.36016182e-04
2.35675228e-04
2.35334163e-04
2.35000360e-04
2.34670946e-04
2.34346679e-04
2.34025926e-04
2.33715258e-04
2.33419954e-04
2.33135129e-04
2.32851964e-04
2.32567226e-04
2.32278399e-04
2.31981748e-04
2.31679912e-04
2.31383514e-04
2.31090543e-04
2.30801025e-04
2.30506413e-04
2.30206368e-04
2.29900190e-04
2.29589148e-04
2.29282019e-04
2.28988760e-04
2.28705082e-04
2.28426419e-04
2.28142750e-04
2.27844825e-04
2.27543484e-04
2.27235452e-04
2.26921145e-04
2.26609424e-04
2.26305753e-04
2.26005739e-04
2.25706807e-04
2.25412294e-04
2.25126261e-04
2.24844228e-04
2.24549106e-04
2.24233547e-04
2.23910039e-04
2.23586819e-04
2.23262655e-04
2.22938174e-04
2.22617166e-04
2.22303632e-04
2.22000627e-04
2.21717001e-04
2.21449152e-04
2.21191616e-04
2.20938607e-04
2.20684544e-04
2.20427318e-04
2.20153556e-04
2.19866812e-04
2.19570042e-04
2.19268893e-04
2.18975112e-04
2.18694159e-04
2.18426879e-04
2.18167340e-04
2.17914268e-04
2.17649261e-04
2.17383563e-04
2.17128409e-04
2.16868552e-04
2.16607809e-04
2.16349712e-04
2.16095058e-04
2.15842182e-04
2.15590911e-04
2.15339657e-04
2.15086704e-04
2.14822489e-04
2.14548343e-04
2.14269152e-04
2.13982225e-04
2.13692512e-04
2.13404011e-04
2.13114963e-04
2.12822709e-04
2.12528999e-04
2.12233082e-04
2.11942406e-04
2.11666887e-04
2.11405514e-04
2.11148922e-04
2.10893896e-04
2.10645973e-04
2.10402209e-04
2.10155294e-04
2.09902974e-04
2.09641576e-04
2.09370639e-04
2.09094056e-04
2.08821256e-04
2.08557416e-04
2.08302853e-04
2.08054070e-04
2.07809367e-04
2.07567955e-04
2.07328706e-04
2.07086290e-04
2.06835821e-04
2.06583853e-04
2.06329140e-04
2.06073928e-04
2.05819479e-04
2.05567006e-04
2.05315550e-04
2.05067601e-04
2.04825145e-04
2.04586905e-04
2.04351472e-04
2.04119648e-04
2.03889304e-04
2.03656214e-04
2.03421456e-04
2.03186396e-04
2.02940147e-04
2.02686540e-04
2.02432180e-04
2.02179140e-04
2.01928601e-04
2.01680043e-04
2.01431359e-04
2.01185050e-04
2.00947639e-04
2.00719244e-04
2.00490053e-04
2.00258117e-04
2.00025568e-04
1.99786924e-04
1.99539967e-04
1.99284409e-04
1.99028136e-04
1.98779723e-04
1.98533393e-04
1.98288885e-04
1.98048997e-04
1.97820303e-04
1.97596587e-04
1.97376375e-04
1.97160327e-04
1.96938953e-04
1.96709210e-04
1.96474290e-04
1.96238039e-04
1.96001023e-04
1.95763056e-04
1.95525614e-04
1.95294267e-04
1.95074331e-04
1.94864312e-04
1.94662749e-04
1.94461062e-04
1.94252102e-04
1.94037510e-04
1.93822532e-04
1.93603931e-04
1.93383945e-04
1.93165575e-04
1.92947944e-04
1.92724929e-04
1.92497052e-04
1.92269314e-04
1.92044726e-04
1.91822088e-04
1.91600905e-04
1.91384032e-04
1.91172864e-04
1.90967956e-04
1.90760685e-04
1.90551931e-04
1.90339504e-04
1.90124657e-04
1.89905978e-04
1.89683244e-04
1.89462477e-04
1.89247094e-04
1.89034865e-04
1.88817820e-04
1.88595967e-04
1.88373742e-04
1.88156106e-04
1.87944500e-04
1.87736532e-04
1.87531999e-04
1.87331905e-04
1.87125022e-04
1.86910082e-04
1.86687193e-04
1.86459445e-04
1.86235914e-04
1.86018641e-04
1.85807695e-04
1.85602412e-04
1.85399610e-04
1.85198054e-04
1.84996975e-04
1.84796269e-04
1.84595740e-04
1.84393037e-04
1.84187973e-04
1.83980175e-04
1.83754582e-04
1.83524100e-04
1.83304619e-04
1.83099946e-04
1.82906624e-04
1.82716782e-04
1.82509179e-04
1.82298864e-04
1.82098729e-04
1.81909590e-04
1.81722080e-04
1.81518605e-04
1.81301308e-04
1.81082452e-04
1.80873796e-04
1.80675158e-04
1.80479466e-04
1.80280558e-04
1.80076908e-04
1.79871652e-04
1.79666784e-04
1.79463776e-04
1.79263034e-04
1.79065276e-04
1.78872418e-04
1.78679725e-04
1.78482128e-04
1.78282839e-04
1.78082398e-04
1.77878491e-04
1.77673528e-04
1.77469130e-04
1.77264624e-04
1.77058245e-04
1.76850839e-04
1.76642527e-04
1.76439351e-04
1.76244531e-04
1.76056325e-04
1.75872908e-04
1.75690964e-04
1.75508776e-04
1.75328420e-04
1.75151274e-04
1.74976813e-04
1.74803195e-04
1.74630839e-04
1.74459525e-04
1.74281924e-04
1.74095152e-04
1.73905009e-04
1.73703719e-04
1.73501147e-04
1.73306932e-04
1.73121924e-04
1.72938794e-04
1.72754479e-04
1.72568774e-04
1.72384201e-04
1.72199790e-04
1.72014360e-04
1.71827714e-04
1.71644270e-04
1.71464169e-04
1.71285404e-04
1.71104512e-04
1.70922538e-04
1.70739561e-04
1.70556460e-04
1.70381528e-04
1.70214504e-04
1.70050515e-04
1.69887987e-04
1.69726242e-04
1.69561834e-04
1.69395191e-04
1.69224637e-04
1.69051318e-04
1.68872773e-04
1.68684379e-04
1.68489672e-04
1.68293110e-04
1.68097560e-04
1.67905828e-04
1.67720678e-04
1.67540338e-04
1.67360319e-04
1.67179633e-04
1.66997822e-04
1.66814986e-04
1.66635195e-04
1.66459946e-04
1.66289314e-04
1.66119583e-04
1.65952127e-04
1.65789435e-04
1.65624099e-04
1.65456980e-04
1.65288779e-04
1.65118584e-04
1.64943864e-04
1.64769347e-04
1.64597840e-04
1.64429857e-04
1.64264988e-04
1.64101341e-04
1.63935924e-04
1.63765965e-04
1.63594757e-04
1.63422557e-04
1.63252677e-04
1.63087189e-04
1.62924810e-04
1.62764372e-04
1.62604192e-04
1.62444492e-04
1.62276547e-04
1.62102800e-04
1.61928793e-04
1.61758613e-04
1.61593312e-04
1.61428069e-04
1.61263917e-04
1.61101608e-04
1.60938819e-04
1.60774478e-04
1.60611182e-04
1.60449873e-04
1.60289443e-04
1.60122567e-04
1.59942686e-04
1.59758367e-04
1.59578177e-04
1.59406395e-04
1.59242608e-04
1.59084033e-04
1.58929030e-04
1.58776657e-04
1.58618549e-04
1.58457212e-04
1.58293117e-04
1.58128504e-04
1.57965389e-04
1.57804449e-04
1.57643014e-04
1.57482016e-04
1.57321598e-04
1.57162419e-04
1.57000393e-04
1.56835445e-04
1.56671999e-04
1.56515611e-04
1.56363660e-04
1.56212959e-04
1.56061513e-04
1.55909736e-04
1.55757923e-04
1.55604327e-04
1.55444590e-04
1.55284990e-04
1.55129547e-04
1.54980485e-04
1.54833514e-04
1.54683112e-04
1.54531328e-04
1.54381613e-04
1.54238818e-04
1.54098013e-04
1.53952279e-04
1.53800993e-04
1.53645679e-04
1.53486386e-04
1.53326007e-04
1.53168722e-04
1.53012983e-04
1.52855181e-04
1.52695691e-04
1.52527429e-04
1.52363166e-04
1.52208562e-04
1.52062417e-04
1.51920015e-04
1.51776344e-04
1.51627550e-04
1.51474789e-04
1.51320634e-04
1.51167449e-04
1.51014911e-04
1.50863085e-04
1.50711899e-04
1.50559644e-04
1.50407630e-04
1.50258942e-04
1.50112914e-04
1.49967713e-04
1.49822539e-04
1.49679503e-04
1.49539219e-04
1.49399385e-04
1.49253814e-04
1.49105122e-04
1.48956247e-04
1.48807623e-04
1.48657495e-04
1.48505695e-04
1.48350644e-04
1.48190753e-04
1.48031735e-04
1.47878187e-04
1.47726246e-04
1.47574673e-04
1.47422708e-04
1.47272096e-04
1.47123814e-04
1.46978767e-04
1.46838430e-04
1.46702443e-04
1.46569078e-04
1.46435894e-04
1.46300893e-04
1.46163851e-04
1.46024830e-04
1.45885497e-04
1.45749100e-04
1.45615215e-04
1.45479009e-04
1.45340460e-04
1.45202327e-04
1.45056809e-04
1.44908705e-04
1.44755236e-04
1.44597980e-04
1.44444289e-04
1.44294602e-04
1.44146892e-04
1.43999643e-04
1.43852254e-04
1.43704616e-04
1.43557718e-04
1.43413922e-04
1.43273252e-04
1.43133715e-04
1.42993531e-04
1.42853436e-04
1.42713232e-04
1.42573656e-04
1.42437333e-04
1.42304535e-04
1.42174304e-04
1.42045365e-04
1.41918243e-04
1.41791987e-04
1.41666197e-04
1.41541841e-04
1.41418006e-04
1.41292956e-04
1.41166543e-04
1.41030525e-04
1.40888968e-04
1.40746872e-04
1.40602674e-04
1.40454868e-04
1.40306056e-04
1.40161240e-04
1.40021418e-04
1.39886110e-04
1.39751866e-04
1.39618947e-04
1.39488296e-04
1.39359830e-04
1.39232667e-04
1.39104413e-04
1.38976703e-04
1.38848812e-04
1.38720669e-04
1.38593250e-04
1.38464666e-04
1.38335429e-04
1.38206689e-04
1.38079281e-04
1.37952784e-04
1.37825136e-04
1.37695085e-04
1.37564169e-04
1.37433467e-04
1.37301959e-04
1.37167860e-04
1.37034226e-04
1.36903273e-04
1.36775196e-04
1.36650544e-04
1.36529215e-04
1.36411279e-04
1.36295796e-04
1.36180262e-04
1.36062212e-04
1.35939579e-04
1.35812632e-04
1.35683097e-04
1.35551235e-04
1.35418444e-04
1.35288341e-04
1.35160372e-04
1.35033546e-04
1.34905173e-04
1.34776502e-04
1.34653117e-04
1.34534961e-04
1.34418799e-04
1.34300870e-04
1.34178591e-04
1.34052142e-04
1.33922140e-04
1.33793245e-04
1.33668214e-04
1.33544423e-04
1.33422874e-04
1.33306608e-04
1.33193913e-04
1.33081638e-04
1.32969304e-04
1.32855934e-04
1.32740816e-04
1.32623984e-04
1.32507590e-04
1.32393647e-04
1.32282278e-04
1.32170515e-04
1.32052419e-04
1.31927660e-04
1.31802972e-04
1.31681659e-04
1.31562091e-04
1.31435444e-04
1.31304674e-04
1.31175484e-04
1.31047202e-04
1.30920163e-04
1.30793565e-04
1.30667915e-04
1.30545806e-04
1.30427389e-04
1.30310459e-04
1.30192862e-04
1.30072198e-04
1.29949928e-04
1.29828649e-04
1.29710126e-04
1.29593084e-04
1.29475681e-04
1.29358129e-04
1.29240784e-04
1.29120688e-04
1.29000186e-04
1.28879725e-04
1.28758794e-04
1.28640945e-04
1.28524831e-04
1.28409134e-04
1.28294274e-04
1.28181079e-04
1.28067674e-04
1.27955186e-04
1.27844404e-04
1.27734232e-04
1.27624596e-04
1.27514339e-04
1.27403413e-04
1.27291437e-04
1.27174967e-04
1.27053383e-04
1.26929154e-04
1.26806035e-04
1.26684142e-04
1.26563530e-04
1.26443852e-04
1.26324033e-04
1.26202840e-04
1.26080602e-04
1.25959217e-04
1.25841862e-04
1.25729152e-04
1.25616470e-04
1.25503546e-04
1.25389307e-04
1.25273721e-04
1.25156052e-04
1.25038931e-04
1.24925525e-04
1.24815980e-04
1.24707830e-04
1.24600637e-04
1.24493170e-04
1.24384688e-04
1.24275763e-04
1.24167365e-04
1.24063498e-04
1.23962178e-04
1.23860544e-04
1.23756861e-04
1.23650432e-04
1.23539583e-04
1.23423999e-04
1.23307379e-04
1.23194283e-04
1.23083358e-04
1.22974465e-04
1.22865750e-04
1.22755686e-04
1.22644517e-04
1.22529348e-04
1.22412571e-04
1.22299594e-04
1.22191602e-04
1.22086059e-04
1.21980323e-04
1.21873710e-04
1.21767362e-04
1.21660901e-04
1.21549959e-04
1.21434755e-04
1.21320115e-04
1.21207686e-04
1.21096830e-04
1.20987310e-04
1.20878950e-04
1.20771928e-04
1.20664629e-04
1.20556004e-04
1.20447477e-04
1.20340489e-04
1.20233398e-04
1.20126193e-04
1.20018591e-04
1.19910236e-04
1.19802240e-04
1.19694604e-04
1.19587238e-04
1.19480796e-04
1.19374320e-04
1.19267894e-04
1.19162007e-04
1.19056306e-04
1.18949078e-04
1.18842025e-04
1.18735028e-04
1.18628652e-04
1.18522205e-04
1.18415125e-04
1.18308562e-04
1.18203177e-04
1.18098366e-04
1.17994475e-04
1.17890312e-04
1.17786401e-04
1.17683396e-04
1.17580038e-04
1.17477161e-04
1.17375046e-04
1.17273100e-04
1.17170304e-04
1.17062965e-04
1.16955993e-04
1.16853711e-04
1.16755577e-04
1.16659083e-04
1.16561939e-04
1.16463590e-04
1.16364943e-04
1.16266301e-04
1.16167407e-04
1.16067634e-04
1.15966030e-04
1.15862769e-04
1.15757637e-04
1.15653234e-04
1.15553779e-04
1.15459044e-04
1.15366000e-04
1.15272863e-04
1.15178377e-04
1.15079836e-04
1.14977853e-04
1.14875446e-04
1.14773821e-04
1.14673680e-04
1.14575716e-04
1.14480351e-04
1.14387047e-04
1.14292893e-04
1.14196297e-04
1.14100220e-04
1.14004787e-04
1.13909512e-04
1.13815633e-04
1.13721961e-04
1.13628037e-04
1.13533155e-04
1.13437453e-04
1.13342236e-04
1.13247041e-04
1.13151526e-04
1.13055617e-04
1.12958476e-04
1.12860419e-04
1.12762817e-04
1.12664773e-04
1.12568263e-04
1.12472627e-04
1.12376836e-04
1.12281037e-04
1.12185591e-04
1.12091058e-04
1.11997288e-04
1.11898525e-04
1.11798215e-04
1.11700804e-04
1.11606812e-04
1.11515642e-04
1.11427086e-04
1.11339592e-04
1.11249443e-04
1.11156951e-04
1.11060283e-04
1.10961914e-04
1.10863462e-04
1.10765343e-04
1.10669115e-04
1.10573213e-04
1.10477943e-04
1.10384286e-04
1.10291698e-04
1.10198955e-04
1.10105867e-04
1.10012976e-04
1.09920017e-04
1.09826893e-04
1.09733411e-04
1.09640524e-04
1.09548062e-04
1.09456478e-04
1.09365913e-04
1.09274844e-04
1.09183793e-04
1.09094086e-04
1.09006143e-04
1.08920765e-04
1.08837437e-04
1.08755706e-04
1.08673622e-04
1.08590574e-04
1.08506159e-04
1.08421071e-04
1.08336038e-04
1.08251041e-04
1.08166020e-04
1.08081839e-04
1.07993815e-04
1.07899531e-04
1.07803980e-04
1.07710656e-04
1.07619902e-04
1.07527446e-04
1.07434428e-04
1.07343441e-04
1.07255176e-04
1.07169727e-04
1.07083836e-04
1.06994730e-04
1.06902796e-04
1.06809417e-04
1.06715192e-04
1.06618630e-04
1.06522268e-04
1.06427765e-04
1.06336036e-04
1.06247070e-04
1.06159803e-04
1.06073137e-04
1.05986924e-04
1.05901542e-04
1.05816929e-04
1.05732924e-04
1.05645647e-04
1.05555225e-04
1.05464511e-04
1.05375778e-04
1.05286792e-04
1.05197295e-04
1.05108934e-04
1.05021972e-04
1.04936568e-04
1.04851807e-04
1.04766309e-04
1.04679956e-04
1.04592186e-04
1.04504880e-04
1.04417849e-04
1.04331841e-04
1.04247095e-04
1.04162900e-04
1.04078448e-04
1.03993262e-04
1.03907479e-04
1.03822036e-04
1.03735847e-04
1.03649996e-04
1.03565755e-04
1.03483782e-04
1.03403485e-04
1.03323284e-04
1.03241549e-04
1.03158651e-04
1.03075238e-04
1.02991938e-04
1.02909295e-04
1.02825135e-04
1.02739157e-04
1.02653447e-04
1.02568907e-04
1.02485509e-04
1.02402838e-04
1.02319359e-04
1.02235584e-04
1.02153450e-04
1.02071784e-04
1.01991494e-04
1.01912551e-04
1.01833534e-04
1.01752243e-04
1.01670176e-04
1.01588319e-04
1.01502837e-04
1.01416432e-04
1.01332338e-04
1.01250628e-04
1.01170059e-04
1.01089770e-04
1.01009414e-04
1.00927927e-04
1.00846494e-04
1.00765989e-04
1.00686390e-04
1.00606047e-04
1.00523255e-04
1.00439894e-04
1.00357481e-04
1.00276651e-04
1.00196857e-04
1.00117675e-04
1.00037234e-04
9.99553754e-05
