-20580.226
-20580.179
-20580.18
-20580.212
-20580.255
-20580.287
-20580.286
-20580.279
-20580.279
-20580.287
-20580.298
-20580.306
-20580.306
-20580.304
-20580.304
-20580.307
-20580.311
-20580.314
-20580.314
-20580.314
-20580.315
-20580.316
-20580.318
-20580.319
-20580.319
-20580.32
-20580.32
-20580.321
-20580.321
-20580.322
-20580.322
-20580.323
-20580.323
-20580.324
-20580.324
-20580.324
-20580.325
-20580.325
-20580.325
-20580.326
-20580.326
-20580.326
-20580.326
-20580.327
-20580.327
-20580.327
-20580.327
-20580.327
-20580.328
-20580.328
-20580.328
-20580.328
-20580.328
-20580.329
-20580.329
-20580.329
-20580.329
-20580.329
-20580.329
-20580.329
-20580.329
-20580.33
-20580.33
-20580.33
-20580.33
-20580.33
-20580.33
-20580.33
-20580.33
-20580.33
-20580.331
-20580.331
-20580.331
-20580.331
-20580.331
-20580.331
-20580.331
-20580.331
-20580.331
-20580.331
-20580.331
-20580.332
-20580.332
-20580.332
-20580.332
-20580.332
-20580.332
-20580.332
-20580.332
-20580.332
-20580.332
-20580.332
-20580.332
-20580.332
-20580.332
-20580.332
-20580.332
-20580.333
-20580.333
-20580.333
-20580.333
-20580.333
-20580.333
-20580.333
-20580.333
-20580.333
-20580.333
-20580.333
-20580.333
-20580.333
-20580.333
-20580.333
-20580.333
-20580.333
-20580.333
-20580.333
-20580.333
-20580.333
-20580.333
-20580.334
-20580.334
-20580.334
-20580.334
-20580.334
-20580.334
-20580.334
-20580.334
-20580.334
-20580.334
-20580.334
-20580.334
-20580.334
-20580.334
-20580.334
-20580.334
-20580.334
-20580.334
-20580.334
-20580.334
-20580.334
-20580.334
-20580.334
-20580.334
-20580.334
-20580.334
-20580.334
-20580.334
-20580.334
-20580.334
-20580.334
-20580.335
-20580.335
-20580.335
-20580.335
-20580.335
-20580.335
-20580.335
-20580.335
-20580.335
-20580.335
-20580.335
-20580.335
-20580.335
-20580.335
-20580.335
-20580.335
-20580.335
-20580.335
-20580.335
-20580.335
-20580.335
-20580.335
-20580.335
-20580.335
-20580.335
-20580.335
-20580.335
-20580.335
-20580.335
-20580.335
-20580.335
-20580.335
-20580.335
-20580.335
-20580.335
-20580.335
-20580.335
-20580.335
-20580.335
-20580.335
-20580.335
-20580.335
-20580.335
-20580.335
-20580.335
-20580.335
-20580.335
-20580.335
-20580.335
-20580.336
-20580.336
-20580.336
-20580.336
-20580.336
-20580.336
-20580.336
-20580.336
-20580.336
-20580.336
-20580.336
-20580.336
-20580.336
-20580.336
-20580.336
-20580.336
-20580.336
-20580.336
-20580.336
-20580.336
-20580.336
-20580.336
-20580.336
-20580.336
-20580.336
-20580.336
-20580.336
-20580.336
-20580.336
-20580.336
-20580.336
-20580.336
-20580.336
-20580.336
-20580.336
-20580.336
-20580.336
-20580.336
-20580.336
-20580.336
-20580.336
-20580.336
-20580.336
-20580.336
-20580.336
-20580.336
-20580.336
-20580.336
-20580.336
-20580.336
-20580.336
-20580.336
-20580.336
-20580.336
-20580.336
-20580.336
-20580.336
-20580.336
-20580.336
-20580.336
-20580.336
-20580.336
-20580.336
-20580.336
-20580.336
-20580.336
-20580.336
-20580.336
-20580.336
-20580.336
-20580.336
-20580.336
-20580.336
-20580.336
-20580.337
-20580.337
-20580.337
-20580.337
-20580.337
-20580.337
-20580.337
-20580.337
-20580.337
-20580.337
-20580.337
-20580.337
-20580.337
-20580.337
-20580.337
-20580.337
-20580.337
-20580.337
-20580.337
-20580.337
-20580.337
-20580.337
-20580.337
-20580.337
-20580.337
-20580.337
-20580.337
-20580.337
-20580.337
-20580.337
-20580.337
-20580.337
-20580.337
-20580.337
-20580.337
-20580.337
-20580.337
-20580.337
-20580.337
-20580.337
-20580.337
-20580.337
-20580.337
-20580.337
-20580.337
-20580.337
-20580.337
-20580.337
-20580.337
-20580.337
-20580.337
-20580.337
-20580.337
-20580.337
-20580.337
-20580.337
-20580.337
-20580.337
-20580.337
-20580.337
-20580.337
-20580.337
-20580.337
-20580.337
-20580.337
-20580.337
-20580.337
-20580.337
-20580.337
-20580.337
-20580.337
-20580.337
-20580.337
-20580.337
-20580.337
-20580.337
-20580.337
-20580.337
-20580.337
-20580.337
-20580.337
-20580.337
-20580.337
-20580.337
-20580.337
-20580.337
-20580.337
-20580.337
-20580.337
-20580.337
-20580.337
-20580.337
-20580.337
-20580.337
-20580.337
-20580.337
-20580.337
-20580.337
-20580.337
-20580.337
-20580.337
-20580.337
-20580.337
-20580.337
-20580.337
-20580.337
-20580.337
-20580.337
-20580.337
-20580.337
-20580.337
-20580.337
-20580.337
-20580.338
-20580.338
-20580.338
-20580.338
-20580.338
-20580.338
-20580.338
-20580.338
-20580.338
-20580.338
-20580.338
-20580.338
-20580.338
-20580.338
-20580.338
-20580.338
-20580.338
-20580.338
-20580.338
-20580.338
-20580.338
-20580.338
-20580.338
-20580.338
-20580.338
-20580.338
-20580.338
-20580.338
-20580.338
-20580.338
-20580.338
-20580.338
-20580.338
-20580.338
-20580.338
-20580.338
-20580.338
-20580.338
-20580.338
-20580.338
-20580.338
-20580.338
-20580.338
-20580.338
-20580.338
-20580.338
-20580.338
-20580.338
-20580.338
-20580.338
-20580.338
-20580.338
-20580.338
-20580.338
-20580.338
-20580.338
-20580.338
-20580.338
-20580.338
-20580.338
-20580.338
-20580.338
-20580.338
-20580.338
-20580.338
-20580.338
-20580.338
-20580.338
-20580.338
-20580.338
-20580.338
-20580.338
-20580.338
-20580.338
-20580.338
-20580.338
-20580.338
-20580.338
-20580.338
-20580.338
-20580.338
-20580.338
-20580.338
-20580.338
-20580.338
-20580.338
-20580.338
-20580.338
-20580.338
-20580.338
-20580.338
-20580.338
-20580.338
-20580.338
-20580.338
-20580.338
-20580.338
-20580.338
-20580.338
-20580.338
-20580.338
-20580.338
-20580.338
-20580.338
-20580.338
-20580.338
-20580.338
-20580.338
-20580.338
-20580.338
-20580.338
-20580.338
-20580.338
-20580.338
-20580.338
-20580.338
-20580.338
-20580.338
-20580.338
-20580.338
-20580.338
-20580.338
-20580.338
-20580.338
-20580.338
-20580.338
-20580.338
-20580.338
-20580.338
-20580.338
-20580.338
-20580.338
-20580.338
-20580.338
-20580.338
-20580.338
-20580.338
-20580.338
-20580.338
-20580.338
-20580.338
-20580.338
-20580.338
-20580.338
-20580.338
-20580.338
-20580.338
-20580.338
-20580.338
-20580.338
-20580.338
-20580.338
-20580.338
-20580.338
-20580.338
-20580.338
-20580.338
-20580.338
-20580.338
-20580.338
-20580.338
-20580.338
-20580.338
-20580.338
-20580.338
-20580.338
-20580.338
-20580.338
-20580.338
-20580.338
-20580.338
-20580.338
-20580.338
-20580.338
-20580.338
-20580.338
-20580.338
-20580.338
-20580.339
-20580.339
-20580.339
-20580.339
-20580.339
-20580.339
-20580.339
-20580.339
-20580.339
-20580.339
-20580.339
-20580.339
-20580.339
-20580.339
-20580.339
-20580.339
-20580.339
-20580.339
-20580.339
-20580.339
-20580.339
-20580.339
-20580.339
-20580.339
-20580.339
-20580.339
-20580.339
-20580.339
-20580.339
-20580.339
-20580.339
-20580.339
-20580.339
-20580.339
-20580.339
-20580.339
-20580.339
-20580.339
-20580.339
-20580.339
-20580.339
-20580.339
-20580.339
-20580.339
-20580.339
-20580.339
-20580.339
-20580.339
-20580.339
-20580.339
-20580.339
-20580.339
-20580.339
-20580.339
-20580.339
-20580.339
-20580.339
-20580.339
-20580.339
-20580.339
-20580.339
-20580.339
-20580.339
-20580.339
-20580.339
-20580.339
-20580.339
-20580.339
-20580.339
-20580.339
-20580.339
-20580.339
-20580.339
-20580.339
-20580.339
-20580.339
-20580.339
-20580.339
-20580.339
-20580.339
-20580.339
-20580.339
-20580.339
-20580.339
-20580.339
-20580.339
-20580.339
-20580.339
-20580.339
-20580.339
-20580.339
-20580.339
-20580.339
-20580.339
-20580.339
-20580.339
-20580.339
-20580.339
-20580.339
-20580.339
-20580.339
-20580.339
-20580.339
-20580.339
-20580.339
-20580.339
-20580.339
-20580.339
-20580.339
-20580.339
-20580.339
-20580.339
-20580.339
-20580.339
-20580.339
-20580.339
-20580.339
-20580.339
-20580.339
-20580.339
-20580.339
-20580.339
-20580.339
-20580.339
-20580.339
-20580.339
-20580.339
-20580.339
-20580.339
-20580.339
-20580.339
-20580.339
-20580.339
-20580.339
-20580.339
-20580.339
-20580.339
-20580.339
-20580.339
-20580.339
-20580.339
-20580.339
-20580.339
-20580.339
-20580.339
-20580.339
-20580.339
-20580.339
-20580.339
-20580.339
-20580.339
-20580.339
-20580.339
-20580.339
-20580.339
-20580.339
-20580.339
-20580.339
-20580.339
-20580.339
-20580.339
-20580.339
-20580.339
-20580.339
-20580.339
-20580.339
-20580.339
-20580.339
-20580.339
-20580.339
-20580.339
-20580.339
-20580.339
-20580.339
-20580.339
-20580.339
-20580.339
-20580.339
-20580.339
-20580.339
-20580.339
-20580.339
-20580.339
-20580.339
-20580.339
-20580.339
-20580.339
-20580.339
-20580.339
-20580.339
-20580.339
-20580.339
-20580.339
-20580.339
-20580.339
-20580.339
-20580.339
-20580.339
-20580.339
-20580.339
-20580.339
-20580.339
-20580.339
-20580.339
-20580.339
-20580.339
-20580.339
-20580.339
-20580.339
-20580.339
-20580.339
-20580.339
-20580.339
-20580.339
-20580.339
-20580.339
-20580.339
-20580.339
-20580.339
-20580.339
-20580.339
-20580.339
-20580.339
-20580.339
-20580.339
-20580.339
-20580.339
-20580.339
-20580.339
-20580.339
-20580.339
-20580.339
-20580.339
-20580.339
-20580.339
-20580.339
-20580.339
-20580.339
-20580.339
-20580.339
-20580.339
-20580.339
-20580.339
-20580.339
-20580.339
-20580.339
-20580.339
-20580.339
-20580.339
-20580.339
-20580.339
-20580.339
-20580.339
-20580.339
-20580.339
-20580.339
-20580.339
-20580.339
-20580.339
-20580.339
-20580.339
-20580.339
-20580.339
-20580.339
-20580.339
-20580.339
-20580.339
-20580.339
-20580.339
-20580.339
-20580.339
-20580.339
-20580.339
-20580.339
-20580.339
-20580.339
-20580.339
-20580.339
-20580.339
-20580.339
-20580.339
-20580.339
-20580.339
-20580.339
-20580.339
-20580.339
-20580.339
-20580.339
-20580.339
-20580.339
-20580.339
-20580.339
-20580.339
-20580.339
-20580.339
-20580.339
-20580.339
-20580.339
-20580.339
-20580.339
-20580.339
-20580.339
-20580.339
-20580.339
-20580.339
-20580.339
-20580.339
-20580.339
-20580.339
-20580.339
-20580.339
-20580.339
-20580.339
-20580.339
-20580.339
-20580.339
-20580.339
-20580.34
-20580.34
-20580.34
-20580.34
-20580.34
-20580.34
-20580.34
-20580.34
-20580.34
-20580.34
-20580.34
-20580.34
-20580.34
-20580.34
-20580.34
-20580.34
-20580.34
-20580.34
-20580.34
-20580.34
-20580.34
-20580.34
-20580.34
-20580.34
-20580.34
-20580.34
-20580.34
-20580.34
-20580.34
-20580.34
-20580.34
-20580.34
-20580.34
-20580.34
-20580.34
-20580.34
-20580.34
-20580.34
-20580.34
-20580.34
-20580.34
-20580.34
-20580.34
-20580.34
-20580.34
-20580.34
-20580.34
-20580.34
-20580.34
-20580.34
-20580.34
-20580.34
-20580.34
-20580.34
-20580.34
-20580.34
-20580.34
-20580.34
-20580.34
-20580.34
-20580.34
-20580.34
-20580.34
-20580.34
-20580.34
-20580.34
-20580.34
-20580.34
-20580.34
-20580.34
-20580.34
-20580.34
-20580.34
-20580.34
-20580.34
-20580.34
-20580.34
-20580.34
-20580.34
-20580.34
-20580.34
-20580.34
-20580.34
-20580.34
-20580.34
-20580.34
-20580.34
-20580.34
-20580.34
-20580.34
-20580.34
-20580.34
-20580.34
-20580.34
-20580.34
-20580.34
-20580.34
-20580.34
-20580.34
-20580.34
-20580.34
-20580.34
-20580.34
-20580.34
-20580.34
-20580.34
-20580.34
-20580.34
-20580.34
-20580.34
-20580.34
-20580.34
-20580.34
-20580.34
-20580.34
-20580.34
-20580.34
-20580.34
-20580.34
-20580.34
-20580.34
-20580.34
-20580.34
-20580.34
-20580.34
-20580.34
-20580.34
-20580.34
-20580.34
-20580.34
-20580.34
-20580.34
-20580.34
-20580.34
-20580.34
-20580.34
-20580.34
-20580.34
-20580.34
-20580.34
-20580.34
-20580.34
-20580.34
-20580.34
-20580.34
-20580.34
-20580.34
-20580.34
-20580.34
-20580.34
-20580.34
-20580.34
-20580.34
-20580.34
-20580.34
-20580.34
-20580.34
-20580.34
-20580.34
-20580.34
-20580.34
-20580.34
-20580.34
-20580.34
-20580.34
-20580.34
-20580.34
-20580.34
-20580.34
-20580.34
-20580.34
-20580.34
-20580.34
-20580.34
-20580.34
-20580.34
-20580.34
-20580.34
-20580.34
-20580.34
-20580.34
-20580.34
-20580.34
-20580.34
-20580.34
-20580.34
-20580.34
-20580.34
-20580.34
-20580.34
-20580.34
-20580.34
-20580.34
-20580.34
-20580.34
-20580.34
-20580.34
-20580.34
-20580.34
-20580.34
-20580.34
-20580.34
-20580.34
-20580.34
-20580.34
-20580.34
-20580.34
-20580.34
-20580.34
-20580.34
-20580.34
-20580.34
-20580.34
-20580.34
-20580.34
-20580.34
-20580.34
-20580.34
-20580.34
-20580.34
-20580.34
-20580.34
-20580.34
-20580.34
-20580.34
-20580.34
-20580.34
-20580.34
-20580.34
-20580.34
-20580.34
-20580.34
-20580.34
-20580.34
-20580.34
-20580.34
-20580.34
-20580.34
-20580.34
-20580.34
-20580.34
-20580.34
-20580.34
-20580.34
-20580.34
-20580.34
-20580.34
-20580.34
-20580.34
-20580.34
-20580.34
-20580.34
-20580.34
-20580.34
-20580.34
-20580.34
-20580.34
-20580.34
-20580.34
-20580.34
-20580.34
-20580.34
-20580.34
-20580.34
-20580.34
-20580.34
-20580.34
-20580.34
-20580.34
-20580.34
-20580.34
-20580.34
-20580.34
-20580.34
-20580.34
-20580.34
-20580.34
-20580.34
-20580.34
-20580.34
-20580.34
-20580.34
-20580.34
-20580.34
-20580.34
-20580.34
-20580.34
-20580.34
-20580.34
-20580.34
-20580.34
-20580.34
-20580.34
-20580.34
-20580.34
-20580.34
-20580.34
-20580.34
-20580.34
-20580.34
-20580.34
-20580.34
-20580.34
-20580.34
-20580.34
-20580.34
-20580.34
-20580.34
-20580.34
-20580.34
-20580.34
-20580.34
-20580.34
-20580.34
-20580.34
-20580.34
-20580.34
-20580.34
-20580.34
-20580.34
-20580.34
-20580.34
-20580.34
-20580.34
-20580.34
-20580.34
-20580.34
-20580.34
-20580.34
-20580.34
-20580.34
-20580.34
-20580.34
-20580.34
-20580.34
-20580.34
-20580.34
-20580.34
-20580.34
-20580.34
-20580.34
-20580.34
-20580.34
-20580.34
-20580.34
-20580.34
-20580.34
-20580.34
-20580.34
-20580.34
-20580.34
-20580.34
-20580.34
-20580.34
-20580.34
-20580.34
-20580.34
-20580.34
-20580.34
-20580.34
-20580.34
-20580.34
-20580.34
-20580.34
-20580.34
-20580.34
-20580.34
-20580.34
-20580.34
-20580.34
-20580.34
-20580.34
-20580.34
-20580.34
-20580.34
-20580.34
-20580.34
-20580.34
-20580.34
-20580.34
-20580.34
-20580.34
-20580.34
-20580.34
-20580.34
-20580.34
-20580.34
-20580.34
-20580.34
-20580.34
-20580.34
-20580.34
-20580.34
-20580.34
-20580.34
-20580.34
-20580.34
-20580.34
-20580.34
-20580.34
-20580.34
-20580.34
-20580.34
-20580.34
-20580.34
-20580.34
-20580.34
-20580.34
-20580.34
-20580.34
-20580.34
-20580.34
-20580.34
-20580.34
-20580.34
-20580.34
-20580.34
-20580.34
-20580.34
-20580.34
-20580.34
-20580.34
-20580.34
-20580.34
-20580.34
-20580.34
-20580.34
-20580.34
-20580.34
-20580.34
-20580.34
-20580.34
-20580.34
-20580.34
-20580.34
-20580.34
-20580.34
-20580.34
-20580.34
-20580.34
-20580.34
-20580.34
-20580.34
-20580.34
-20580.34
-20580.34
-20580.34
-20580.34
-20580.34
-20580.34
-20580.34
-20580.34
-20580.34
-20580.34
-20580.34
-20580.34
-20580.34
-20580.34
-20580.34
-20580.34
-20580.34
-20580.34
-20580.34
-20580.34
-20580.34
-20580.34
-20580.34
-20580.34
-20580.34
-20580.34
-20580.34
-20580.34
-20580.34
-20580.34
-20580.34
-20580.34
-20580.34
-20580.34
-20580.34
-20580.34
-20580.34
-20580.34
-20580.34
-20580.34
-20580.34
-20580.34
-20580.34
-20580.34
-20580.34
-20580.34
-20580.34
-20580.34
-20580.34
-20580.34
-20580.34
-20580.34
-20580.34
-20580.34
-20580.34
-20580.34
-20580.34
-20580.34
-20580.34
-20580.34
-20580.34
-20580.34
-20580.34
-20580.34
-20580.34
-20580.34
-20580.34
-20580.34
-20580.34
-20580.34
-20580.34
-20580.34
-20580.34
-20580.34
-20580.34
-20580.34
-20580.34
-20580.34
-20580.34
-20580.34
-20580.34
-20580.34
-20580.34
-20580.34
-20580.34
-20580.34
-20580.34
-20580.34
-20580.34
-20580.34
-20580.34
-20580.34
-20580.34
-20580.34
-20580.34
-20580.34
-20580.34
-20580.34
-20580.34
-20580.34
-20580.34
-20580.34
-20580.34
-20580.34
-20580.34
-20580.34
-20580.34
-20580.34
-20580.34
-20580.34
-20580.34
-20580.34
-20580.34
-20580.34
-20580.34
-20580.34
-20580.34
-20580.34
-20580.34
-20580.34
-20580.34
-20580.34
-20580.34
-20580.34
-20580.34
-20580.34
-20580.34
-20580.34
-20580.34
-20580.34
-20580.34
-20580.34
-20580.34
-20580.34
-20580.34
-20580.34
-20580.34
-20580.34
-20580.34
-20580.34
-20580.34
-20580.34
-20580.34
-20580.34
-20580.34
-20580.34
-20580.34
-20580.34
-20580.34
-20580.34
-20580.34
-20580.34
-20580.34
-20580.34
-20580.34
-20580.34
-20580.34
-20580.34
-20580.34
-20580.34
-20580.34
-20580.34
-20580.34
-20580.34
-20580.34
-20580.34
-20580.34
-20580.34
-20580.34
-20580.34
-20580.34
-20580.34
-20580.34
-20580.34
-20580.34
-20580.34
-20580.34
-20580.34
-20580.34
-20580.34
-20580.34
-20580.34
-20580.34
-20580.34
-20580.34
-20580.34
-20580.34
-20580.34
-20580.34
-20580.34
-20580.34
-20580.34
