1.1738787
1.2351
1.0977929
0.80414335
0.42437513
0.033429126
-0.29224527
-0.43948351
-0.55643106
-0.68925171
-0.84165379
-1.0018335
-1.1423258
-1.2516598
-1.336203
-1.4193845
-1.5002094
-1.5612227
-1.6109202
-1.6555261
-1.7000098
-1.7466058
-1.7931657
-1.8404892
-1.8740462
-1.8970922
-1.9137059
-1.929437
-1.9436764
-1.950859
-1.9595614
-1.9721346
-1.9864252
-2.0006872
-2.0128077
-2.0238036
-2.0343413
-2.0461225
-2.055904
-2.0638613
-2.067882
-2.0689465
-2.0706716
-2.0741295
-2.077235
-2.0807365
-2.083818
-2.0878335
-2.0927083
-2.0983371
-2.1042831
-2.1090329
-2.1129234
-2.116068
-2.1186098
-2.1206571
-2.1225871
-2.1250127
-2.1275989
-2.1303875
-2.1332234
-2.1355278
-2.1370394
-2.1388616
-2.1407938
-2.1424779
-2.1440652
-2.1457269
-2.1474172
-2.1491091
-2.1506184
-2.1519356
-2.1535495
-2.1553636
-2.1570899
-2.1587668
-2.1602288
-2.1615396
-2.1626936
-2.1637679
-2.1649569
-2.16611
-2.1671308
-2.168094
-2.1691083
-2.1701697
-2.17126
-2.1723095
-2.1732894
-2.1742312
-2.1751169
-2.1759639
-2.176788
-2.1775744
-2.1783927
-2.1792269
-2.1799897
-2.1807993
-2.1815577
-2.1823404
-2.1830928
-2.1837857
-2.1844058
-2.1849752
-2.1854829
-2.1860221
-2.1866582
-2.1873936
-2.1881888
-2.188962
-2.1896749
-2.1903549
-2.1909856
-2.1915697
-2.1921485
-2.1927413
-2.1933449
-2.1939527
-2.1945564
-2.1951516
-2.195732
-2.1962967
-2.1968471
-2.1973839
-2.1979107
-2.198431
-2.1989496
-2.1994648
-2.1999042
-2.2003373
-2.2007883
-2.2012515
-2.2017299
-2.2022175
-2.2027063
-2.2031669
-2.2036177
-2.2040584
-2.2044822
-2.2049022
-2.2053213
-2.2057415
-2.2061288
-2.2057591
-2.2055453
-2.2054384
-2.205492
-2.2057604
-2.2062485
-2.2069187
-2.2076236
-2.2082786
-2.2089318
-2.2092683
-2.2093615
-2.2094316
-2.2095885
-2.2098792
-2.2102937
-2.2107878
-2.2112903
-2.211698
-2.2119619
-2.2121468
-2.2123178
-2.2125242
-2.2127731
-2.213056
-2.2133618
-2.2136753
-2.2139859
-2.2142795
-2.2145497
-2.2148005
-2.2149967
-2.2152129
-2.21545
-2.2156861
-2.2159274
-2.2161733
-2.2164129
-2.2166339
-2.216844
-2.2170528
-2.2172641
-2.2174752
-2.2176844
-2.2178915
-2.2181039
-2.2183212
-2.2185413
-2.2187616
-2.2189807
-2.219197
-2.2194074
-2.2196108
-2.2198075
-2.2200001
-2.2201908
-2.2203807
-2.2205703
-2.2207594
-2.2209481
-2.2211359
-2.2213227
-2.221508
-2.2216926
-2.221854
-2.2219487
-2.2220788
-2.2222335
-2.2224111
-2.2226122
-2.2228293
-2.2230527
-2.223269
-2.2234746
-2.2236559
-2.2238131
-2.2239589
-2.2241044
-2.2242562
-2.2244156
-2.2245853
-2.224762
-2.224938
-2.2251098
-2.2252798
-2.2254474
-2.2256164
-2.2257882
-2.2259616
-2.2261326
-2.2262836
-2.2263366
-2.2264207
-2.226534
-2.2266763
-2.2268461
-2.2270348
-2.2272298
-2.2274132
-2.2275785
-2.2277314
-2.2278589
-2.227989
-2.2281264
-2.2282667
-2.2283998
-2.2285373
-2.2286776
-2.2288197
-2.2289641
-2.229113
-2.2292672
-2.2294241
-2.229577
-2.2297301
-2.2298765
-2.2300167
-2.2300297
-2.2300502
-2.230111
-2.2301033
-2.23013
-2.2302282
-2.2303841
-2.2305723
-2.2307815
-2.2309631
-2.2310743
-2.2310732
-2.2310578
-2.2310701
-2.2311424
-2.2312762
-2.2314648
-2.2316769
-2.2318868
-2.2320796
-2.2322503
-2.2323703
-2.2324637
-2.2325688
-2.2326884
-2.2328256
-2.2329552
-2.2330951
-2.2332307
-2.2333606
-2.2334877
-2.2336164
-2.2337544
-2.2338972
-2.2340422
-2.2341864
-2.2343131
-2.2344163
-2.2345131
-2.2346114
-2.2347147
-2.2348245
-2.2349388
-2.2350578
-2.2351795
-2.235302
-2.2354225
-2.2355356
-2.2356438
-2.2357459
-2.2358483
-2.2359517
-2.2360568
-2.2361636
-2.2362721
-2.2363814
-2.2364919
-2.2366028
-2.2367119
-2.2368153
-2.2369162
-2.2370165
-2.2371166
-2.2372157
-2.2373147
-2.2374142
-2.2375145
-2.2376154
-2.2377164
-2.2378172
-2.2379175
-2.238017
-2.2381144
-2.2382104
-2.2383067
-2.2384035
-2.238501
-2.2385991
-2.2386978
-2.2387968
-2.238896
-2.2389949
-2.2390932
-2.2391903
-2.2392866
-2.2393824
-2.2394778
-2.239573
-2.2396681
-2.2397629
-2.2398577
-2.2399525
-2.2400474
-2.2401423
-2.2402371
-2.2403316
-2.2404257
-2.2405193
-2.2406128
-2.2407063
-2.2407997
-2.240893
-2.2409863
-2.2410795
-2.2411726
-2.2412654
-2.2413579
-2.2414501
-2.2415419
-2.2416335
-2.2417248
-2.2418159
-2.2419068
-2.2419975
-2.242088
-2.2421783
-2.2422684
-2.2423583
-2.2424451
-2.2424369
-2.2424408
-2.2424599
-2.2424899
-2.2424406
-2.242434
-2.2424698
-2.2425443
-2.2426565
-2.2428059
-2.2429833
-2.2431532
-2.2433172
-2.243446
-2.2434992
-2.2435228
-2.243567
-2.2436403
-2.2437411
-2.2438605
-2.243959
-2.244004
-2.2440504
-2.2440995
-2.244152
-2.2442053
-2.2442674
-2.2443465
-2.2444394
-2.2445426
-2.2446561
-2.2447782
-2.2448915
-2.2449701
-2.2450519
-2.2451368
-2.2451216
-2.2450981
-2.2450874
-2.2450959
-2.2451377
-2.2452195
-2.2453381
-2.2454815
-2.2456253
-2.2456967
-2.2456742
-2.2456703
-2.2456665
-2.2456754
-2.2457093
-2.2457818
-2.2458867
-2.2460155
-2.2461453
-2.246245
-2.2462614
-2.246277
-2.2462654
-2.2462836
-2.2463463
-2.2464506
-2.2465723
-2.2466944
-2.2468065
-2.2469129
-2.2470251
-2.2471356
-2.2472023
-2.2472693
-2.2473439
-2.247425
-2.2475033
-2.2475817
-2.247656
-2.2477229
-2.247794
-2.2478752
-2.2479646
-2.247977
-2.2478963
-2.247822
-2.2478025
-2.2478384
-2.2479261
-2.2480626
-2.248212
-2.2483523
-2.2484859
-2.2485833
-2.2486321
-2.2486625
-2.2486982
-2.2487551
-2.248826
-2.2489137
-2.249007
-2.2491041
-2.2491954
-2.2492762
-2.2493525
-2.2494173
-2.2494833
-2.2494856
-2.2494624
-2.2494654
-2.249493
-2.2495464
-2.2496287
-2.2497337
-2.2498366
-2.2499256
-2.2500084
-2.250078
-2.2501255
-2.2501628
-2.2502033
-2.2502536
-2.2503171
-2.2503954
-2.2504813
-2.2505617
-2.2506365
-2.2506991
-2.2507487
-2.250799
-2.250852
-2.2508241
-2.2507795
-2.2507639
