17	54	133
18	55	134
14	56	130
15	57	131
26	56	136
27	57	137
26	54	138
27	55	139
48	69	147
45	78	148
51	80	133
52	81	134
41	69	135
39	72	138
40	73	139
42	78	144
46	80	145
47	81	146
14	85	101
15	88	94
35	91	129
1	89	150
54	26	105
55	27	106
56	26	107
57	27	108
56	14	116
57	15	117
54	17	118
55	18	119
69	41	116
78	42	117
80	46	121
81	47	122
69	48	104
72	49	107
73	50	108
78	45	113
80	51	114
81	52	115
83	16	123
84	16	124
89	1	127
86	17	99
102	32	132
133	105	51
134	106	52
130	107	49
131	108	50
136	116	41
137	117	42
138	118	39
139	119	40
147	116	14
148	117	15
133	121	17
134	122	18
135	104	22
136	105	26
137	106	27
138	107	26
139	108	27
141	110	29
143	112	31
144	113	33
145	114	33
146	115	22
125	123	25
149	124	19
129	128	37
126	132	34
105	133	54
106	134	55
107	130	56
108	131	57
116	136	56
117	137	57
118	138	54
119	139	55
116	147	69
117	148	78
121	133	80
122	134	81
104	135	69
105	136	70
106	137	71
107	138	72
108	139	73
110	141	75
112	143	77
113	144	78
114	145	80
115	146	81
123	125	83
124	149	84
128	129	91
132	126	102
47	10	103
40	13	73
13	40	90
43	2	58
44	4	59
53	22	104
58	28	109
59	29	110
60	30	111
61	31	112
62	33	113
63	33	114
64	22	115
95	35	129
85	14	96
88	15	97
87	18	100
96	14	130
97	15	131
99	17	121
100	18	122
48	53	104
43	58	109
44	59	110
45	62	113
49	96	130
50	97	131
46	99	121
47	100	122
2	43	67
4	44	68
10	47	53
3	19	82
67	43	142
68	44	143
62	46	145
53	47	146
82	19	124
92	39	118
93	40	119
94	45	148
101	48	147
22	64	135
28	65	140
29	66	141
30	67	142
31	68	143
33	63	144
33	62	145
22	53	146
16	82	124
17	86	92
18	87	93
17	92	118
18	93	119
15	94	148
16	84	123
32	98	132
14	101	147
36	152	195
20	153	221
34	154	222
25	155	223
12	156	192
13	157	193
11	158	220
21	159	245
23	163	257
11	169	255
5	170	242
79	172	260
76	177	261
85	178	262
88	179	263
89	169	264
120	181	259
103	182	260
6	190	246
6	191	247
12	194	248
12	153	249
36	195	250
41	197	161
42	198	162
23	156	163
43	194	165
19	200	160
20	203	212
21	204	213
51	190	214
52	191	215
37	158	216
23	206	217
24	207	218
38	208	219
6	197	254
7	206	265
8	207	266
6	198	253
24	157	164
5	203	170
9	204	256
10	155	168
11	154	243
75	228	258
152	9	208
153	12	199
154	11	205
155	10	202
156	23	209
157	24	210
158	37	211
159	77	233
163	74	235
169	89	236
170	86	237
172	38	238
177	20	239
178	7	240
179	8	241
169	11	243
181	90	233
182	149	234
190	51	173
191	52	174
194	43	175
153	20	177
195	38	172
197	6	246
198	6	247
156	12	248
194	12	249
200	36	250
203	5	251
204	9	252
190	6	253
191	6	254
158	11	255
206	7	178
207	8	179
208	9	256
197	41	224
206	23	225
207	24	226
198	42	227
157	13	228
203	20	229
204	21	230
155	25	231
154	34	232
228	13	244
195	208	38
221	199	39
222	205	45
223	202	48
192	209	49
193	210	50
220	211	46
245	233	90
257	235	140
255	236	95
242	237	128
260	238	103
261	239	111
262	240	125
263	241	126
264	243	98
259	233	77
260	234	79
246	173	70
247	174	71
248	175	74
249	177	76
250	172	79
161	246	70
162	247	71
163	248	74
165	249	76
160	250	79
212	251	60
213	252	61
214	253	63
215	254	64
216	255	95
217	178	85
218	179	88
219	256	87
254	224	64
265	225	65
266	226	66
253	227	63
164	228	75
170	229	86
256	230	87
168	231	84
243	232	98
258	244	120
208	195	152
199	221	153
205	222	154
202	223	155
209	192	156
210	193	157
211	220	158
233	245	159
235	257	163
236	255	169
237	242	170
238	260	172
239	261	177
240	262	178
241	263	179
243	264	169
233	259	181
234	260	182
173	246	190
174	247	191
175	248	194
177	249	153
172	250	195
246	161	197
247	162	198
248	163	156
249	165	194
250	160	200
251	212	203
252	213	204
253	214	190
254	215	191
255	216	158
178	217	206
179	218	207
256	219	208
224	254	197
225	265	206
226	266	207
227	253	198
228	164	157
229	170	203
230	256	204
231	168	155
232	243	154
244	258	228
136	41	161
137	42	162
141	24	164
142	43	165
143	44	166
149	10	168
105	70	173
106	71	174
109	74	175
110	75	176
112	77	159
10	149	182
28	140	183
30	142	184
25	101	185
34	94	186
35	95	187
32	150	188
37	128	189
72	12	192
73	13	193
72	39	199
53	48	202
62	45	205
96	49	209
97	50	210
99	46	211
100	47	201
112	21	213
114	51	214
115	52	215
129	37	216
96	23	217
97	24	218
100	38	219
62	11	220
92	20	221
93	21	196
94	34	222
101	25	223
135	64	224
141	66	226
144	63	227
92	86	229
93	87	230
123	84	231
132	98	232
70	136	161
71	137	162
75	141	164
76	142	165
77	143	166
84	149	168
51	105	173
52	106	174
43	109	175
44	110	176
21	112	159
103	10	182
109	28	183
111	30	184
125	25	185
126	34	186
127	35	187
98	32	188
99	37	189
49	72	192
50	73	193
12	72	199
10	53	202
11	62	205
23	96	209
24	97	210
37	99	211
38	100	201
61	112	213
63	114	214
64	115	215
95	129	216
85	96	217
88	97	218
87	100	219
46	62	220
39	92	221
40	93	196
45	94	222
48	101	223
41	135	224
24	141	226
42	144	227
20	92	229
21	93	230
25	123	231
34	132	232
19	3	151
149	19	160
128	91	180
13	90	181
74	109	183
89	127	187
86	99	189
90	40	196
140	65	225
120	44	176
151	36	200
160	79	234
180	5	242
181	120	244
183	140	235
187	95	236
189	128	237
196	21	245
225	23	257
176	75	258
19	151	200
149	160	234
128	180	242
13	181	244
74	183	235
89	187	236
86	189	237
90	196	245
140	225	257
120	176	258
83	125	167
102	126	171
44	120	166
142	76	184
101	85	185
94	88	186
150	89	188
47	103	201
60	111	212
167	125	240
171	126	241
166	120	259
184	76	261
185	85	262
186	88	263
188	89	264
201	103	238
212	111	239
7	167	240
8	171	241
77	166	259
111	184	261
125	185	262
126	186	263
98	188	264
38	201	238
20	212	239
