1.60905672e+00
1.07262091e+00
7.64265017e-01
5.68498039e-01
4.63049427e-01
3.92384400e-01
3.21301783e-01
2.87475448e-01
2.53892178e-01
2.02414347e-01
1.73580561e-01
1.55011788e-01
1.37622071e-01
1.18779494e-01
1.09479733e-01
9.81907410e-02
8.67779073e-02
7.90086883e-02
7.45691335e-02
7.23597417e-02
7.10262310e-02
6.97536346e-02
6.83283115e-02
6.68715422e-02
6.55774080e-02
6.45490866e-02
6.37649833e-02
6.31357672e-02
6.25756881e-02
6.20388456e-02
6.15175176e-02
6.10226652e-02
6.05654898e-02
6.01486617e-02
5.97667732e-02
5.94111831e-02
5.90745104e-02
5.87525115e-02
5.84435714e-02
5.18260140e-02
5.01737877e-02
4.98720914e-02
4.95853184e-02
4.93366145e-02
4.91111188e-02
4.88908643e-02
4.86759263e-02
4.84683189e-02
4.82678791e-02
4.80738200e-02
4.78853302e-02
4.77016153e-02
4.75219979e-02
4.73459984e-02
4.71733291e-02
4.70038276e-02
4.68373751e-02
4.66738467e-02
4.65130986e-02
4.63549783e-02
4.61993372e-02
4.47473190e-02
4.20652612e-02
4.16298787e-02
4.14571854e-02
4.12554875e-02
4.10648274e-02
4.08954039e-02
4.07299260e-02
4.05656574e-02
4.04053285e-02
4.02491171e-02
4.00965126e-02
3.99473766e-02
3.90048829e-02
3.85781677e-02
3.71637495e-02
3.58183533e-02
3.55470422e-02
3.50015367e-02
3.44514033e-02
3.42591882e-02
3.40972934e-02
3.39399852e-02
3.37917475e-02
3.36506614e-02
3.35146226e-02
3.33825565e-02
3.32539962e-02
3.31285718e-02
3.30059320e-02
3.28858146e-02
3.27680287e-02
3.26524057e-02
3.25387868e-02
3.24270316e-02
3.23170221e-02
3.22086581e-02
3.21018520e-02
3.19965264e-02
3.18926130e-02
3.17900510e-02
3.16887855e-02
3.15887662e-02
3.14899466e-02
3.13922838e-02
3.12957383e-02
3.12002734e-02
3.11058550e-02
3.10124512e-02
3.09200316e-02
3.08285677e-02
3.07380322e-02
3.06483992e-02
3.05596441e-02
3.04717436e-02
3.03846754e-02
3.02984184e-02
3.02129522e-02
3.01282573e-02
3.00437831e-02
2.99601905e-02
2.98773299e-02
2.97952356e-02
2.97138956e-02
2.96332706e-02
2.95533152e-02
2.94739923e-02
2.93952792e-02
2.93171668e-02
2.92396534e-02
2.91627380e-02
2.90864151e-02
2.90106738e-02
2.89354990e-02
2.88608736e-02
2.87867813e-02
2.87132072e-02
2.86401388e-02
2.85675653e-02
2.82516854e-02
2.72338419e-02
2.70255214e-02
2.69020572e-02
2.67919896e-02
2.66946734e-02
2.66068158e-02
2.65224621e-02
2.64389462e-02
2.63561920e-02
2.62745162e-02
2.61940989e-02
2.61151179e-02
2.60376783e-02
2.59616882e-02
2.58868861e-02
2.58129718e-02
2.57397241e-02
2.56670431e-02
2.55949261e-02
2.55234124e-02
2.54525368e-02
2.53823088e-02
2.53127131e-02
2.52437208e-02
2.51753023e-02
2.51074341e-02
2.50401013e-02
2.49732954e-02
2.49070111e-02
2.48412431e-02
2.47759839e-02
2.47112241e-02
2.46469522e-02
2.45831565e-02
2.45198260e-02
2.44569503e-02
2.43945206e-02
2.43325289e-02
2.42709676e-02
2.42098297e-02
2.41491083e-02
2.40887965e-02
2.40288877e-02
2.39693750e-02
2.39102520e-02
2.38515121e-02
2.37931489e-02
2.37351562e-02
2.36775279e-02
2.36202578e-02
2.35633403e-02
2.35067695e-02
2.34505398e-02
2.33946459e-02
2.33390824e-02
2.32838443e-02
2.32289265e-02
2.31743242e-02
2.31200325e-02
2.30660468e-02
2.30123626e-02
2.29589753e-02
2.29058807e-02
2.23819145e-02
2.21836657e-02
2.20755746e-02
2.19918125e-02
2.19116316e-02
2.18357292e-02
2.17661726e-02
2.17012437e-02
2.16384203e-02
2.15764860e-02
2.15152859e-02
2.14549409e-02
2.13954913e-02
2.13368651e-02
2.12788780e-02
2.12192222e-02
2.11617270e-02
2.11050677e-02
2.10487645e-02
2.09927897e-02
2.09371851e-02
2.08819518e-02
2.08270722e-02
2.07725296e-02
2.07183113e-02
2.06644077e-02
2.06108108e-02
2.05575148e-02
2.05045159e-02
2.04518124e-02
2.03983717e-02
2.03459360e-02
2.02940574e-02
2.02424905e-02
2.01912032e-02
2.01402062e-02
2.00894908e-02
2.00390419e-02
1.99888495e-02
1.99389095e-02
1.98892201e-02
1.98397792e-02
1.97905837e-02
1.97416301e-02
1.96929149e-02
1.96444349e-02
1.95961873e-02
1.95481695e-02
1.95003791e-02
1.94528138e-02
1.94054710e-02
1.93583480e-02
1.88030934e-02
1.85781674e-02
1.85094756e-02
1.84544203e-02
1.83936620e-02
1.83086581e-02
1.78032895e-02
1.76911582e-02
1.76424214e-02
1.75856088e-02
1.75265855e-02
1.74737264e-02
1.74242686e-02
1.73750453e-02
1.73257316e-02
1.72767534e-02
1.72282390e-02
1.71802059e-02
1.71327297e-02
1.70858871e-02
1.70396931e-02
1.69941088e-02
1.69490719e-02
1.69045158e-02
1.68603772e-02
1.68166001e-02
1.64773105e-02
1.61029933e-02
1.59816106e-02
1.59303299e-02
1.51091500e-02
1.44400689e-02
1.42197097e-02
1.41545559e-02
1.39616583e-02
1.38362338e-02
1.36493016e-02
1.31978408e-02
1.28937593e-02
1.27371655e-02
1.25872979e-02
1.24930619e-02
1.24158402e-02
1.23550945e-02
1.23003778e-02
1.22423042e-02
1.21801567e-02
1.21173338e-02
1.20596969e-02
1.20070184e-02
1.19573653e-02
1.19088539e-02
1.18605512e-02
1.18124748e-02
1.17651008e-02
1.17188399e-02
1.16737771e-02
1.16297111e-02
1.09374433e-02
1.02430462e-02
9.70083498e-03
9.49476677e-03
9.38145363e-03
9.30459039e-03
9.23273219e-03
9.15996936e-03
9.09462104e-03
9.04084094e-03
8.99466279e-03
8.95078863e-03
8.90684391e-03
8.86261728e-03
8.66166402e-03
8.47948909e-03
8.37217813e-03
8.31286640e-03
8.27209470e-03
8.22783350e-03
8.17531643e-03
8.12119561e-03
8.07338417e-03
8.03451079e-03
8.00171744e-03
7.97037830e-03
7.93754206e-03
7.90283238e-03
7.86730846e-03
7.83199329e-03
7.79723313e-03
7.76292453e-03
7.72900119e-03
7.69566418e-03
7.66326763e-03
7.63207575e-03
7.60211884e-03
7.57321695e-03
7.54509806e-03
7.51750729e-03
7.49025592e-03
7.46322116e-03
7.43633085e-03
7.40955529e-03
7.38290620e-03
7.35643247e-03
7.33020658e-03
7.30430428e-03
7.27878542e-03
7.25368243e-03
7.22899809e-03
7.20471023e-03
7.18078011e-03
7.15716145e-03
7.13380868e-03
7.11068360e-03
7.08775984e-03
7.06502469e-03
7.04247827e-03
7.02013049e-03
6.99799680e-03
6.97609361e-03
6.95443442e-03
6.93302718e-03
6.91187311e-03
6.89096681e-03
6.87029758e-03
6.84985132e-03
6.82961271e-03
6.80956720e-03
6.78970264e-03
6.77001006e-03
6.75048395e-03
6.73112186e-03
6.71192354e-03
6.69288996e-03
6.67402232e-03
6.65532118e-03
6.63678598e-03
6.61841482e-03
6.60020453e-03
6.58215105e-03
6.56424987e-03
6.54649646e-03
6.40884266e-03
6.33843632e-03
6.30451260e-03
6.28844699e-03
6.27502148e-03
6.25739328e-03
6.23694999e-03
6.21726666e-03
6.19952366e-03
6.18269038e-03
6.16564759e-03
6.14831619e-03
6.13131046e-03
6.11511451e-03
6.09969284e-03
6.08466972e-03
6.06969334e-03
6.05463149e-03
6.03953893e-03
5.69630907e-03
5.27488527e-03
5.16653788e-03
5.12479086e-03
5.10016885e-03
5.07028026e-03
5.03818024e-03
5.01038344e-03
4.98624719e-03
4.96120473e-03
4.93270997e-03
4.90187761e-03
4.87146855e-03
4.84354184e-03
4.81861160e-03
4.79607756e-03
4.77496035e-03
4.75436519e-03
4.73365183e-03
4.71247845e-03
4.69080276e-03
4.66882718e-03
4.64687775e-03
4.62525784e-03
4.60414059e-03
4.58353836e-03
4.56334240e-03
4.54339651e-03
4.52356633e-03
4.50378075e-03
4.48404008e-03
4.46439819e-03
4.44493134e-03
4.42570694e-03
4.40676226e-03
4.38809771e-03
4.36968359e-03
4.35147489e-03
4.33342730e-03
4.31550884e-03
4.29770450e-03
4.28001435e-03
4.26244748e-03
4.24501506e-03
4.22772501e-03
4.21057956e-03
4.19357565e-03
4.17670733e-03
4.15996853e-03
4.14335526e-03
4.12686648e-03
4.11050368e-03
4.09426958e-03
4.07816660e-03
4.06219567e-03
4.04635573e-03
4.03064391e-03
4.01505615e-03
3.99958809e-03
3.98423576e-03
3.96899600e-03
3.95386660e-03
3.93884609e-03
3.92393347e-03
3.90912789e-03
3.89442849e-03
3.87983430e-03
3.86534425e-03
3.85095731e-03
3.83667251e-03
3.82248900e-03
3.80840601e-03
3.79442283e-03
3.78053866e-03
3.76675265e-03
3.75306378e-03
3.73947093e-03
3.72597311e-03
3.71256916e-03
3.69925791e-03
3.68603820e-03
3.67290895e-03
3.65986915e-03
3.64691786e-03
3.63405417e-03
3.62127724e-03
3.60858621e-03
3.59598028e-03
3.58345864e-03
3.57102048e-03
3.55866504e-03
3.54639152e-03
3.53419917e-03
3.52208720e-03
3.51005485e-03
3.49810135e-03
3.48622593e-03
3.47442782e-03
3.46270625e-03
3.45106047e-03
3.43948974e-03
3.42799334e-03
3.41657054e-03
3.40522065e-03
3.39394298e-03
3.38273688e-03
3.37160167e-03
3.36012481e-03
3.34860103e-03
3.33751961e-03
3.32660377e-03
3.31574855e-03
3.30496075e-03
3.29425312e-03
3.28362232e-03
3.27306187e-03
3.26256744e-03
3.25213671e-03
3.24176878e-03
3.23146333e-03
3.22121991e-03
3.21103785e-03
3.20091650e-03
3.19085546e-03
3.18085448e-03
3.17091338e-03
3.16103197e-03
3.15121001e-03
3.14144718e-03
3.13174309e-03
3.12209724e-03
3.11250907e-03
3.10297794e-03
3.09350318e-03
3.08408413e-03
3.07472012e-03
3.06541055e-03
3.05615483e-03
3.04695246e-03
3.03780296e-03
3.02870587e-03
3.01966077e-03
3.01066724e-03
3.00172486e-03
2.99283321e-03
2.98399190e-03
2.97520049e-03
2.96645859e-03
2.95776580e-03
2.94912172e-03
2.94052597e-03
2.93197817e-03
2.92347793e-03
2.91502488e-03
2.90661863e-03
2.89825881e-03
2.88994504e-03
2.88167693e-03
2.87345412e-03
2.86527621e-03
2.85714284e-03
2.84905363e-03
2.84100823e-03
2.83300626e-03
2.82504736e-03
2.81713119e-03
2.80925741e-03
2.80142566e-03
2.79363562e-03
2.78588694e-03
2.77817931e-03
2.77051239e-03
2.76288587e-03
2.75529941e-03
2.74775271e-03
2.74024544e-03
2.73277730e-03
2.72534797e-03
2.71795714e-03
2.71060452e-03
2.70328980e-03
2.69601270e-03
2.68877291e-03
2.68157015e-03
2.67440413e-03
2.66727457e-03
2.66018120e-03
2.65312372e-03
2.64610186e-03
2.63911536e-03
2.63216392e-03
2.62524729e-03
2.61836519e-03
2.61151736e-03
2.60470353e-03
2.59792343e-03
2.59117681e-03
2.58446342e-03
2.57778298e-03
2.57113526e-03
2.56451999e-03
2.55793695e-03
2.55138587e-03
2.54486651e-03
2.53837865e-03
2.53192203e-03
2.52549643e-03
2.51910161e-03
2.51273734e-03
2.50640339e-03
2.50009954e-03
2.49382556e-03
2.48758123e-03
2.48136633e-03
2.47518063e-03
2.46902393e-03
2.46289601e-03
2.45679664e-03
2.45072564e-03
2.44468277e-03
2.43866783e-03
2.43268063e-03
2.42672095e-03
2.42078859e-03
2.41488335e-03
2.40900503e-03
2.40315344e-03
2.39732838e-03
2.39152965e-03
2.38575707e-03
2.38001044e-03
2.37428957e-03
2.36859429e-03
2.36292440e-03
2.35727972e-03
2.35166007e-03
2.34606527e-03
2.34049514e-03
2.33494950e-03
2.32942818e-03
2.32393101e-03
2.31845781e-03
2.31300842e-03
2.30758265e-03
2.30218036e-03
2.29680136e-03
2.29144549e-03
2.28611260e-03
2.28080252e-03
2.27551509e-03
2.27025014e-03
2.26500753e-03
2.25978709e-03
2.25458867e-03
2.24941212e-03
2.24425728e-03
2.23912401e-03
2.23401215e-03
2.22892155e-03
2.22385207e-03
2.21880356e-03
2.21377588e-03
2.20876888e-03
2.20378243e-03
2.19881637e-03
2.19387058e-03
2.18894491e-03
2.18403922e-03
2.17915338e-03
2.17428726e-03
2.16944072e-03
2.16461363e-03
2.15980585e-03
2.15501726e-03
2.15024773e-03
2.14549712e-03
2.14076532e-03
2.13605220e-03
2.13135762e-03
2.12668147e-03
2.12202363e-03
2.11738397e-03
2.11276238e-03
2.10815873e-03
2.10357290e-03
2.09900477e-03
2.09445424e-03
2.08992119e-03
2.08540549e-03
2.08090704e-03
2.07642572e-03
2.07196142e-03
2.06751404e-03
2.06308345e-03
2.05866956e-03
2.05427225e-03
2.04989142e-03
2.04552696e-03
2.04117877e-03
2.03684673e-03
2.03253076e-03
2.02823074e-03
2.02394657e-03
2.01967815e-03
2.01542539e-03
2.01118818e-03
2.00696642e-03
2.00276002e-03
1.99856888e-03
1.99439290e-03
1.99023200e-03
1.98608606e-03
1.98195501e-03
1.97783874e-03
1.97373717e-03
1.96965020e-03
1.96557775e-03
1.96151972e-03
1.95747603e-03
1.95344658e-03
1.94943129e-03
1.94543007e-03
1.94144284e-03
1.93746950e-03
1.93350998e-03
1.92956420e-03
1.92563206e-03
1.92171348e-03
1.91780839e-03
1.91391670e-03
1.91003833e-03
1.90617320e-03
1.90232124e-03
1.89848235e-03
1.89465647e-03
1.89084352e-03
1.88704341e-03
1.88325608e-03
1.87948145e-03
1.87571944e-03
1.87196998e-03
1.86823300e-03
1.86450842e-03
1.86079616e-03
1.85709617e-03
1.85340836e-03
1.84973266e-03
1.84606901e-03
1.84241733e-03
1.83877756e-03
1.83514962e-03
1.83153346e-03
1.82792899e-03
1.82433616e-03
1.82075490e-03
1.81718514e-03
1.81362681e-03
1.81007986e-03
1.80654421e-03
1.80301981e-03
1.79950658e-03
1.79600447e-03
1.79251342e-03
1.78903336e-03
1.78556423e-03
1.78210597e-03
1.77865852e-03
1.77522182e-03
1.77179581e-03
1.76838043e-03
1.76497562e-03
1.76158133e-03
1.75819749e-03
1.75482406e-03
1.75146096e-03
1.74810816e-03
1.74476558e-03
1.74143317e-03
1.73811089e-03
1.73479867e-03
1.73149647e-03
1.72820422e-03
1.72492187e-03
1.72164938e-03
1.71838668e-03
1.71513373e-03
1.71189047e-03
1.70865686e-03
1.70543284e-03
1.70221836e-03
1.69901337e-03
1.69581782e-03
1.69263166e-03
1.68945485e-03
1.68628733e-03
1.68312906e-03
1.67997998e-03
1.67684006e-03
1.67370924e-03
1.67058747e-03
1.66747472e-03
1.66437092e-03
1.66127605e-03
1.65819005e-03
1.65511287e-03
1.65204448e-03
1.64898482e-03
1.64593386e-03
1.64289154e-03
1.63985783e-03
1.63683269e-03
1.63381607e-03
1.63080792e-03
1.62780821e-03
1.62481689e-03
1.62183392e-03
1.61885927e-03
1.61589288e-03
1.61293472e-03
1.60998475e-03
1.60704293e-03
1.60410921e-03
1.60118357e-03
1.59826595e-03
1.59535633e-03
1.59245466e-03
1.58956090e-03
1.58667501e-03
1.58379697e-03
1.58092672e-03
1.57806424e-03
1.57520948e-03
1.57236241e-03
1.56952300e-03
1.56669119e-03
1.56386697e-03
1.56105030e-03
1.55824113e-03
1.55543944e-03
1.55264518e-03
1.54985833e-03
1.54707885e-03
1.54430670e-03
1.54154186e-03
1.53878428e-03
1.53603394e-03
1.53329080e-03
1.53055482e-03
1.52782598e-03
1.52510424e-03
1.52238958e-03
1.51968195e-03
1.51698132e-03
1.51428767e-03
1.51160097e-03
1.50892117e-03
1.50624825e-03
1.50358219e-03
1.50092294e-03
1.49827048e-03
1.49562478e-03
1.49298581e-03
1.49035354e-03
1.48772793e-03
1.48510897e-03
1.48249661e-03
1.47989084e-03
1.47729162e-03
1.47469893e-03
1.47211273e-03
1.46953299e-03
1.46695970e-03
1.46439282e-03
1.46183232e-03
1.45927818e-03
1.45673037e-03
1.45418886e-03
1.45165363e-03
1.44912464e-03
1.44660188e-03
1.44408531e-03
1.44157491e-03
1.43907066e-03
1.43657252e-03
1.43408047e-03
1.43159450e-03
1.42911456e-03
1.42664064e-03
1.42417271e-03
1.42171074e-03
1.41925472e-03
1.41680461e-03
1.41436040e-03
1.41192205e-03
1.40948955e-03
1.40706287e-03
1.40464198e-03
1.40222687e-03
1.39981751e-03
1.39741387e-03
1.39501594e-03
1.39262369e-03
1.39023709e-03
1.38785613e-03
1.38548078e-03
1.38311102e-03
1.38074683e-03
1.37838818e-03
1.37603506e-03
1.37368744e-03
1.37134530e-03
1.36900861e-03
1.36667737e-03
1.36435153e-03
1.36203110e-03
1.35971603e-03
1.35740632e-03
1.35510194e-03
1.35280287e-03
1.35050909e-03
1.34822058e-03
1.34593732e-03
1.34365929e-03
1.34138647e-03
1.33911883e-03
1.33685637e-03
1.33459906e-03
1.33234688e-03
1.33009981e-03
1.32785783e-03
1.32562093e-03
1.32338908e-03
1.32116226e-03
1.31894046e-03
1.31672366e-03
1.31451183e-03
1.31230497e-03
1.31010304e-03
1.30790604e-03
1.30571395e-03
1.30352674e-03
1.30134440e-03
1.29916692e-03
1.29699426e-03
1.29482643e-03
1.29266339e-03
1.29050513e-03
1.28835164e-03
1.28620289e-03
1.28405887e-03
1.28191957e-03
1.27978496e-03
1.27765503e-03
1.27552976e-03
1.27340913e-03
1.27129314e-03
1.26918175e-03
1.26707497e-03
1.26497276e-03
1.26287511e-03
1.26078202e-03
1.25869345e-03
1.25660940e-03
1.25452986e-03
1.25245479e-03
1.25038419e-03
1.24831805e-03
1.24625634e-03
1.24419906e-03
1.24214618e-03
1.24009770e-03
1.23805359e-03
1.23601384e-03
1.23397844e-03
1.23194738e-03
1.22992062e-03
1.22789818e-03
1.22588002e-03
1.22386613e-03
1.22185650e-03
1.21985112e-03
1.21784996e-03
1.21585303e-03
1.21386029e-03
1.21187175e-03
1.20988737e-03
1.20790716e-03
1.20593109e-03
1.20395916e-03
1.20199135e-03
1.20002764e-03
1.19806802e-03
1.19611248e-03
1.19416100e-03
1.19221358e-03
1.19027020e-03
1.18833084e-03
1.18639549e-03
1.18446414e-03
1.18253678e-03
1.18061339e-03
1.17869397e-03
1.17677849e-03
1.17486694e-03
1.17295932e-03
1.17105561e-03
1.16915579e-03
1.16725986e-03
1.16536781e-03
1.16347961e-03
1.16159526e-03
1.15971475e-03
1.15783806e-03
1.15596519e-03
1.15409611e-03
1.15223082e-03
1.15036931e-03
1.14851156e-03
1.14665757e-03
1.14480731e-03
1.14296079e-03
1.14111798e-03
1.13927888e-03
1.13744347e-03
1.13561175e-03
1.13378370e-03
1.13195931e-03
1.13013857e-03
1.12832147e-03
1.12650800e-03
1.12469814e-03
1.12289189e-03
1.12108923e-03
1.11929016e-03
1.11749466e-03
1.11570272e-03
1.11391433e-03
1.11212949e-03
1.11034817e-03
1.10857037e-03
1.10679608e-03
1.10502529e-03
1.10325799e-03
1.10149417e-03
1.09973381e-03
1.09797691e-03
1.09622346e-03
1.09447345e-03
1.09272686e-03
1.09098368e-03
1.08924392e-03
1.08750755e-03
1.08577457e-03
1.08404496e-03
1.08231873e-03
1.08059585e-03
1.07887631e-03
1.07716012e-03
1.07544725e-03
1.07373770e-03
1.07203146e-03
1.07032852e-03
1.06862887e-03
1.06693250e-03
1.06523941e-03
1.06354957e-03
1.06186299e-03
1.06017965e-03
1.05849954e-03
1.05682266e-03
1.05514900e-03
1.05347854e-03
1.05181128e-03
1.05014721e-03
1.04848632e-03
1.04682860e-03
1.04517405e-03
1.04352264e-03
1.04187438e-03
1.04022926e-03
1.03858726e-03
1.03694838e-03
1.03531262e-03
1.03367995e-03
1.03205037e-03
1.03042388e-03
1.02880047e-03
1.02718012e-03
1.02556283e-03
1.02394859e-03
1.02233740e-03
1.02072924e-03
1.01912410e-03
1.01752198e-03
1.01592287e-03
1.01432676e-03
1.01273364e-03
1.01114351e-03
1.00955636e-03
1.00797217e-03
1.00639095e-03
1.00481267e-03
1.00323734e-03
1.00166495e-03
1.00009549e-03
9.98528952e-04
9.96965326e-04
9.95404605e-04
9.93846783e-04
9.92291851e-04
9.90739802e-04
9.89190628e-04
9.87644322e-04
9.86100876e-04
9.84560283e-04
9.83022535e-04
9.81487625e-04
9.79955544e-04
9.78426287e-04
9.76899846e-04
9.75376212e-04
9.73855380e-04
9.72337341e-04
9.70822089e-04
9.69309616e-04
9.67799915e-04
9.66292978e-04
9.64788800e-04
9.63287372e-04
9.61788688e-04
9.60292741e-04
9.58799523e-04
9.57309028e-04
9.55821249e-04
9.54336178e-04
9.52853809e-04
9.51374135e-04
9.49897150e-04
9.48422846e-04
9.46951216e-04
9.45482255e-04
9.44015954e-04
9.42552308e-04
8.81346271e-04
8.48556385e-04
8.39041470e-04
8.34780106e-04
8.30410947e-04
8.25768867e-04
8.21518808e-04
8.17880042e-04
8.14721006e-04
8.11786087e-04
8.08874077e-04
8.05924423e-04
8.02974208e-04
8.00073386e-04
7.97244241e-04
7.94483442e-04
7.91775096e-04
7.89103284e-04
7.86463602e-04
7.83869545e-04
7.81349531e-04
7.78936684e-04
7.76657743e-04
7.70690367e-04
7.60057034e-04
7.55044569e-04
7.52782294e-04
7.51915118e-04
7.51397877e-04
7.50694344e-04
7.49668605e-04
7.48491093e-04
7.47380093e-04
7.46392968e-04
7.45437081e-04
7.44393415e-04
7.43200646e-04
7.41861282e-04
7.40408035e-04
7.38872274e-04
7.37272308e-04
7.35618369e-04
7.33922334e-04
7.32202424e-04
7.30480422e-04
7.28774826e-04
7.27094972e-04
7.25439224e-04
7.23797374e-04
7.22155333e-04
7.20499763e-04
7.18821172e-04
7.17115191e-04
7.15382563e-04
7.13628495e-04
7.11861782e-04
7.10093767e-04
7.08337126e-04
7.06604505e-04
7.04907223e-04
7.03254230e-04
7.01651500e-04
7.00101881e-04
6.98605343e-04
6.97159519e-04
6.95760414e-04
6.94403204e-04
6.93083017e-04
6.91795601e-04
6.90537816e-04
6.89307874e-04
6.88105315e-04
6.86930753e-04
6.85785457e-04
6.84670842e-04
6.83587973e-04
6.82537148e-04
6.18297670e-04
5.85840014e-04
5.76874709e-04
5.74221645e-04
5.71407798e-04
5.67384001e-04
5.63282263e-04
5.59916073e-04
5.57175989e-04
5.54531828e-04
5.51625562e-04
5.48441662e-04
5.45118737e-04
5.41747492e-04
5.38332492e-04
5.34845426e-04
5.31261356e-04
5.27561296e-04
5.23732554e-04
5.19779038e-04
5.15729439e-04
5.11633014e-04
5.07546321e-04
5.03520275e-04
4.99593068e-04
4.95788730e-04
4.92118932e-04
4.88586285e-04
4.85188373e-04
4.81921797e-04
4.78785266e-04
4.75781010e-04
4.72914476e-04
4.70192935e-04
4.67623828e-04
4.65213556e-04
4.62966949e-04
4.60887319e-04
4.58976767e-04
4.57236388e-04
4.55666182e-04
4.54264636e-04
4.53028164e-04
4.51950625e-04
4.51023147e-04
4.50234367e-04
4.49571085e-04
4.49019167e-04
4.48564537e-04
4.48194027e-04
4.47895936e-04
4.47660248e-04
4.47478492e-04
4.47343356e-04
4.47248143e-04
4.47186204e-04
4.47150440e-04
4.47132946e-04
4.47124819e-04
4.47116156e-04
4.47096210e-04
4.47053688e-04
4.46977150e-04
4.46855462e-04
4.46678270e-04
4.46436429e-04
4.46122361e-04
4.45730283e-04
4.45256425e-04
4.44700184e-04
4.44059216e-04
4.43333289e-04
4.42523501e-04
4.41632103e-04
4.40662222e-04
4.39617484e-04
4.38501697e-04
4.37318636e-04
4.36071932e-04
4.34765074e-04
4.33401499e-04
4.31984749e-04
4.30518640e-04
4.29007416e-04
4.27455867e-04
4.25846803e-04
4.24157858e-04
4.22475545e-04
4.20779393e-04
4.19071789e-04
4.17358708e-04
4.15647508e-04
4.13945296e-04
4.12258676e-04
4.10593722e-04
4.08955835e-04
4.07349725e-04
4.05779532e-04
4.04248958e-04
4.02761291e-04
4.01319409e-04
3.99925802e-04
3.98582628e-04
3.97291761e-04
3.96054813e-04
3.94873112e-04
3.93747659e-04
3.92679076e-04
3.91667559e-04
3.90712837e-04
3.89814147e-04
3.88970227e-04
3.88179315e-04
3.87439177e-04
3.86747136e-04
3.86100118e-04
3.85494704e-04
3.84927178e-04
3.79919756e-04
3.73209265e-04
3.70317764e-04
3.68614134e-04
3.67404925e-04
3.66263435e-04
3.65005110e-04
3.63663774e-04
3.62374759e-04
3.61233307e-04
3.60242308e-04
3.59349862e-04
3.58504496e-04
3.57680593e-04
3.56874353e-04
3.56089298e-04
3.55325636e-04
3.54577983e-04
3.53839158e-04
3.53105294e-04
3.52378489e-04
3.51665937e-04
3.50976786e-04
3.50318868e-04
3.49696814e-04
3.49111863e-04
3.48562671e-04
3.48046263e-04
3.47558659e-04
3.47095203e-04
3.46650820e-04
3.46220402e-04
3.45799278e-04
3.45383637e-04
3.44970761e-04
3.44559045e-04
3.44147855e-04
3.43737321e-04
3.43328113e-04
3.42921219e-04
3.42517714e-04
3.42118516e-04
3.41724159e-04
3.41334600e-04
3.40949120e-04
3.40566317e-04
3.40184205e-04
3.39800384e-04
3.39412261e-04
3.39017278e-04
3.38613118e-04
3.38197878e-04
3.37770165e-04
3.37329140e-04
3.36874486e-04
3.36406335e-04
3.35925142e-04
3.35431555e-04
3.34926277e-04
3.34409944e-04
3.33883039e-04
3.33345829e-04
3.32798351e-04
3.32240433e-04
3.31671741e-04
3.31091853e-04
3.30500344e-04
3.29896865e-04
3.29281217e-04
3.28653400e-04
3.28013644e-04
3.27362407e-04
3.26700350e-04
3.26028300e-04
3.25347190e-04
3.24658001e-04
3.23961708e-04
3.23259233e-04
3.22551409e-04
3.21838970e-04
3.21122551e-04
3.20402699e-04
3.19679905e-04
3.18954631e-04
3.18227347e-04
3.17498557e-04
3.16768824e-04
3.16038782e-04
3.15309136e-04
3.14580657e-04
3.13854163e-04
3.13130498e-04
3.12410503e-04
3.11694997e-04
3.10984747e-04
3.10280456e-04
3.09582752e-04
3.08892186e-04
3.08209231e-04
3.07534297e-04
3.06867740e-04
3.06209876e-04
3.05560994e-04
3.04921368e-04
3.04291265e-04
3.03670947e-04
3.03060669e-04
3.02460675e-04
3.01871192e-04
3.01292417e-04
3.00724507e-04
3.00167575e-04
2.99621677e-04
2.99086812e-04
2.98562919e-04
2.98049879e-04
2.97547520e-04
2.97055622e-04
2.96573925e-04
2.96102140e-04
2.95639950e-04
2.95187021e-04
2.94743004e-04
2.94307539e-04
2.93880256e-04
2.93460773e-04
2.93048698e-04
2.92643624e-04
2.92245132e-04
2.91852783e-04
2.91466127e-04
2.91084697e-04
2.90708013e-04
2.90335586e-04
2.89966922e-04
2.89601525e-04
2.89238900e-04
2.88878562e-04
2.88520034e-04
2.88162851e-04
2.87806566e-04
2.87450746e-04
2.87094975e-04
2.86738854e-04
2.86382001e-04
2.86024048e-04
2.85664642e-04
2.85303449e-04
2.84940147e-04
2.84574430e-04
2.84206012e-04
2.83834623e-04
2.83460013e-04
2.83081956e-04
2.82700247e-04
2.82314704e-04
2.81925174e-04
2.81531528e-04
2.81133660e-04
2.80731495e-04
2.80324980e-04
2.79914086e-04
2.79498808e-04
2.79079164e-04
2.78655193e-04
2.78226954e-04
2.77794524e-04
2.77358001e-04
2.76917501e-04
2.76473156e-04
2.76025114e-04
2.75573542e-04
2.75118621e-04
2.74660547e-04
2.74199530e-04
2.73735792e-04
2.73269568e-04
2.72801101e-04
2.72330646e-04
2.71858463e-04
2.71384818e-04
2.70909982e-04
2.70434231e-04
2.69957839e-04
2.69481083e-04
2.69004240e-04
2.68527585e-04
2.68051389e-04
2.67575922e-04
2.67101450e-04
2.66628232e-04
2.66156523e-04
2.65686570e-04
2.65218615e-04
2.64752888e-04
2.64289614e-04
2.63829004e-04
2.63371260e-04
2.62916574e-04
2.62465122e-04
2.62017072e-04
2.61572574e-04
2.61131768e-04
2.60694777e-04
2.60261714e-04
2.59832672e-04
2.59407735e-04
2.58986970e-04
2.58570428e-04
2.58158148e-04
2.57750154e-04
2.57346456e-04
2.56947049e-04
2.56551914e-04
2.56161019e-04
2.55774320e-04
2.55391758e-04
2.55013263e-04
2.54638751e-04
2.54268128e-04
2.53901290e-04
2.53538122e-04
2.53178498e-04
2.52822285e-04
2.52469341e-04
2.52119518e-04
2.51772660e-04
2.51428607e-04
2.51087191e-04
2.50748243e-04
2.50411589e-04
2.50077053e-04
2.49744457e-04
2.49413621e-04
2.49084365e-04
2.48756510e-04
2.48429877e-04
2.48104289e-04
2.47779573e-04
2.47455557e-04
2.47132072e-04
2.46808956e-04
2.46486050e-04
2.46163201e-04
2.45840261e-04
2.45517089e-04
2.45193550e-04
2.44869519e-04
2.44544874e-04
2.44219505e-04
2.43893307e-04
2.43566184e-04
2.43238050e-04
2.42908827e-04
2.42578445e-04
2.42246843e-04
2.41913970e-04
2.41579785e-04
2.41244252e-04
2.40907349e-04
2.40569060e-04
2.40229379e-04
2.39888307e-04
2.39545856e-04
2.39202045e-04
2.38856900e-04
2.38510459e-04
2.38162762e-04
2.37813860e-04
2.37463810e-04
2.37112676e-04
2.36760526e-04
2.36407437e-04
2.36053489e-04
2.35698767e-04
2.35343362e-04
2.34987368e-04
2.34630883e-04
2.34274008e-04
2.33916845e-04
2.33559501e-04
2.33202084e-04
2.32844701e-04
2.32487462e-04
2.32130477e-04
2.31773855e-04
2.31417706e-04
2.31062135e-04
2.30707251e-04
2.30353158e-04
2.29999957e-04
2.29647748e-04
2.29296628e-04
2.28946689e-04
2.28598021e-04
2.28250710e-04
2.27904835e-04
2.27560474e-04
2.27217698e-04
2.26876575e-04
2.26537164e-04
2.26199524e-04
2.25863703e-04
2.25529748e-04
2.25197697e-04
2.24867584e-04
2.24539436e-04
2.24213274e-04
2.23889116e-04
2.23566970e-04
2.23246841e-04
2.22928727e-04
2.22612622e-04
2.22298511e-04
2.21986378e-04
2.21676199e-04
2.21367946e-04
2.21061584e-04
2.20757078e-04
2.20454383e-04
2.20153454e-04
2.19854241e-04
2.19556689e-04
2.19260740e-04
2.18966335e-04
2.18673409e-04
2.18381897e-04
2.18091731e-04
2.17802841e-04
2.17515154e-04
2.17228599e-04
2.16943100e-04
2.16658585e-04
2.16374977e-04
2.16092201e-04
2.15810184e-04
2.15528851e-04
2.15248128e-04
2.14967943e-04
2.14688225e-04
2.14408905e-04
2.14129915e-04
2.13851191e-04
2.13572668e-04
2.13294287e-04
2.13015989e-04
2.12737719e-04
2.12459426e-04
2.12181061e-04
2.11902577e-04
2.11623934e-04
2.11345093e-04
2.11066018e-04
2.10786680e-04
2.10507049e-04
2.10227103e-04
2.09946821e-04
2.09666188e-04
2.09385192e-04
2.09103823e-04
2.08822077e-04
2.08539954e-04
2.08257455e-04
2.07974587e-04
2.07691359e-04
2.07407784e-04
2.07123879e-04
2.06839662e-04
2.06555156e-04
2.06270386e-04
2.05985379e-04
2.05700166e-04
2.05414779e-04
2.05129252e-04
2.04843623e-04
2.04557930e-04
2.04272213e-04
2.03986513e-04
2.03700873e-04
2.03415336e-04
2.03129947e-04
2.02844752e-04
2.02559794e-04
2.02275121e-04
2.01990778e-04
2.01706809e-04
2.01423261e-04
2.01140178e-04
2.00857604e-04
2.00575581e-04
2.00294152e-04
2.00013357e-04
1.99733236e-04
1.99453826e-04
1.99175164e-04
1.98897283e-04
1.98620216e-04
1.98343995e-04
1.98068646e-04
1.97794197e-04
1.97520671e-04
1.97248089e-04
1.96976472e-04
1.96705836e-04
1.96436195e-04
1.96167561e-04
1.95899944e-04
1.95633350e-04
1.95367784e-04
1.95103247e-04
1.94839740e-04
1.94577259e-04
1.94315799e-04
1.94055352e-04
1.93795909e-04
1.93537457e-04
1.93279983e-04
1.93023470e-04
1.92767901e-04
1.92513255e-04
1.92259511e-04
1.92006646e-04
1.91754635e-04
1.91503452e-04
1.91253071e-04
1.91003462e-04
1.90754597e-04
1.90506445e-04
1.90258976e-04
1.90012158e-04
1.89765959e-04
1.89520347e-04
1.89275289e-04
1.89030754e-04
1.88786709e-04
1.88543121e-04
1.88299959e-04
1.88057192e-04
1.87814788e-04
1.87572718e-04
1.87330952e-04
1.87089461e-04
1.86848218e-04
1.86607197e-04
1.86366373e-04
1.86125721e-04
1.85885219e-04
1.85644845e-04
1.85404579e-04
1.85164404e-04
1.84924302e-04
1.84684258e-04
1.84444258e-04
1.84204291e-04
1.83964346e-04
1.83724415e-04
1.83484490e-04
1.83244567e-04
1.83004641e-04
1.82764711e-04
1.82524776e-04
1.82284838e-04
1.82044900e-04
1.81804965e-04
1.81565041e-04
1.81325133e-04
1.81085252e-04
1.80845406e-04
1.80605608e-04
1.80365869e-04
1.80126204e-04
1.79886627e-04
1.79647153e-04
1.79407800e-04
1.79168584e-04
1.78929523e-04
1.78690637e-04
1.78451944e-04
1.78213463e-04
1.77975216e-04
1.77737221e-04
1.77499501e-04
1.77262074e-04
1.77024962e-04
1.76788185e-04
1.76551764e-04
1.76315718e-04
1.76080067e-04
1.75844830e-04
1.75484916e-04
1.74570942e-04
1.74161842e-04
1.73915809e-04
1.73666734e-04
1.73397408e-04
1.73135935e-04
1.72890818e-04
1.72654066e-04
1.72418585e-04
1.72183165e-04
1.71948593e-04
1.71714745e-04
1.71480976e-04
1.71247050e-04
1.71013079e-04
1.70454564e-04
1.70006151e-04
1.69726921e-04
1.69480580e-04
1.69222781e-04
1.68965836e-04
1.68717747e-04
1.68476651e-04
1.68240194e-04
1.68006863e-04
1.67775072e-04
1.67543568e-04
1.67311793e-04
1.67079694e-04
1.66847458e-04
1.66615397e-04
1.66383880e-04
1.66153258e-04
1.65923798e-04
1.65695637e-04
1.65468792e-04
1.65243190e-04
1.65018711e-04
1.64795216e-04
1.64572568e-04
1.64350630e-04
1.64129273e-04
1.63908381e-04
1.63687861e-04
1.63467654e-04
1.63247736e-04
1.63028125e-04
1.62808873e-04
1.62590052e-04
1.62371742e-04
1.62154012e-04
1.61936907e-04
1.61720441e-04
1.61504598e-04
1.61289334e-04
1.61074592e-04
1.60860313e-04
1.60646444e-04
1.60432944e-04
1.60219791e-04
1.60006980e-04
1.59794516e-04
1.59582412e-04
1.59370686e-04
1.59159352e-04
1.58948424e-04
1.58737908e-04
1.58527806e-04
1.58318117e-04
1.58108835e-04
1.57899952e-04
1.57691461e-04
1.57483351e-04
1.57275615e-04
1.57068243e-04
1.56861229e-04
1.56654568e-04
1.56448255e-04
1.56242289e-04
1.56036666e-04
1.55831388e-04
1.55626452e-04
1.55421859e-04
1.55217608e-04
1.55013697e-04
1.54810124e-04
1.54606888e-04
1.54403987e-04
1.54201420e-04
1.53999183e-04
1.53797278e-04
1.53595701e-04
1.53394452e-04
1.53193530e-04
1.52992935e-04
1.52792665e-04
1.52592720e-04
1.52393098e-04
1.52193797e-04
1.51994818e-04
1.51796158e-04
1.51597816e-04
1.51399792e-04
1.51202083e-04
1.51004688e-04
1.50807607e-04
1.50610838e-04
1.50414380e-04
1.50218231e-04
1.50022391e-04
1.49826858e-04
1.49631632e-04
1.49436710e-04
1.49242093e-04
1.49047780e-04
1.48853769e-04
1.48660060e-04
1.48466652e-04
1.48273545e-04
1.48080738e-04
1.47888230e-04
1.47696020e-04
1.47504109e-04
1.47312494e-04
1.47121175e-04
1.46930152e-04
1.46739423e-04
1.46548987e-04
1.46358844e-04
1.46168993e-04
1.45979432e-04
1.45790162e-04
1.45601182e-04
1.45412491e-04
1.45224088e-04
1.45035973e-04
1.44848145e-04
1.44660604e-04
1.44473348e-04
1.44286379e-04
1.44099694e-04
1.43913292e-04
1.43727174e-04
1.43541339e-04
1.43355785e-04
1.43170512e-04
1.42985519e-04
1.42800806e-04
1.42616372e-04
1.42432215e-04
1.42248337e-04
1.42064735e-04
1.41881410e-04
1.41698360e-04
1.41515586e-04
1.41333087e-04
1.41150862e-04
1.40968910e-04
1.40787231e-04
1.40605825e-04
1.40424691e-04
1.40243828e-04
1.40063235e-04
1.39882912e-04
1.39702858e-04
1.39523074e-04
1.39343557e-04
1.39164307e-04
1.38985325e-04
1.38806609e-04
1.38628159e-04
1.38449974e-04
1.38272054e-04
1.38094398e-04
1.37917006e-04
1.37739877e-04
1.37563010e-04
1.37386405e-04
1.37210062e-04
1.37033980e-04
1.36858158e-04
1.36682595e-04
1.36507292e-04
1.36332248e-04
1.36157462e-04
1.35982933e-04
1.35808661e-04
1.35634645e-04
1.35460886e-04
1.35287382e-04
1.35114133e-04
1.34941139e-04
1.34768398e-04
1.34595911e-04
1.34423676e-04
1.34251694e-04
1.34079964e-04
1.33908485e-04
1.33737256e-04
1.33566279e-04
1.33395550e-04
1.33225072e-04
1.33054841e-04
1.32884860e-04
1.32715126e-04
1.32545639e-04
1.32376399e-04
1.32207405e-04
1.32038657e-04
1.31870155e-04
1.31701897e-04
1.31533883e-04
1.31366114e-04
1.31198588e-04
1.31031305e-04
1.30864264e-04
1.30697465e-04
1.30530907e-04
1.30364590e-04
1.30198514e-04
1.30032678e-04
1.29867082e-04
1.29701724e-04
1.29536605e-04
1.29371724e-04
1.29207081e-04
1.29042675e-04
1.28878506e-04
1.28714573e-04
1.28550876e-04
1.28387414e-04
1.28224187e-04
1.28061194e-04
1.27898436e-04
1.27735911e-04
1.27573619e-04
1.27411560e-04
1.27249733e-04
1.27088137e-04
1.26926773e-04
1.26765640e-04
1.26604737e-04
1.26444064e-04
1.26283621e-04
1.26123406e-04
1.25963421e-04
1.25803663e-04
1.25644134e-04
1.25484831e-04
1.25325756e-04
1.25166907e-04
1.25008284e-04
1.24849887e-04
1.24691715e-04
1.24533768e-04
1.24376045e-04
1.24218546e-04
1.24061270e-04
1.23904218e-04
1.23747388e-04
1.23590780e-04
1.23434394e-04
1.23278230e-04
1.23122287e-04
1.22966564e-04
1.22811061e-04
1.22655778e-04
1.22500714e-04
1.22345870e-04
1.22191243e-04
1.22036835e-04
1.21882645e-04
1.21728672e-04
1.21574916e-04
1.21421376e-04
1.21268053e-04
1.21114945e-04
1.20962052e-04
1.20809374e-04
1.20656911e-04
1.20504662e-04
1.20352627e-04
1.20200805e-04
1.20049196e-04
1.19897799e-04
1.19746615e-04
1.19595642e-04
1.19444881e-04
1.19294331e-04
1.19143991e-04
1.18993862e-04
1.18843942e-04
1.18694232e-04
1.18544731e-04
1.18395439e-04
1.18246355e-04
1.18097479e-04
1.17948810e-04
1.17800349e-04
1.17652095e-04
1.17504046e-04
1.17356204e-04
1.17208568e-04
1.17061137e-04
1.16913911e-04
1.16766890e-04
1.16620073e-04
1.16473459e-04
1.16327049e-04
1.16180843e-04
1.16034839e-04
1.15889037e-04
1.15743438e-04
1.15598040e-04
1.15452843e-04
1.15307848e-04
1.15163053e-04
1.15018458e-04
1.14874063e-04
1.14729868e-04
1.14585872e-04
1.14442075e-04
1.14298476e-04
1.14155075e-04
1.14011872e-04
1.13868867e-04
1.13726059e-04
1.13583447e-04
1.13441032e-04
1.13298812e-04
1.13156789e-04
1.13014961e-04
1.12873328e-04
1.12731889e-04
1.12590645e-04
1.12449595e-04
1.12308738e-04
1.12168075e-04
1.12027605e-04
1.11887327e-04
1.11747242e-04
1.11607349e-04
1.11467647e-04
1.11328137e-04
1.11188817e-04
1.11049689e-04
1.10910750e-04
1.10772002e-04
1.10633443e-04
1.10495074e-04
1.10356893e-04
1.10218901e-04
1.10081098e-04
1.09943482e-04
1.09806055e-04
1.09668814e-04
1.09531761e-04
1.09394894e-04
1.09258214e-04
1.09121720e-04
1.08985412e-04
1.08849289e-04
1.08713351e-04
1.08577598e-04
1.08442030e-04
1.08306646e-04
1.08171445e-04
1.08036428e-04
1.07901595e-04
1.07766944e-04
1.07632476e-04
1.07498191e-04
1.07364087e-04
1.07230165e-04
1.07096425e-04
1.06962865e-04
1.06829487e-04
1.06696289e-04
1.06563271e-04
1.06430433e-04
1.06297774e-04
1.06165295e-04
1.06032995e-04
1.05900873e-04
1.05768930e-04
1.05637164e-04
1.05505577e-04
1.05374167e-04
1.05242934e-04
1.05111878e-04
1.04980999e-04
1.04850296e-04
1.04719769e-04
1.04589417e-04
1.04459242e-04
1.04329241e-04
1.04199415e-04
1.04069763e-04
1.03940286e-04
1.03810983e-04
1.03681853e-04
1.03552897e-04
1.03424113e-04
1.03295503e-04
1.03167065e-04
1.03038800e-04
1.02910706e-04
1.02782784e-04
1.02655033e-04
1.02527454e-04
1.02400045e-04
1.02272807e-04
1.02145739e-04
1.02018841e-04
1.01892113e-04
1.01765554e-04
1.01639164e-04
1.01512943e-04
1.01386891e-04
1.01261007e-04
1.01135291e-04
1.01009743e-04
1.00884362e-04
1.00759149e-04
1.00634102e-04
1.00509223e-04
1.00384509e-04
1.00259962e-04
1.00135580e-04
1.00011365e-04
9.98873141e-05
