3.4472752
1.0634623
-0.28446978
-0.90675377
-1.2563897
-1.4827561
-1.6644727
-1.7907581
-1.8829361
-1.9451034
-1.9769643
-2.0027989
-2.0333139
-2.0593445
-2.0761647
-2.0909346
-2.1038714
-2.1062505
-2.1076783
-2.1136257
-2.1223875
-2.1324322
-2.142345
-2.150641
-2.1557461
-2.1591422
-2.1628919
-2.167148
-2.1717165
-2.1764531
-2.1812007
-2.1857032
-2.1895545
-2.1932353
-2.196961
-2.200712
-2.2044511
-2.2081358
-2.2117336
-2.2151701
-2.2160162
-2.2181704
-2.2216503
-2.2245954
-2.2273039
-2.230212
-2.2328915
-2.2353467
-2.2377049
-2.2400287
-2.2423394
-2.2446468
-2.2469502
-2.2492403
-2.251514
-2.2537672
-2.2559997
-2.258214
-2.2604118
-2.2625936
-2.2647598
-2.2669105
-2.2685898
-2.2686173
-2.2704435
-2.2727168
-2.2747397
-2.2765882
-2.2786477
-2.2805738
-2.2823412
-2.2840453
-2.2857208
-2.2873593
-2.2889821
-2.290146
-2.2913098
-2.2922744
-2.2927207
-2.2944191
-2.2960912
-2.2972978
-2.2987291
-2.3000602
-2.3013706
-2.3026331
-2.3038791
-2.305093
-2.3062734
-2.3074296
-2.3085655
-2.3096786
-2.3107696
-2.3118483
-2.3129222
-2.3139895
-2.3150545
-2.3161161
-2.3171725
-2.3182218
-2.319263
-2.3202964
-2.3213217
-2.3223387
-2.3233475
-2.3243487
-2.3253426
-2.3263292
-2.3273092
-2.3282829
-2.3292507
-2.3302127
-2.3311689
-2.3321193
-2.3330639
-2.3340029
-2.3349362
-2.3358639
-2.3367862
-2.337703
-2.3386144
-2.339504
-2.3403871
-2.3412669
-2.3421473
-2.3430304
-2.3439152
-2.3448001
-2.345683
-2.3465618
-2.3474335
-2.3482968
-2.3491533
-2.3500036
-2.3508481
-2.3516873
-2.3525215
-2.3533508
-2.3541755
-2.3549958
-2.355812
-2.3564658
-2.3564626
-2.3570565
-2.3579445
-2.3587176
-2.3595533
-2.360455
-2.3613632
-2.3622219
-2.3630334
-2.3637889
-2.3644815
-2.3651557
-2.3658299
-2.3665082
-2.3671876
-2.3678612
-2.368528
-2.3691889
-2.3698424
-2.3704901
-2.3711345
-2.3717787
-2.372424
-2.3730684
-2.3737095
-2.3743465
-2.3749795
-2.3756085
-2.3762332
-2.3768537
-2.3774703
-2.3780831
-2.3786922
-2.3792978
-2.3799001
-2.3804993
-2.3810956
-2.3816892
-2.3822801
-2.3828684
-2.383454
-2.3840369
-2.3846169
-2.3851941
-2.3857684
-2.3863398
-2.3869082
-2.3874738
-2.3880366
-2.3885966
-2.3891538
-2.3897083
-2.3902602
-2.3908094
-2.3913561
-2.3919002
-2.3924417
-2.3929808
-2.3935173
-2.3940513
-2.3945828
-2.3951119
-2.3956385
-2.3955645
-2.3957367
-2.3962696
-2.3969118
-2.3975778
-2.3982372
-2.3988406
-2.3993961
-2.3999342
-2.4004352
-2.4008844
-2.4013339
-2.4017911
-2.4022522
-2.4027103
-2.4031488
-2.403597
-2.4040487
-2.4044943
-2.4049359
-2.4053741
-2.4058113
-2.4062481
-2.4066834
-2.4071172
-2.4075496
-2.40798
-2.4084077
-2.4088329
-2.4092552
-2.4096654
-2.41008
-2.410498
-2.4109125
-2.4113226
-2.411729
-2.4121327
-2.4125342
-2.4129341
-2.4133324
-2.4137292
-2.4141244
-2.4145181
-2.4149101
-2.4153005
-2.4156889
-2.4160755
-2.41646
-2.4168425
-2.4172231
-2.4176016
-2.4179782
-2.4179084
-2.4179481
-2.4183987
-2.4189921
-2.4194177
-2.4197232
-2.4197384
-2.4200066
-2.4204726
-2.420869
-2.4211715
-2.4215112
-2.4218992
-2.4222806
-2.4226373
-2.4229646
-2.4232781
-2.4235741
-2.423855
-2.4241351
-2.4244186
-2.4247061
-2.4249973
-2.4252924
-2.4255909
-2.4258919
-2.4259028
-2.4254754
-2.4255949
-2.4260734
-2.4258157
-2.4251044
-2.4253391
-2.4261708
-2.4269824
-2.4273882
-2.4275905
-2.4275708
-2.4275388
-2.4277464
-2.4279311
-2.4281802
-2.4284636
-2.4287994
-2.4291587
-2.4294583
-2.4296588
-2.4297793
-2.4299212
-2.4300912
-2.4302794
-2.4304756
-2.4306581
-2.4308062
-2.4309508
-2.4311008
-2.4312577
-2.4314188
-2.4310469
-2.4305595
-2.4301624
-2.4303359
-2.4307236
-2.4310848
-2.4313444
-2.4315187
-2.4316016
-2.4317236
-2.4319038
-2.4321104
-2.4322831
-2.4323927
-2.4323761
-2.432298
-2.4323082
-2.4323939
-2.432537
-2.43269
-2.4328167
-2.4328293
-2.4328587
-2.4329464
-2.4330844
-2.433252
-2.4334155
-2.4335273
-2.4336142
-2.4336843
-2.4337538
-2.4338178
-2.4338769
-2.4339284
-2.4339677
-2.4340197
-2.4340867
-2.434166
-2.4342536
-2.4343414
-2.4344227
-2.434504
-2.4345827
-2.434649
-2.4347025
-2.4347481
-2.4347893
-2.4348317
-2.4348775
-2.4349273
-2.4349809
-2.4350381
-2.4350982
-2.4351606
-2.4352243
-2.4352883
-2.4353507
-2.4354107
-2.4354673
-2.4355204
-2.4355704
-2.4356181
-2.4356649
-2.4357118
-2.4357596
-2.4358085
-2.4358583
-2.4359086
-2.435959
-2.436009
-2.4360581
-2.4361058
-2.4361523
-2.4361974
-2.4362417
-2.4362856
-2.4363293
-2.4363731
-2.4364173
-2.4364619
-2.4365067
-2.4365519
-2.4365971
-2.4366423
-2.4364944
-2.4364197
-2.4364405
-2.4365197
-2.436618
-2.4367034
-2.4367501
-2.4368035
-2.4368681
-2.4369402
-2.4370021
-2.4370454
-2.43708
-2.4371204
-2.437167
-2.4372168
-2.4372666
-2.4373138
-2.4373547
-2.4371063
-2.436845
-2.4367361
-2.4368051
-2.4369128
-2.4369987
-2.437071
-2.4371727
-2.4373253
-2.4374848
-2.4375839
-2.4375911
-2.4375697
-2.437571
-2.437601
-2.4376485
-2.4377081
-2.4377699
-2.4378255
-2.4378637
-2.4378671
-2.4378556
-2.4378547
-2.4378658
-2.4378877
-2.4379176
-2.4379538
-2.4379939
-2.4380351
-2.4380753
-2.4381108
-2.4381387
-2.4381599
-2.4381776
-2.4381955
-2.4382145
-2.4382345
-2.4382544
-2.4382733
-2.438291
-2.438307
-2.4383221
-2.4383371
-2.4383531
-2.4383705
-2.4383893
-2.4384093
-2.4384299
-2.4384507
-2.4384712
-2.4384909
-2.4385099
-2.4385281
-2.4385456
-2.4385625
-2.4385791
-2.4385955
-2.4386116
-2.4386275
-2.4386433
-2.4386588
-2.4386743
-2.4386897
-2.4387051
-2.4387206
-2.4387362
-2.4387518
-2.4387674
-2.4387829
-2.4387984
-2.4388137
-2.4388288
-2.4388438
-2.4388586
-2.4388732
-2.4388876
-2.4389019
-2.4389162
-2.4389303
-2.4389443
-2.4389582
-2.438972
-2.4389857
-2.4389994
-2.4390129
-2.4390264
-2.4390398
-2.4390531
-2.4390663
-2.4390795
-2.4390925
-2.4391054
-2.4391183
-2.439131
-2.4391437
-2.4391562
-2.4391686
-2.439181
-2.4391933
-2.4392054
-2.4392175
-2.4392296
-2.4392415
-2.4392534
-2.4392651
-2.4392769
-2.4392885
-2.4392989
-2.439307
-2.4393191
-2.4393319
-2.439344
-2.4393554
-2.4393664
-2.4393769
-2.4393875
-2.4393984
-2.4394094
-2.4394202
-2.439431
-2.4394417
-2.4394524
-2.4394631
-2.4394737
-2.4394843
-2.4394949
-2.4395055
-2.4395159
-2.4395263
-2.4395366
-2.4395467
-2.4395567
-2.4395667
-2.4395765
-2.4395862
-2.4395958
-2.4396053
-2.4396147
-2.4396241
-2.4396334
-2.4396427
-2.4396519
-2.4396611
-2.4396703
-2.4396795
-2.4396886
-2.4396977
-2.4397068
-2.4397158
-2.4397247
-2.4397336
-2.4397424
-2.4397511
-2.4397598
-2.4397684
-2.439777
-2.4397855
-2.439794
-2.4398024
-2.4398108
-2.4398191
-2.4398273
-2.4398356
-2.4398437
-2.4398519
-2.4398599
-2.439868
-2.439876
-2.4398839
-2.4398918
-2.4398997
-2.4399075
-2.4399152
-2.439923
-2.4399307
-2.4399383
-2.4399459
-2.4399535
-2.439961
-2.4399685
-2.4399759
-2.4399833
-2.4399907
-2.439998
-2.4400053
-2.4400126
-2.4400198
-2.4400269
-2.4400341
-2.4400412
-2.4400482
-2.4400552
-2.4400622
-2.4400691
-2.440076
-2.4400829
-2.4400897
-2.4400965
-2.4401033
-2.44011
-2.4401167
-2.4401233
-2.4401299
-2.4401365
-2.4401431
-2.4401496
-2.440156
-2.4401625
-2.4401689
-2.4401753
-2.4401816
-2.440188
-2.4401943
-2.4402005
-2.4402067
-2.4402129
-2.4402191
-2.4402252
-2.4402313
-2.4402374
-2.4402434
-2.4402494
-2.4402554
-2.4402613
-2.4402673
-2.4402732
-2.440279
-2.4402848
-2.4402906
-2.4402964
-2.4403022
-2.4403079
-2.4403136
-2.4403192
-2.4403249
-2.4403305
-2.4403361
-2.4403416
-2.4403471
-2.4403526
-2.4403581
-2.4403636
-2.440369
-2.4403744
-2.4403797
-2.4403851
-2.4403904
-2.4403957
-2.440401
-2.4404062
-2.4404114
-2.4404166
-2.4404218
-2.4404269
-2.4404321
-2.4404372
-2.4404422
-2.4404473
-2.4404523
-2.4404573
-2.4404623
-2.4404672
-2.4404722
-2.4404771
-2.440482
-2.4404868
-2.4404917
-2.4404965
-2.4405013
-2.4405061
-2.4405109
-2.4405156
-2.4405203
-2.440525
-2.4405297
-2.4405343
-2.440539
-2.4405436
-2.4405482
-2.4405527
-2.4405573
-2.4405618
-2.4405663
-2.4405708
-2.4405753
-2.4405797
-2.4405842
-2.4405886
-2.440593
-2.4405973
-2.4406017
-2.440606
-2.4406103
-2.4406146
-2.4406189
-2.4406232
-2.4406274
-2.4406316
-2.4406359
-2.44064
-2.4406442
-2.4406484
-2.4406525
-2.4406566
-2.4406607
-2.4406648
-2.4406689
-2.4406729
-2.4406769
-2.440681
-2.4406849
-2.4406889
-2.4406929
-2.4406968
-2.4407008
-2.4407047
-2.4407086
-2.4407125
-2.4407163
-2.4407202
-2.440724
-2.4407278
-2.4407316
-2.4407354
-2.4407392
-2.4407429
-2.4407467
-2.4407504
-2.4407541
-2.4407578
-2.4407615
-2.4407652
-2.4407688
-2.4407724
-2.4407761
-2.4407797
-2.4407833
-2.4407868
-2.4407904
-2.4407939
-2.4407975
-2.440801
-2.4408045
-2.440808
-2.4408115
-2.4408149
-2.4408184
-2.4408218
-2.4408252
-2.4408287
-2.440832
-2.4408354
-2.4408388
-2.4408422
-2.4408455
-2.4408488
-2.4408521
-2.4408554
-2.4408587
-2.440862
-2.4408653
-2.4408685
-2.4408718
-2.440875
-2.4408782
-2.4408814
-2.4408846
-2.4408878
-2.4408909
-2.4408941
-2.4408972
-2.4409004
-2.4409035
-2.4409066
-2.4409097
-2.4409128
-2.4409158
-2.4409189
-2.4409219
-2.440925
-2.440928
-2.440931
-2.440934
-2.440937
-2.4409399
-2.4409429
-2.4409459
-2.4409488
-2.4409517
-2.4409547
-2.4409576
-2.4409605
-2.4409633
-2.4409662
-2.4409691
-2.4409719
-2.4409748
-2.4409776
-2.4409804
-2.4409833
-2.4409861
-2.4409888
-2.4409916
-2.4409944
-2.4409972
-2.4409999
-2.4410026
-2.4410054
-2.4410081
-2.4410108
-2.4410135
-2.4410162
-2.4410189
-2.4410215
-2.4410242
-2.4410268
-2.4410295
-2.4410321
-2.4410347
-2.4410373
-2.44104
-2.4410425
-2.4410451
-2.4410477
-2.4410503
-2.4410528
-2.4410554
-2.4410579
-2.4410604
-2.4410629
-2.4410655
-2.4410679
-2.4410704
-2.4410729
-2.4410754
-2.4410779
-2.4410803
-2.4410828
-2.4410852
-2.4410876
-2.44109
-2.4410925
-2.4410949
-2.4410972
-2.4410996
-2.441102
-2.4411044
-2.4411067
-2.4411091
-2.4411114
-2.4411138
-2.4411161
-2.4411184
-2.4411207
-2.441123
-2.4411253
-2.4411276
-2.4411299
-2.4411321
-2.4411344
-2.4411367
-2.4411389
-2.4411411
-2.4411434
-2.4411456
-2.4411478
-2.44115
-2.4411522
-2.4411544
-2.4411566
-2.4411588
-2.4411609
-2.4411631
-2.4411652
-2.4411674
-2.4411695
-2.4411716
-2.4411738
-2.4411759
-2.441178
-2.4411801
-2.4411822
-2.4411843
-2.4411863
-2.4411884
-2.4411905
-2.4411925
-2.4411946
-2.4411966
-2.4411987
-2.4412007
-2.4412027
-2.4412047
-2.4412067
-2.4412087
-2.4412107
-2.4412127
-2.4412147
-2.4412167
-2.4412186
-2.4412206
-2.4412226
-2.4412245
-2.4412264
-2.4412284
-2.4412303
-2.4412322
-2.4412341
-2.441236
-2.4412379
-2.4412398
-2.4412417
-2.4412436
-2.4412455
-2.4412473
-2.4412492
-2.4412511
-2.4412529
-2.4412548
-2.4412566
-2.4412584
-2.4412602
-2.4412621
-2.4412639
-2.4412657
-2.4412675
-2.4412693
-2.4412711
-2.4412728
-2.4412746
-2.4412764
-2.4412781
-2.4412799
-2.4412817
-2.4412834
-2.4412851
-2.4412869
-2.4412886
-2.4412903
-2.441292
-2.4412938
-2.4412955
-2.4412972
-2.4412989
-2.4413005
-2.4413022
-2.4413039
-2.4413056
-2.4413072
-2.4413089
-2.4413106
-2.4413122
-2.4413138
-2.4413155
-2.4413171
-2.4413187
-2.4413204
-2.441322
-2.4413236
-2.4413252
-2.4413268
-2.4413284
-2.44133
-2.4413316
-2.4413331
-2.4413347
-2.4413363
-2.4413379
-2.4413394
-2.441341
-2.4413425
-2.4413441
-2.4413456
-2.4413471
-2.4413487
-2.4413502
-2.4413517
-2.4413532
-2.4413547
-2.4413562
-2.4413577
-2.4413592
-2.4413607
-2.4413622
-2.4413637
-2.4413651
-2.4413666
-2.4413681
-2.4413695
-2.441371
-2.4413724
-2.4413739
-2.4413753
-2.4413768
-2.4413782
-2.4413796
-2.441381
-2.4413824
-2.4413839
-2.4413853
-2.4413867
-2.4413881
-2.4413895
-2.4413909
-2.4413922
-2.4413936
-2.441395
-2.4413964
-2.4413977
-2.4413991
-2.4414005
-2.4414018
-2.4414032
-2.4414045
-2.4414058
-2.4414072
-2.4414085
-2.4414098
-2.4414112
-2.4414125
-2.4414138
-2.4414151
-2.4414164
-2.4414177
-2.441419
-2.4414203
-2.4414216
-2.4414229
-2.4414242
-2.4414254
-2.4414267
-2.441428
-2.4414292
-2.4414305
-2.4414318
-2.441433
-2.4414343
-2.4414355
-2.4414368
-2.441438
-2.4414392
-2.4414405
-2.4414417
-2.4414429
-2.4414441
-2.4414453
-2.4414465
-2.4414477
-2.4414489
-2.4414501
-2.4414513
-2.4414525
-2.4414537
-2.4414549
-2.4414561
-2.4414573
-2.4414584
-2.4414596
-2.4414608
-2.4414619
-2.4414631
-2.4414642
-2.4414654
-2.4414665
-2.4414677
-2.4414688
-2.4414699
-2.4414711
-2.4414722
-2.4414733
-2.4414744
-2.4414756
-2.4414767
-2.4414778
-2.4414789
-2.44148
-2.4414811
-2.4414822
-2.4414833
-2.4414844
-2.4414855
-2.4414865
-2.4414876
-2.4414887
-2.4414898
-2.4414908
-2.4414919
-2.441493
-2.441494
-2.4414951
-2.4414961
-2.4414972
-2.4414982
-2.4414993
-2.4415003
-2.4415013
-2.4415024
-2.4415034
-2.4415044
-2.4415054
-2.4415065
-2.4415075
-2.4415085
-2.4415095
-2.4415105
-2.4415115
-2.4415125
-2.4415135
-2.4415145
-2.4415155
-2.4415165
-2.4415175
-2.4415184
-2.4415194
-2.4415204
-2.4415214
-2.4415223
-2.4415233
-2.4415243
-2.4415252
-2.4415262
-2.4415271
-2.4415281
-2.441529
-2.44153
-2.4415309
-2.4415319
-2.4415328
-2.4415337
-2.4415347
-2.4415356
-2.4415365
-2.4415375
-2.4415384
-2.4415393
-2.4415402
-2.4415411
-2.441542
-2.4415429
-2.4415438
-2.4415447
-2.4415456
-2.4415465
-2.441518
-2.4414867
-2.4414765
-2.4414775
-2.441483
-2.4414878
-2.4414913
-2.4414914
-2.4414862
-2.4414812
-2.4414772
-2.4414743
-2.4414733
-2.4414736
-2.4414745
-2.4414756
-2.4414766
-2.4414768
-2.441476
-2.4414748
-2.4414742
-2.4414741
-2.4414745
-2.4414743
-2.4414723
-2.44147
-2.4414729
-2.4414799
-2.4414899
-2.4415005
-2.4415054
-2.4415093
-2.4415151
-2.4415226
-2.4415302
-2.4415373
-2.4415441
-2.4415501
-2.4415528
-2.4415542
-2.441554
-2.4415533
-2.4415522
-2.4415512
-2.4415498
-2.4415476
-2.4415453
-2.4415434
-2.4415418
-2.4415405
-2.4415392
-2.4415379
-2.441536
-2.4415333
-2.4415305
-2.441528
-2.4415258
-2.4415239
-2.4415223
-2.4415209
-2.4415199
-2.4415193
-2.441519
-2.441519
-2.4415193
-2.4415199
-2.4415207
-2.4415217
-2.4415229
-2.4415243
-2.4415257
-2.4415271
-2.4415284
-2.4415293
-2.4415302
-2.4415313
-2.4415325
-2.4415133
-2.4414927
-2.4414927
-2.4415035
-2.4415165
-2.4415243
-2.4415258
-2.4415286
-2.4415331
-2.4415365
-2.4415393
-2.4415417
-2.4415427
-2.4415424
-2.4415403
-2.441537
-2.4415339
-2.4415303
-2.4415263
-2.4415219
-2.4415176
-2.4415137
-2.4415099
-2.4415064
-2.4415034
-2.4415008
-2.4414985
-2.4414965
-2.4414948
-2.4414934
-2.441492
-2.4414909
-2.44149
-2.4414894
-2.441489
-2.4414888
-2.4414888
-2.441489
-2.4414893
-2.4414899
-2.4414906
-2.4414915
-2.4414927
-2.4414942
-2.4414959
-2.4414979
-2.4415
-2.4415023
-2.4415047
-2.441507
-2.4415091
-2.4415112
-2.4415135
-2.441516
-2.4415187
-2.4415216
-2.4415247
-2.4415281
-2.4415316
-2.4415354
-2.4415393
-2.4415434
-2.4415476
-2.4415519
-2.4415563
-2.4415608
-2.4415653
-2.4415697
-2.4415741
-2.4415785
-2.4415825
-2.4415863
-2.4415899
-2.4415935
-2.4415968
-2.4415992
-2.4415991
-2.4415978
-2.4415954
-2.4415924
-2.4415895
-2.4415867
-2.4415838
-2.4415809
-2.4415781
-2.441575
-2.4415719
-2.4415691
-2.4415664
-2.441564
-2.4415617
-2.4415594
-2.4415572
-2.4415553
-2.4415534
-2.4415518
-2.4415504
-2.441549
-2.4415478
-2.4415467
-2.4415457
-2.4415449
-2.4415442
-2.4415436
-2.4415432
-2.4415429
-2.4415428
-2.4415428
-2.441543
-2.4415434
-2.4415439
-2.4415445
-2.4415453
-2.4415462
-2.4415472
-2.4415484
-2.4415496
-2.4415508
-2.4415494
-2.4415441
-2.4415407
-2.4415394
-2.44154
-2.4415416
-2.4415426
-2.4415421
-2.441542
-2.4415425
-2.4415433
-2.4415442
-2.4415448
-2.4415454
-2.4415461
-2.4415468
-2.4415476
-2.4415483
-2.441549
-2.4415495
-2.4415498
-2.4415501
-2.4415506
-2.4415511
-2.4415519
-2.4415527
-2.4415538
-2.4415549
-2.4415562
-2.4415577
-2.4415591
-2.4415607
-2.4415623
-2.4415639
-2.4415655
-2.4415669
-2.4415682
-2.4415693
-2.4415705
-2.4415717
-2.4415731
-2.4415744
-2.4415759
-2.4415774
-2.441579
-2.4415807
-2.4415824
-2.4415842
-2.441586
-2.4415879
-2.4415897
-2.4415916
-2.4415934
-2.441595
-2.4415966
-2.4415981
-2.4415996
-2.4416011
-2.4416027
-2.4416043
-2.4416059
-2.4416075
-2.4416092
-2.4416109
-2.4416126
-2.4416143
-2.4416161
-2.4416177
-2.4416192
-2.4416204
-2.4416205
-2.4416194
-2.4416181
-2.4416168
-2.4416155
-2.4416142
-2.441613
-2.4416118
-2.4416106
-2.4416096
-2.4416085
-2.4416075
-2.4416066
-2.4416057
-2.4416048
-2.4416039
-2.4416031
-2.4416022
-2.4416014
-2.4416006
-2.4415998
-2.441599
-2.4415983
-2.4415976
-2.441597
-2.4415964
-2.4415959
-2.4415954
-2.4415949
-2.4415945
-2.4415942
-2.4415939
-2.4415936
-2.4415934
-2.4415931
-2.441593
-2.4415928
-2.4415927
-2.4415926
-2.4415925
-2.4415924
-2.4415925
-2.4415925
-2.4415926
-2.4415927
-2.4415929
-2.4415931
-2.4415933
-2.4415936
-2.4415939
-2.4415943
-2.4415946
-2.441595
-2.4415954
-2.4415959
-2.4415963
-2.4415968
-2.4415973
-2.4415979
-2.4415985
-2.4415991
-2.4415997
-2.4416003
-2.441601
-2.4416017
-2.4416024
-2.4416032
-2.4416039
-2.4416047
-2.4416055
-2.4416063
-2.4416071
-2.4416079
-2.4416088
-2.4416096
-2.4416105
-2.4416113
-2.4416122
-2.4416131
-2.441614
-2.4416149
-2.4416158
-2.4416167
-2.4416176
-2.4416186
-2.4416195
-2.4416204
-2.4416213
-2.4416222
-2.4416231
-2.441624
-2.4416249
-2.4416258
-2.4416267
-2.4416276
-2.4416285
-2.4416294
-2.44163
-2.4416304
-2.44163
-2.4416294
-2.4416287
-2.441628
-2.4416273
-2.4416267
-2.441626
-2.4416254
-2.4416247
-2.4416241
-2.4416235
-2.441623
-2.4416224
-2.4416218
-2.4416213
-2.4416208
-2.4416203
-2.4416198
-2.4416194
-2.4416189
-2.4416185
-2.4416181
-2.4416177
-2.4416174
-2.441617
-2.4416167
-2.4416164
-2.4416161
-2.4416159
-2.4416156
-2.4416154
-2.4416152
-2.441615
-2.4416149
-2.4416147
-2.4416146
-2.4416145
-2.4416145
-2.4416144
-2.4416144
-2.4416144
-2.4416144
-2.4416144
-2.4416145
-2.4416145
-2.4416146
-2.4416148
-2.4416149
-2.441615
-2.4416152
-2.4416154
-2.4416156
-2.4416158
-2.4416161
-2.4416163
-2.4416166
-2.4416169
-2.4416172
-2.4416175
-2.4416179
-2.4416182
-2.4416186
-2.441619
-2.4416193
-2.4416198
-2.4416202
-2.4416206
-2.441621
-2.4416215
-2.4416219
-2.4416224
-2.4416229
-2.4416234
-2.4416239
-2.4416244
-2.4416249
-2.4416254
-2.4416259
-2.4416264
-2.441627
-2.4416275
-2.441628
-2.4416286
-2.4416291
-2.4416297
-2.4416302
-2.4416307
-2.4416313
-2.4416318
-2.4416324
-2.4416329
-2.4416335
-2.441634
-2.4416345
-2.4416351
-2.4416356
-2.4416361
-2.4416366
-2.441637
-2.4416372
-2.4416371
-2.4416368
-2.4416364
-2.4416361
-2.4416357
-2.4416353
-2.441635
-2.4416346
-2.4416343
-2.4416339
-2.4416336
-2.4416333
-2.441633
-2.4416327
-2.4416324
-2.4416321
-2.4416318
-2.4416316
-2.4416313
-2.4416311
-2.4416309
-2.4416306
-2.4416304
-2.4416302
-2.4416301
-2.4416299
-2.4416297
-2.4416296
-2.4416295
-2.4416293
-2.4416292
-2.4416291
-2.441629
-2.441629
-2.4416289
-2.4416289
-2.4416288
-2.4416288
-2.4416288
-2.4416288
-2.4416288
-2.4416288
-2.4416288
-2.4416289
-2.4416289
-2.441629
-2.4416291
-2.4416292
-2.4416293
-2.4416294
-2.4416295
-2.4416297
-2.4416298
-2.44163
-2.4416301
-2.4416303
-2.4416305
-2.4416307
-2.4416309
-2.4416311
-2.4416313
-2.4416316
-2.4416318
-2.441632
-2.4416323
-2.4416325
-2.4416328
-2.4416331
-2.4416334
-2.4416336
-2.4416339
-2.4416342
-2.4416345
-2.4416348
-2.4416351
-2.4416354
-2.4416357
-2.4416361
-2.4416364
-2.4416367
-2.441637
-2.4416374
-2.4416377
-2.441638
-2.4416384
-2.4416387
-2.441639
-2.4416393
-2.4416397
-2.44164
-2.4416403
-2.4416407
-2.441641
-2.4416413
-2.4416416
-2.4416419
-2.4416422
-2.4416423
-2.4416423
-2.4416421
-2.4416419
-2.4416417
-2.4416415
-2.4416413
-2.4416411
-2.4416408
-2.4416406
-2.4416404
-2.4416402
-2.44164
-2.4416399
-2.4416397
-2.4416395
-2.4416393
-2.4416392
-2.441639
-2.4416389
-2.4416387
-2.4416386
-2.4416384
-2.4416383
-2.4416382
-2.4416381
-2.441638
-2.4416379
-2.4416378
-2.4416377
-2.4416376
-2.4416375
-2.4416375
-2.4416374
-2.4416374
-2.4416373
-2.4416373
-2.4416373
-2.4416373
-2.4416372
-2.4416372
-2.4416372
-2.4416373
-2.4416373
-2.4416373
-2.4416373
-2.4416374
-2.4416374
-2.4416375
-2.4416375
-2.4416376
-2.4416377
-2.4416378
-2.4416379
-2.441638
-2.4416381
-2.4416382
-2.4416383
-2.4416384
-2.4416385
-2.4416387
-2.4416388
-2.4416389
-2.4416391
-2.4416392
-2.4416394
-2.4416396
-2.4416397
-2.4416399
-2.4416401
-2.4416402
-2.4416404
-2.4416406
-2.4416408
-2.441641
-2.4416412
-2.4416414
-2.4416416
-2.4416418
-2.441642
-2.4416422
-2.4416424
-2.4416426
-2.4416428
-2.441643
-2.4416433
-2.4416435
-2.4416437
-2.4416439
-2.4416441
-2.4416443
-2.4416445
-2.4416448
-2.441645
-2.4416452
-2.4416454
-2.4416456
-2.4416458
-2.441646
-2.4416461
-2.4416462
-2.4416462
-2.4416461
-2.441646
-2.4416459
-2.4416458
-2.4416456
-2.4416455
-2.4416454
-2.4416453
-2.4416452
-2.441645
-2.4416449
-2.4416448
-2.4416447
-2.4416446
-2.4416445
-2.4416444
-2.4416443
-2.4416443
-2.4416442
-2.4416441
-2.441644
-2.4416438
-2.4416421
-2.4416417
-2.4416421
-2.4416427
-2.441643
-2.4416432
-2.4416435
-2.4416439
-2.4416444
-2.4416447
-2.4416451
-2.4416455
-2.4416458
-2.4416461
-2.4416464
-2.441646
-2.4416454
-2.4416454
-2.4416454
-2.4416453
-2.4416452
-2.4416452
-2.4416452
-2.4416454
-2.4416458
-2.4416461
-2.4416465
-2.4416468
-2.4416471
-2.4416473
-2.4416473
-2.4416473
-2.4416473
-2.4416472
-2.4416472
-2.4416472
-2.4416472
-2.4416473
-2.4416474
-2.4416475
-2.4416476
-2.4416477
-2.4416478
-2.4416479
-2.441648
-2.4416481
-2.4416482
-2.4416482
-2.4416482
-2.4416482
-2.4416482
-2.4416482
-2.4416482
-2.4416482
-2.4416483
-2.4416484
-2.4416484
-2.4416485
-2.4416486
-2.4416487
-2.4416487
-2.4416487
-2.4416487
-2.4416487
-2.4416488
-2.4416488
-2.4416488
-2.4416488
-2.4416489
-2.4416489
-2.4416489
-2.441649
-2.441649
-2.4416491
-2.4416491
-2.4416491
-2.4416492
-2.4416492
-2.4416492
-2.4416492
-2.4416493
-2.4416493
-2.4416493
-2.4416493
-2.4416493
-2.4416494
-2.4416494
-2.4416494
-2.4416495
-2.4416495
-2.4416495
-2.4416495
-2.4416496
-2.4416496
-2.4416496
-2.4416497
-2.4416497
-2.4416497
-2.4416497
-2.4416498
-2.4416498
-2.4416498
-2.4416498
-2.4416498
-2.4416499
-2.4416499
-2.4416499
-2.4416499
-2.44165
-2.44165
-2.44165
-2.44165
-2.4416501
-2.4416501
-2.4416501
-2.4416501
-2.4416502
-2.4416502
-2.4416502
-2.4416502
-2.4416502
-2.4416503
-2.4416503
-2.4416503
-2.4416503
-2.4416504
-2.4416504
-2.4416504
-2.4416504
-2.4416504
-2.4416505
-2.4416505
-2.4416505
-2.4416505
-2.4416506
-2.4416506
-2.4416506
-2.4416506
-2.4416506
-2.4416507
-2.4416507
-2.4416507
-2.4416507
-2.4416507
-2.4416508
-2.4416508
-2.4416508
-2.4416508
-2.4416509
-2.4416509
-2.4416509
-2.4416509
-2.4416509
-2.441651
-2.441651
-2.441651
-2.441651
-2.441651
-2.4416511
-2.4416511
-2.4416511
-2.4416511
-2.4416511
-2.4416512
-2.4416512
-2.4416512
-2.4416512
-2.4416512
-2.4416513
-2.4416513
-2.4416513
-2.4416513
-2.4416513
-2.4416514
-2.4416514
-2.4416514
-2.4416514
-2.4416514
-2.4416515
-2.4416515
-2.4416515
-2.4416515
-2.4416515
-2.4416516
-2.4416516
-2.4416516
-2.4416516
-2.4416516
-2.4416516
-2.4416517
-2.4416517
-2.4416517
-2.4416517
-2.4416517
-2.4416518
-2.4416518
-2.4416518
-2.4416518
-2.4416518
-2.4416519
-2.4416519
-2.4416519
-2.4416519
-2.4416519
-2.4416519
-2.441652
-2.441652
-2.441652
-2.441652
-2.441652
-2.441652
-2.4416521
-2.4416521
-2.4416521
-2.4416521
-2.4416521
-2.4416522
-2.4416522
-2.4416522
-2.4416522
-2.4416522
-2.4416522
-2.4416523
-2.4416523
-2.4416523
-2.4416523
-2.4416523
-2.4416523
-2.4416524
-2.4416524
-2.4416524
-2.4416524
-2.4416524
-2.4416524
-2.4416525
-2.4416525
-2.4416525
-2.4416525
-2.4416525
-2.4416525
-2.4416526
-2.4416526
-2.4416526
-2.4416526
-2.4416526
-2.4416526
-2.4416527
-2.4416527
-2.4416527
-2.4416527
-2.4416527
-2.4416527
-2.4416528
-2.4416528
-2.4416528
-2.4416528
-2.4416528
-2.4416528
-2.4416528
-2.4416529
-2.4416529
-2.4416529
-2.4416529
-2.4416529
-2.4416529
-2.441653
-2.441653
-2.441653
-2.441653
-2.441653
-2.441653
-2.4416531
-2.4416531
-2.4416531
-2.4416531
-2.4416531
-2.4416531
-2.4416531
-2.4416532
-2.4416532
-2.4416532
-2.4416532
-2.4416532
-2.4416532
-2.4416532
-2.4416533
-2.4416533
-2.4416533
-2.4416533
-2.4416533
-2.4416533
-2.4416533
-2.4416534
-2.4416534
-2.4416534
-2.4416534
-2.4416534
-2.4416534
-2.4416534
-2.4416535
-2.4416535
-2.4416535
-2.4416535
-2.4416535
-2.4416535
-2.4416535
-2.4416536
-2.4416536
-2.4416536
-2.4416536
-2.4416536
-2.4416536
-2.4416536
-2.4416537
-2.4416537
-2.4416537
-2.4416537
-2.4416537
-2.4416537
-2.4416537
-2.4416538
-2.4416538
-2.4416538
-2.4416538
-2.4416538
-2.4416538
-2.4416538
-2.4416538
-2.4416539
-2.4416539
-2.4416539
-2.4416539
-2.4416539
-2.4416539
-2.4416539
-2.4416539
-2.441654
-2.441654
-2.441654
-2.441654
-2.441654
-2.441654
-2.441654
-2.4416541
-2.4416541
-2.4416541
-2.4416541
-2.4416541
-2.4416541
-2.4416541
-2.4416541
-2.4416542
-2.4416542
-2.4416542
-2.4416542
-2.4416542
-2.4416542
-2.4416542
-2.4416542
-2.4416542
-2.4416543
-2.4416543
-2.4416543
-2.4416543
-2.4416543
-2.4416543
-2.4416543
-2.4416543
-2.4416544
-2.4416544
-2.4416544
-2.4416544
-2.4416544
-2.4416544
-2.4416544
-2.4416544
-2.4416545
-2.4416545
-2.4416545
-2.4416545
-2.4416545
-2.4416545
-2.4416545
-2.4416545
-2.4416545
-2.4416546
-2.4416546
-2.4416546
-2.4416546
-2.4416546
-2.4416546
-2.4416546
-2.4416546
-2.4416546
-2.4416547
-2.4416547
-2.4416547
-2.4416547
-2.4416547
-2.4416547
-2.4416547
-2.4416547
-2.4416547
-2.4416548
-2.4416548
-2.4416548
-2.4416548
-2.4416548
-2.4416548
-2.4416548
-2.4416548
-2.4416548
-2.4416549
-2.4416549
-2.4416549
-2.4416549
-2.4416549
-2.4416549
-2.4416549
-2.4416549
-2.4416549
-2.4416549
-2.441655
-2.441655
-2.441655
-2.441655
-2.441655
-2.441655
-2.441655
-2.441655
-2.441655
