1.87657007e+00
1.38749520e+00
1.10664125e+00
9.11654630e-01
7.66763672e-01
6.55331459e-01
5.66586350e-01
4.94656467e-01
4.35473117e-01
3.86307440e-01
3.44599512e-01
3.08389980e-01
2.76659314e-01
2.49125195e-01
2.24925939e-01
2.03535666e-01
1.84787363e-01
1.68189980e-01
1.53293771e-01
1.39919620e-01
1.27927432e-01
1.17261827e-01
1.07784882e-01
9.93064954e-02
9.16148700e-02
8.46472894e-02
7.83271699e-02
7.25881156e-02
6.73401020e-02
6.25206074e-02
5.81098166e-02
5.40827085e-02
5.04007130e-02
4.70384232e-02
4.39422814e-02
4.10741186e-02
3.84252186e-02
3.59820219e-02
3.37264734e-02
3.16408668e-02
2.97101907e-02
2.79224462e-02
2.62670108e-02
2.47328796e-02
2.33104553e-02
2.19885083e-02
2.07552002e-02
1.96037196e-02
1.85272119e-02
1.75211067e-02
1.65799385e-02
1.56984587e-02
1.48718489e-02
1.40959022e-02
1.33669902e-02
1.26818921e-02
1.20376338e-02
1.14314102e-02
1.08605814e-02
1.03226919e-02
9.81304323e-03
9.32994174e-03
8.87454836e-03
8.44629609e-03
8.04304265e-03
7.66212529e-03
7.30129351e-03
6.95904113e-03
6.63440909e-03
6.32662691e-03
6.03486235e-03
5.75817244e-03
5.49557770e-03
5.24615627e-03
5.00909538e-03
4.78368748e-03
4.56929803e-03
4.36533459e-03
4.17123169e-03
3.98643451e-03
3.81072025e-03
3.64341009e-03
3.48383372e-03
3.33159331e-03
3.18636443e-03
3.04783535e-03
2.91569426e-03
2.78963195e-03
2.66934728e-03
2.55455138e-03
2.44496982e-03
2.34034322e-03
2.24042695e-03
2.14499038e-03
2.05381602e-03
1.96669859e-03
1.88344416e-03
1.80386934e-03
1.72780054e-03
1.65507333e-03
1.58553185e-03
1.51902830e-03
1.45542250e-03
1.39458137e-03
1.33637861e-03
1.28110924e-03
1.23211348e-03
1.18568430e-03
1.13969048e-03
1.09392969e-03
1.04882460e-03
1.00486924e-03
9.62427533e-04
9.21699650e-04
8.82755795e-04
8.46458512e-04
8.13990966e-04
7.82368502e-04
7.50721185e-04
7.19231222e-04
6.90259198e-04
6.63111180e-04
6.36387865e-04
6.10199941e-04
5.84820393e-04
5.60423440e-04
5.37075784e-04
5.14777241e-04
4.93495317e-04
4.73184825e-04
4.53796906e-04
4.35282779e-04
4.17945428e-04
4.02511736e-04
3.87466441e-04
3.72346367e-04
3.57280947e-04
3.42551068e-04
3.28957419e-04
3.23135106e-04
3.15728405e-04
3.05358742e-04
2.93542986e-04
2.81375998e-04
2.69418605e-04
2.57913397e-04
2.46942768e-04
2.36515479e-04
2.26609691e-04
2.17193241e-04
2.08232661e-04
1.99696742e-04
1.91557551e-04
1.83790349e-04
1.76373135e-04
1.69286149e-04
1.62511450e-04
1.56032602e-04
1.49834451e-04
1.43902950e-04
1.38225038e-04
1.32788526e-04
1.27582014e-04
1.22594808e-04
1.17816855e-04
1.13238684e-04
1.08851353e-04
1.04646401e-04
1.00615815e-04
9.67519918e-05
9.30477064e-05
8.94960893e-05
8.60906009e-05
8.28250114e-05
7.96933821e-05
7.66900482e-05
7.38096035e-05
7.10468866e-05
6.83969670e-05
6.58551335e-05
6.34168826e-05
6.10779081e-05
5.88340906e-05
5.66814890e-05
5.46163311e-05
5.26350056e-05
5.07340547e-05
4.89101666e-05
4.71601685e-05
4.54810205e-05
4.38698094e-05
4.23237428e-05
4.08403547e-05
3.94170619e-05
3.80512607e-05
3.67405393e-05
3.54826250e-05
3.42753538e-05
3.31166507e-05
3.20045199e-05
3.09370412e-05
2.99123695e-05
2.89287335e-05
2.79844331e-05
2.70778369e-05
2.62073785e-05
2.53715548e-05
2.45689233e-05
2.37981005e-05
2.30577595e-05
2.23466281e-05
2.16634862e-05
2.10071637e-05
2.03765378e-05
1.97705316e-05
1.91881116e-05
1.86282861e-05
1.80901036e-05
1.75726512e-05
1.70750528e-05
1.65964679e-05
1.61360903e-05
1.56931467e-05
1.52668954e-05
1.48566250e-05
1.44616537e-05
1.40813278e-05
1.37150206e-05
1.33621315e-05
1.30220853e-05
1.26943307e-05
1.23783398e-05
1.20736073e-05
1.17796491e-05
1.14960023e-05
1.12222238e-05
1.09578896e-05
1.07025944e-05
1.04559506e-05
1.02175878e-05
9.98715176e-06
9.76430423e-06
9.54872199e-06
9.34009637e-06
9.13813262e-06
8.95477801e-06
9.10448330e-06
9.31303152e-06
9.43644915e-06
9.43923149e-06
9.33404627e-06
9.14893512e-06
8.91257075e-06
8.64881344e-06
8.37551327e-06
8.10498789e-06
7.84500546e-06
7.59982225e-06
7.37113814e-06
7.15893173e-06
6.96215244e-06
6.77925170e-06
6.60854973e-06
6.44845504e-06
6.29756904e-06
6.15471345e-06
6.01891440e-06
5.88936829e-06
5.76540513e-06
5.64645728e-06
5.53203619e-06
5.42171663e-06
5.31512672e-06
5.21194175e-06
5.11187978e-06
5.01469810e-06
4.92018952e-06
4.82817842e-06
4.73851660e-06
4.65107889e-06
4.56575910e-06
4.48246617e-06
4.40112090e-06
4.32165318e-06
4.24399985e-06
4.16810294e-06
4.09390853e-06
4.02136576e-06
3.95042630e-06
3.88104387e-06
3.81317399e-06
3.74677378e-06
3.68180183e-06
3.61821814e-06
3.55598401e-06
3.49506202e-06
3.43541597e-06
3.37701089e-06
3.31981295e-06
3.26378945e-06
3.20890882e-06
3.15514056e-06
3.10245522e-06
3.05082436e-06
3.00022054e-06
2.95061727e-06
2.90198897e-06
2.85431095e-06
2.80755935e-06
2.76171113e-06
2.71674405e-06
2.67263657e-06
2.62936788e-06
2.58691786e-06
2.54526701e-06
2.50439647e-06
2.46428797e-06
2.42492381e-06
2.38628682e-06
2.34836037e-06
2.31112832e-06
2.27457500e-06
2.23868524e-06
2.20344425e-06
2.16883773e-06
2.13485175e-06
2.10147277e-06
2.06868767e-06
2.03648364e-06
2.00484827e-06
1.97376945e-06
1.94323543e-06
1.91323475e-06
1.88375628e-06
1.85478915e-06
1.82632281e-06
1.79834695e-06
1.77085155e-06
1.74382684e-06
1.71726330e-06
1.69115163e-06
1.66548279e-06
1.64024795e-06
1.61543849e-06
1.59104602e-06
1.56706234e-06
1.54347944e-06
1.52028954e-06
1.49748499e-06
1.47505837e-06
1.45300240e-06
1.43130998e-06
1.40997420e-06
1.38898826e-06
1.36834557e-06
1.34803964e-06
1.32806417e-06
1.30841298e-06
1.28908002e-06
1.27005939e-06
1.25134532e-06
1.23293217e-06
1.21481441e-06
1.19698665e-06
1.17944359e-06
1.16218007e-06
1.14519103e-06
1.12847153e-06
1.11201670e-06
1.09582182e-06
1.07988225e-06
1.06419343e-06
1.04875091e-06
1.03355035e-06
1.01858748e-06
1.00385811e-06
9.89358152e-07
