-946.33162
-947.41093
-948.08459
-948.53706
-948.85537
-949.08647
-949.25835
-949.38891
-949.48975
-949.56907
-949.63179
-949.68156
-949.72137
-949.75379
-949.78019
-949.80183
-949.81966
-949.83438
-949.84654
-949.85671
-949.86531
-949.8726
-949.8788
-949.88405
-949.88854
-949.89237
-949.89564
-949.89842
-949.9008
-949.90283
-949.9046
-949.90613
-949.90748
-949.90867
-949.90971
-949.91063
-949.91144
-949.91215
-949.91278
-949.91333
-949.9138
-949.91422
-949.9146
-949.91493
-949.91522
-949.91548
-949.91572
-949.91592
-949.91611
-949.91627
-949.91643
-949.91656
-949.91669
-949.9168
-949.9169
-949.917
-949.91708
-949.91716
-949.91723
-949.91729
-949.91735
-949.91739
-949.91744
-949.91748
-949.91752
-949.91756
-949.91759
-949.91762
-949.91765
-949.91767
-949.9177
-949.91772
-949.91773
-949.91775
-949.91777
-949.91778
-949.9178
-949.91781
-949.91782
-949.91783
-949.91784
-949.91785
-949.91786
-949.91787
-949.91788
-949.91789
-949.91789
-949.9179
-949.91791
-949.91791
-949.91792
-949.91792
-949.91793
-949.91793
-949.91794
-949.91794
-949.91795
-949.91795
-949.91795
-949.91796
-949.91796
-949.91796
-949.91797
-949.91797
-949.91797
-949.91798
-949.91798
-949.91798
-949.91799
-949.91799
-949.91799
-949.918
-949.918
-949.918
-949.91801
-949.91801
-949.91801
-949.91802
-949.91802
-949.91802
-949.91802
-949.91803
-949.91803
-949.91803
-949.91804
-949.91804
-949.91804
-949.91804
-949.91804
-949.91805
-949.91805
-949.91805
-949.91805
-949.91805
-949.91806
-949.91806
-949.91806
-949.91806
-949.91806
-949.91806
-949.91807
-949.91807
-949.91807
-949.91807
-949.91808
-949.91808
-949.91808
-949.91808
-949.91809
-949.91809
-949.91809
-949.91809
-949.91809
-949.91809
-949.91809
-949.9181
-949.9181
-949.9181
-949.9181
-949.9181
-949.9181
-949.9181
-949.9181
-949.9181
-949.91811
-949.91811
-949.91811
-949.91811
-949.91811
-949.91811
-949.91811
-949.91811
-949.91811
-949.91811
-949.91811
-949.91811
-949.91811
-949.91811
-949.91812
-949.91812
-949.91812
-949.91812
-949.91812
-949.91812
-949.91812
-949.91812
-949.91812
-949.91812
-949.91812
-949.91812
-949.91812
-949.91812
-949.91812
-949.91812
-949.91812
-949.91812
-949.91812
-949.91812
-949.91812
-949.91812
-949.91812
-949.91812
-949.91812
-949.91812
-949.91812
-949.91813
-949.91813
-949.91813
-949.91813
-949.91813
-949.91813
-949.91813
-949.91813
-949.91813
-949.91813
-949.91813
-949.91813
-949.91813
-949.91813
-949.91813
-949.91813
-949.91813
-949.91813
-949.91813
-949.91813
-949.91813
-949.91813
-949.91813
-949.91813
-949.91813
-949.91813
-949.91813
-949.91813
-949.91813
-949.91813
-949.91813
-949.91813
-949.91813
-949.91813
-949.91813
-949.91813
-949.91813
-949.91813
-949.91813
-949.91813
-949.91813
-949.91813
-949.91813
-949.91813
-949.91813
-949.91813
-949.91813
-949.91813
-949.91813
-949.91813
-949.91813
-949.91813
-949.91813
-949.91813
-949.91813
-949.91813
-949.91813
-949.91813
-949.91813
-949.91813
-949.91813
-949.91813
-949.91813
-949.91813
-949.91813
-949.91813
-949.91813
-949.91813
-949.91813
-949.91813
-949.91814
-949.91814
-949.91814
-949.91814
-949.91814
-949.91814
-949.91814
-949.91814
-949.91814
-949.91814
-949.91814
-949.91814
-949.91814
-949.91814
-949.91814
-949.91814
-949.91814
-949.91814
-949.91814
-949.91814
-949.91814
-949.91814
-949.91814
-949.91814
-949.91814
-949.91814
-949.91814
-949.91814
-949.91814
-949.91814
-949.91814
-949.91814
-949.91814
-949.91814
-949.91814
-949.91814
-949.91814
-949.91814
-949.91814
-949.91814
-949.91814
-949.91814
-949.91814
-949.91814
-949.91814
-949.91814
-949.91814
-949.91814
-949.91814
-949.91814
-949.91814
-949.91814
-949.91814
-949.91814
-949.91814
-949.91814
-949.91814
-949.91814
-949.91814
-949.91814
-949.91814
-949.91814
-949.91814
-949.91814
-949.91814
-949.91814
-949.91814
-949.91814
-949.91814
-949.91814
-949.91814
-949.91814
-949.91814
-949.91814
-949.91814
-949.91814
-949.91814
-949.91814
-949.91814
-949.91814
-949.91814
-949.91814
-949.91814
-949.91814
-949.91814
-949.91814
-949.91814
-949.91814
-949.91814
-949.91814
-949.91814
-949.91814
-949.91814
-949.91814
-949.91814
-949.91814
-949.91814
-949.91814
-949.91814
-949.91814
-949.91814
-949.91814
