1.10289338e+00
9.28356862e-01
8.18521633e-01
7.38411277e-01
6.74292454e-01
6.19779532e-01
5.71871601e-01
5.29971046e-01
4.92742357e-01
4.59497570e-01
4.30337639e-01
4.03971710e-01
3.79847682e-01
3.57697243e-01
3.37456253e-01
3.18667946e-01
3.01201784e-01
2.85136073e-01
2.70369821e-01
2.56663460e-01
2.43964050e-01
2.32309540e-01
2.21572909e-01
2.11638542e-01
2.02426520e-01
1.93738839e-01
1.85486120e-01
1.77629369e-01
1.70242568e-01
1.63384638e-01
1.56985726e-01
1.50957132e-01
1.45257468e-01
1.39858905e-01
1.34753989e-01
1.29939334e-01
1.25382385e-01
1.20967043e-01
1.16707016e-01
1.12679565e-01
1.08904872e-01
1.05345989e-01
1.01945556e-01
9.86681699e-02
9.55093190e-02
9.23982949e-02
8.94302365e-02
8.66458650e-02
8.40390587e-02
8.15651081e-02
7.91740205e-02
7.68439109e-02
7.45841238e-02
7.23940638e-02
7.02441153e-02
6.81462425e-02
6.61442578e-02
6.42248212e-02
6.23810124e-02
6.06184859e-02
5.89264783e-02
5.72977567e-02
5.57271153e-02
5.42129577e-02
5.27507783e-02
5.13384183e-02
4.99789677e-02
4.85921831e-02
4.72367560e-02
4.59594515e-02
4.47617027e-02
4.36211529e-02
4.25155681e-02
4.14322200e-02
4.03697757e-02
3.93397037e-02
3.83473075e-02
3.73918100e-02
3.64692148e-02
3.55746920e-02
3.47019819e-02
3.38483873e-02
3.30188944e-02
3.22157095e-02
3.14380467e-02
3.06832303e-02
2.99485411e-02
2.92322026e-02
2.85332640e-02
2.78272583e-02
2.71131703e-02
2.64261570e-02
2.57792521e-02
2.51652692e-02
2.45713408e-02
2.39877992e-02
2.34124505e-02
2.28486944e-02
2.23005788e-02
2.17703724e-02
2.12580057e-02
2.07619393e-02
2.02705355e-02
1.97917492e-02
1.93323357e-02
1.88930865e-02
1.84690321e-02
1.80566091e-02
1.76538970e-02
1.72603047e-02
1.68764757e-02
1.65034646e-02
1.61419076e-02
1.57916457e-02
1.54518334e-02
1.51214345e-02
1.47996533e-02
1.44858500e-02
1.41797020e-02
1.38752999e-02
1.35732885e-02
1.32803522e-02
1.29993068e-02
1.27289854e-02
1.24666328e-02
1.21937798e-02
1.19195289e-02
1.16581260e-02
1.14137894e-02
1.11824420e-02
1.09577845e-02
1.07361026e-02
1.05175812e-02
1.02920395e-02
1.00609605e-02
9.84090000e-03
