-956.09586
-956.53566
-956.88421
-957.17104
-957.4109
-957.61231
-957.78228
-957.92708
-958.05173
-958.16015
-958.25534
-958.33919
-958.41327
-958.47893
-958.53729
-958.58928
-958.63576
-958.67748
-958.71492
-958.74852
-958.77884
-958.80638
-958.83144
-958.8543
-958.8752
-958.89433
-958.91188
-958.928
-958.9428
-958.95646
-958.96906
-958.9807
-958.99147
-959.00146
-959.01074
-959.01937
-959.0274
-959.03482
-959.04171
-959.04816
-959.0542
-959.05987
-959.06517
-959.07013
-959.07477
-959.07909
-959.08317
-959.08701
-959.09063
-959.09405
-959.09726
-959.10027
-959.1031
-959.10575
-959.10825
-959.11059
-959.11281
-959.11491
-959.11689
-959.11876
-959.12054
-959.12222
-959.12381
-959.12532
-959.12674
-959.12809
-959.12936
-959.13055
-959.13168
-959.13276
-959.13378
-959.13475
-959.13568
-959.13656
-959.13739
-959.13818
-959.13894
-959.13966
-959.14034
-959.14099
-959.14161
-959.14219
-959.14274
-959.14327
-959.14377
-959.14426
-959.14472
-959.14516
-959.14558
-959.14597
-959.14634
-959.14669
-959.14703
-959.14735
-959.14766
-959.14795
-959.14824
-959.1485
-959.14876
-959.149
-959.14923
-959.14945
-959.14965
-959.14985
-959.15004
-959.15023
-959.1504
-959.15057
-959.15073
-959.15089
-959.15103
-959.15117
-959.1513
-959.15143
-959.15155
-959.15167
-959.15178
-959.15188
-959.15199
-959.15208
-959.15218
-959.15226
-959.15235
-959.15244
-959.15252
-959.15259
-959.15266
-959.15273
-959.1528
-959.15286
-959.15293
-959.15299
-959.15305
-959.1531
-959.15315
-959.1532
