3.9271194
3.8094994
3.5477995
3.1825067
2.7904966
2.430205
2.1965672
2.0890635
1.9794867
1.8420344
1.6693404
1.4960495
1.3476529
1.2352478
1.1319345
1.0320465
0.92433874
0.81788361
0.74118959
0.70616504
0.6707517
0.63260865
0.58691683
0.53200758
0.47328402
0.43180105
0.39648273
0.36921668
0.34126134
0.30919744
0.27400208
0.24075875
0.21325387
0.18974254
0.1743049
0.16013187
0.14704063
0.13026602
0.11442293
0.1000306
0.085843628
0.073144565
0.060948751
0.0485756
0.035844128
0.02440879
0.012162035
0.00019123362
0.011522926
0.022215497
0.032047288
0.041284982
0.0502344
0.059408703
0.068728663
0.077818709
0.086957344
0.095582671
0.10361742
0.110046
0.11556237
0.11946719
0.1221205
0.12182272
0.12346705
0.12718478
0.13008131
0.13077382
0.13446949
0.13899979
0.14465958
0.15096267
0.1582074
0.16374317
0.16795578
0.17129625
0.17354399
0.1752063
0.17751458
0.18103633
0.18553518
0.19042635
0.19562913
0.19967151
0.20271656
0.20338542
0.20358804
0.20454294
0.20623949
0.20869568
0.2114297
0.21381845
0.21607284
0.21842147
0.22027046
0.22090817
0.22167184
0.22273147
0.22401488
0.22562179
0.2273465
0.22899758
0.23032033
0.23156288
0.23272606
0.23391235
0.23509106
0.23629748
0.23751212
0.23868475
0.23998804
0.24142355
0.24293995
0.24451926
0.24602883
0.24677823
0.24716604
0.24747801
0.24769046
0.24853218
0.24997102
0.25174568
0.25296096
0.25379449
0.25456369
0.25517646
0.25581981
0.25626517
0.25681667
0.25751204
0.25846913
0.25967458
0.26074505
0.26170319
0.26254289
0.26315777
0.26388801
0.26468134
0.26553835
0.26636822
0.267051
0.26762173
0.26825381
0.26895811
0.26973906
0.27054557
0.27129274
0.27200363
0.27260112
0.27309572
0.27356136
0.27404309
0.27456321
0.27511542
0.27569856
0.2762342
0.27652834
0.27692252
0.27736511
0.27787281
0.27846526
0.27913494
0.27983609
0.28050364
0.28114314
0.2817548
0.28226859
0.28273805
0.28321142
0.28368657
0.28417324
0.28469025
0.28523788
0.28580594
0.28638267
0.28695838
0.28751124
0.28804669
0.28856533
0.28889274
0.28900517
0.28922741
0.28957135
0.29001535
0.29053486
0.29113463
0.29178221
0.29239044
0.2929401
0.29345311
0.29387948
0.29422842
0.29458669
0.29497836
0.29541517
0.29589272
0.2963854
0.29686328
0.29727681
0.29764858
0.29803136
0.29843727
0.29886538
0.29931056
0.29975469
0.3001979
0.30064294
0.30108647
0.30150813
0.30187345
0.30225172
0.30264808
0.30306659
0.30350111
0.30393998
0.30436795
0.30476445
0.30514468
0.30551824
0.30588046
0.30624262
0.30661023
0.30698314
0.30736427
0.30775511
0.30815232
0.30855091
0.30894589
0.30933431
0.3097168
0.31009575
0.31046979
0.31078201
0.31102136
0.31128404
0.31157291
0.31188986
0.3122353
0.31260823
0.31300678
0.31342058
0.3138334
0.31375071
0.31369282
0.31370487
0.31346456
0.31335232
0.31351573
0.31391027
0.31435809
0.31486746
0.31530015
0.31565584
0.31607785
0.31653206
0.31679064
0.31709549
0.31738469
0.31773589
0.31808188
0.31836113
0.31865953
0.31899472
0.31934151
0.31966409
0.32000284
0.32035603
0.32070965
0.32105708
0.32135733
0.32164934
0.32194541
0.32224953
0.32255323
0.32286273
0.32319912
0.32354925
0.32388087
0.32420148
0.3245268
0.32485502
0.32519117
0.32552514
0.32584942
0.32616727
0.3264509
0.32668617
0.32689825
0.32710765
0.32731736
0.32753798
0.32777159
0.32801722
0.32827021
0.32852349
0.32877297
0.32901906
0.32926131
0.32950398
0.32974795
0.32999555
0.33024911
0.33050827
0.3307713
0.33103554
0.33130034
0.33156539
0.33182956
0.33208999
0.33234738
0.33259517
0.33283953
0.33308187
0.33332198
0.33355982
0.33379454
0.3340262
0.33425517
0.33448243
0.33470793
0.33493192
0.33515481
0.33537717
0.33559948
0.335822
0.33604495
0.33626818
0.33649145
0.33671452
0.33693746
0.33716022
0.33738251
0.33760388
0.33782414
0.3380434
0.3382617
0.33847902
0.33869521
0.33891022
0.33912422
0.33933714
0.33954895
0.33975993
0.33997029
0.34018012
0.34038926
0.34059749
0.34080531
0.34101276
0.34121984
0.34142657
0.34163294
0.34183894
0.3420446
0.34224989
0.34245475
0.34265925
0.34286339
0.34306717
0.34327056
0.34347356
0.34367613
0.34387828
0.34408001
0.34428129
0.34448214
0.34468254
0.34488248
0.34508196
0.34528096
0.34547947
0.34558601
0.34566582
0.34576638
0.34588321
0.34602321
0.34609178
0.34577229
0.3455865
0.34546515
0.34539475
0.34547579
0.34569859
0.34604569
0.34646988
0.34688849
0.34729495
0.3475982
0.3477905
0.3479339
0.34807379
0.34822995
0.3484041
0.34861551
0.34886457
0.3491073
0.34935668
0.34963036
0.34989722
0.35011203
0.35030899
0.35049578
0.35065909
0.35083114
0.35101611
0.3512135
0.3514116
0.35161127
0.35181182
0.35199403
0.35216108
0.35232258
0.35248304
0.35264206
0.35280328
0.35297039
0.35314061
0.35331171
0.35348254
0.35365512
0.353828
0.35400241
0.35417683
0.3543556
0.35451634
0.35444255
0.3544337
0.35446366
0.35454233
0.35468301
0.35475806
0.35450543
0.35436367
0.35431915
0.35438007
0.35450783
0.35472506
0.35506055
0.35547145
0.35586266
0.35620456
0.35638485
0.35642352
0.35644046
0.35646654
0.35657723
0.35676958
0.35702916
0.35731896
0.35759061
0.35782648
0.35800934
0.35817019
0.35831844
0.35844841
0.35858059
0.35872296
0.35886945
0.35902252
0.35918374
0.35934897
0.35949546
0.35963504
0.3597737
0.3599039
0.36002889
0.3601625
0.36031097
0.36046815
0.36062432
0.36078122
0.36092377
0.36105365
0.36118291
0.36131419
0.36144776
0.36158319
0.36171953
0.36185387
0.36198695
0.36212068
0.36225063
0.36237591
0.36250115
0.36262509
0.36274708
0.36287105
0.3627835
0.36219973
0.36168705
0.36131137
0.36111699
0.36110361
0.36124443
0.36149207
0.36181811
0.36221117
0.36252745
0.36272456
0.36283323
0.3628182
0.36281063
0.36292316
0.36315394
0.3634503
0.363199
0.36291544
0.36260931
0.36239382
0.36233925
0.36243061
0.36262944
0.36289035
0.36321428
0.36357457
0.36382649
0.36395163
0.36392053
0.36385142
0.36384792
0.36395163
0.36414144
0.36438334
