5.07049022e-01
3.48546292e-01
2.54568243e-01
2.47303236e-01
2.60153531e-01
2.57767229e-01
2.42618558e-01
2.23765973e-01
2.09174155e-01
2.00928805e-01
1.96146914e-01
1.91678311e-01
1.86527519e-01
1.81256020e-01
1.76697651e-01
1.73106437e-01
1.70117205e-01
1.67354612e-01
1.64638852e-01
1.62034681e-01
1.59621578e-01
1.57406483e-01
1.55323748e-01
1.53330824e-01
1.51408039e-01
1.49541423e-01
1.47742619e-01
1.46035542e-01
1.44415488e-01
1.42873801e-01
1.41384758e-01
1.39941811e-01
1.38553747e-01
1.37212248e-01
1.35909483e-01
1.34630337e-01
1.33364809e-01
1.32130778e-01
1.30932355e-01
1.29769907e-01
1.28648652e-01
1.27535752e-01
1.26434398e-01
1.25363832e-01
1.24331689e-01
1.23316980e-01
1.22308348e-01
1.21314510e-01
1.20347781e-01
1.19398626e-01
1.18469787e-01
1.17563360e-01
1.16675998e-01
1.15794434e-01
1.14915062e-01
1.14048538e-01
1.13201842e-01
1.12368093e-01
1.11546449e-01
1.10729481e-01
1.09927226e-01
1.09139889e-01
1.08372098e-01
1.07624355e-01
1.06889902e-01
1.06153890e-01
1.05398426e-01
1.04621887e-01
1.03858824e-01
1.03132636e-01
1.02438602e-01
1.01763610e-01
1.01092602e-01
1.00415337e-01
9.97371388e-02
9.90628364e-02
9.83937752e-02
9.77374000e-02
9.70945685e-02
9.64631513e-02
9.58464909e-02
9.52372590e-02
9.46291920e-02
9.40203804e-02
9.34140649e-02
9.28196883e-02
9.22296715e-02
9.16383025e-02
9.10408628e-02
9.04373662e-02
8.98386882e-02
8.92555026e-02
8.86801119e-02
8.81063923e-02
8.75366078e-02
8.69649786e-02
8.63948740e-02
8.58351806e-02
8.52857090e-02
8.47414390e-02
8.42096506e-02
8.36883888e-02
8.31731113e-02
8.26626255e-02
8.21568095e-02
8.16545170e-02
8.11582173e-02
8.06682101e-02
8.01811833e-02
7.96948970e-02
7.92143925e-02
7.87438106e-02
7.82800358e-02
7.78138229e-02
7.73470779e-02
7.68937895e-02
7.64522727e-02
7.60120469e-02
7.55654228e-02
7.51203512e-02
7.46832497e-02
7.42531943e-02
7.38322174e-02
7.34127426e-02
7.29959254e-02
7.25802528e-02
7.21636015e-02
7.17501095e-02
7.13354000e-02
7.09236633e-02
7.05160434e-02
7.01205737e-02
6.97282206e-02
6.93390684e-02
6.89447622e-02
6.85513895e-02
6.81649858e-02
6.77893127e-02
6.74232475e-02
6.70645916e-02
6.67109512e-02
6.63602994e-02
6.60031923e-02
6.56407324e-02
6.52865406e-02
6.49434886e-02
6.46091943e-02
6.42782172e-02
6.39458946e-02
6.36123741e-02
6.32817251e-02
6.29565211e-02
6.26368651e-02
6.23198920e-02
6.20030489e-02
6.16873725e-02
6.13756355e-02
6.10703105e-02
6.07668762e-02
6.04475509e-02
6.01253573e-02
5.98140531e-02
5.95136835e-02
5.92175078e-02
5.89240199e-02
5.86297564e-02
5.83380644e-02
5.80530826e-02
5.77717898e-02
5.74889182e-02
5.71893454e-02
5.68871892e-02
5.65960712e-02
5.63199914e-02
5.60511881e-02
5.57733395e-02
5.54931712e-02
5.52167008e-02
5.49443157e-02
5.46794007e-02
5.44215426e-02
5.41630202e-02
5.39002620e-02
5.36397478e-02
5.33829121e-02
5.31303957e-02
5.28816738e-02
5.26353033e-02
5.23854698e-02
5.21312704e-02
5.18804318e-02
5.16369542e-02
5.14010568e-02
5.11660996e-02
5.09300687e-02
5.06950251e-02
5.04620500e-02
5.02316789e-02
5.00011685e-02
4.97696349e-02
4.95336235e-02
4.93013356e-02
4.90769280e-02
4.88586972e-02
4.86403751e-02
4.84184410e-02
4.81966717e-02
4.79768922e-02
4.77588237e-02
4.75403901e-02
4.73246132e-02
4.71116176e-02
4.68974598e-02
4.66816532e-02
4.64667838e-02
4.62493848e-02
4.60374541e-02
4.58335774e-02
4.56330848e-02
4.54291207e-02
4.52240291e-02
4.50218271e-02
4.48237130e-02
4.46262979e-02
4.44279110e-02
4.42306320e-02
4.40322661e-02
4.38327349e-02
4.36310737e-02
4.34241373e-02
4.32207114e-02
4.30233936e-02
4.28284347e-02
4.26346246e-02
4.24421406e-02
4.22522089e-02
4.20625253e-02
4.18745883e-02
4.16890760e-02
4.15048141e-02
4.13209225e-02
4.11380351e-02
4.09577427e-02
4.07775699e-02
4.05940525e-02
4.04090189e-02
4.02257634e-02
4.00472255e-02
3.98749455e-02
3.97073993e-02
3.95376599e-02
3.93605244e-02
3.91806048e-02
3.90050826e-02
3.88336002e-02
3.86551290e-02
3.84632273e-02
3.82733747e-02
3.80922867e-02
3.79251135e-02
3.77663344e-02
3.76081179e-02
3.74476569e-02
3.72847219e-02
3.71204012e-02
3.69567738e-02
3.67908753e-02
3.66152995e-02
3.64442627e-02
3.62830341e-02
3.61288728e-02
3.59785175e-02
3.58257714e-02
3.56703974e-02
3.55136256e-02
3.53591435e-02
3.52087551e-02
3.50603606e-02
3.49137419e-02
3.47645023e-02
3.46052141e-02
3.44416144e-02
3.42849936e-02
3.41374807e-02
3.39978608e-02
3.38616767e-02
3.37249510e-02
3.35827662e-02
3.34360128e-02
3.32916552e-02
3.31522403e-02
3.30148714e-02
3.28760180e-02
3.27348481e-02
3.25879878e-02
3.24393320e-02
3.22926046e-02
3.21492311e-02
3.20118640e-02
3.18801544e-02
3.17479606e-02
3.16080354e-02
3.14665459e-02
3.13315258e-02
3.12046976e-02
3.10825234e-02
3.09606459e-02
3.08352795e-02
3.07012574e-02
3.05629068e-02
3.04288751e-02
3.02975217e-02
3.01704985e-02
3.00358546e-02
2.98942899e-02
2.97566612e-02
2.96296726e-02
2.95094013e-02
2.93877847e-02
2.92640648e-02
2.91407847e-02
2.90135266e-02
2.88825236e-02
2.87566371e-02
2.86378712e-02
2.85162796e-02
2.83903614e-02
2.82636455e-02
2.81299116e-02
2.79957467e-02
2.78716333e-02
2.77565769e-02
2.76373631e-02
2.75152907e-02
2.73960484e-02
2.72825667e-02
2.71725422e-02
2.70616488e-02
2.69479975e-02
2.68324932e-02
2.67053057e-02
2.65776422e-02
2.64588924e-02
2.63509586e-02
2.62485526e-02
2.61414885e-02
2.60292020e-02
2.59172193e-02
2.58085343e-02
2.57039622e-02
2.56018736e-02
2.55006290e-02
2.54002614e-02
2.52999187e-02
2.51966029e-02
2.50887473e-02
2.49818004e-02
2.48762297e-02
2.47716172e-02
2.46699548e-02
2.45720554e-02
2.44739240e-02
2.43759346e-02
2.42794126e-02
2.41800992e-02
2.40778074e-02
2.39758245e-02
2.38772908e-02
2.37824403e-02
2.36909231e-02
2.36007494e-02
2.35080711e-02
2.34109983e-02
2.33148584e-02
2.32214112e-02
2.31300941e-02
2.30406082e-02
2.29525506e-02
2.28636192e-02
2.27734332e-02
2.26819926e-02
2.25875690e-02
2.24928891e-02
2.24017457e-02
2.23152043e-02
2.22317480e-02
2.21488560e-02
2.20650486e-02
2.19803218e-02
2.18900830e-02
2.17987454e-02
2.17081341e-02
2.16201060e-02
2.15347816e-02
2.14510816e-02
2.13649470e-02
2.12784591e-02
2.11937158e-02
2.11125060e-02
2.10338442e-02
2.09533837e-02
2.08720736e-02
2.07920845e-02
2.07143660e-02
2.06384671e-02
2.05629828e-02
2.04869247e-02
2.04102861e-02
2.03341152e-02
2.02586822e-02
2.01838450e-02
2.01076028e-02
2.00315335e-02
1.99532492e-02
1.98739751e-02
1.97952803e-02
1.97165681e-02
1.96373677e-02
1.95587075e-02
1.94792451e-02
1.93974685e-02
1.93157258e-02
1.92352616e-02
1.91572428e-02
1.90798636e-02
1.90046197e-02
1.89297548e-02
1.88551505e-02
1.87772026e-02
1.86834344e-02
1.85807863e-02
1.84884557e-02
1.84104057e-02
1.83415423e-02
1.82550498e-02
1.81627868e-02
1.80745146e-02
1.79953506e-02
1.79234431e-02
1.78558381e-02
1.77893256e-02
1.77123264e-02
1.76166166e-02
1.75181515e-02
1.74326203e-02
1.73639697e-02
1.73022564e-02
1.72383319e-02
1.71698736e-02
1.70991782e-02
1.70296238e-02
1.69633354e-02
1.68979603e-02
1.68303179e-02
1.67594985e-02
1.66886908e-02
1.66207622e-02
1.65550549e-02
1.64914481e-02
1.64298923e-02
1.63689669e-02
1.63064217e-02
1.62439174e-02
1.61824510e-02
1.61169405e-02
1.60479116e-02
1.59794298e-02
1.59154695e-02
1.58558814e-02
1.57974119e-02
1.57388523e-02
1.56790907e-02
1.56169903e-02
1.55540458e-02
1.54939715e-02
1.54375146e-02
1.53825487e-02
1.53240622e-02
1.52638092e-02
1.52046899e-02
1.51467437e-02
1.50899137e-02
1.50314525e-02
1.49686560e-02
1.49071501e-02
1.48502606e-02
1.47965981e-02
1.47396330e-02
1.46803141e-02
1.46213771e-02
1.45649182e-02
1.45102081e-02
1.44573718e-02
1.44044720e-02
1.43495920e-02
1.42939736e-02
1.42397841e-02
1.41858446e-02
1.41298438e-02
1.40721153e-02
1.40164127e-02
1.39638092e-02
1.39126974e-02
1.38607260e-02
1.38078526e-02
1.37543716e-02
1.37023279e-02
1.36528436e-02
1.36053249e-02
1.35584713e-02
1.35114483e-02
1.34620197e-02
1.34109811e-02
1.33609249e-02
1.33132148e-02
1.32668915e-02
1.32207022e-02
1.31745769e-02
1.31281631e-02
1.30807602e-02
1.30333943e-02
1.29864241e-02
1.29407584e-02
1.28963792e-02
1.28526245e-02
1.28088672e-02
1.27647640e-02
1.27207739e-02
1.26755722e-02
1.26284411e-02
1.25823266e-02
1.25381694e-02
1.24943336e-02
1.24512259e-02
1.24089164e-02
1.23671197e-02
1.23254764e-02
1.22837750e-02
1.22418559e-02
1.22001455e-02
1.21590105e-02
1.21184798e-02
1.20775211e-02
1.20345465e-02
1.19899486e-02
1.19463956e-02
1.19049283e-02
1.18646934e-02
1.18251793e-02
1.17848125e-02
1.17439825e-02
1.17032864e-02
1.16610183e-02
1.16190966e-02
1.15779911e-02
1.15380330e-02
1.14992349e-02
1.14587957e-02
1.14169356e-02
1.13761694e-02
1.13363363e-02
1.12968178e-02
1.12569860e-02
1.12172854e-02
1.11737928e-02
1.11291060e-02
1.10866345e-02
1.10469851e-02
1.10099971e-02
1.09746003e-02
1.09386520e-02
1.09009190e-02
1.08623687e-02
1.08241924e-02
1.07873012e-02
1.07501238e-02
1.07116606e-02
1.06727285e-02
1.06343619e-02
1.05956947e-02
1.05541914e-02
1.05135259e-02
1.04751176e-02
1.04362295e-02
1.03987885e-02
1.03634448e-02
1.03293815e-02
1.02955434e-02
1.02613954e-02
1.02266882e-02
1.01922198e-02
1.01587114e-02
1.01255799e-02
1.00908978e-02
1.00562218e-02
1.00226983e-02
9.99044968e-03
