154	50	157
157	71	190
12	103	223
242	34	280
53	236	282
258	413	505
310	10	432
351	37	457
236	201	401
154	157	388
258	87	413
352	27	458
388	27	352
137	386	467
158	388	352
227	410	472
167	37	354
312	104	381
331	116	435
354	37	351
373	162	463
381	166	502
398	159	471
407	258	505
411	227	504
182	367	461
35	401	404
10	428	476
80	514	661
36	521	508
14	530	740
184	541	739
31	544	642
11	549	741
71	556	526
18	557	529
79	571	814
230	575	823
35	615	778
125	625	782
83	632	829
87	633	697
44	623	716
63	639	827
194	646	786
9	644	696
77	660	772
211	664	792
94	616	802
65	721	800
512	7	731
514	29	636
534	74	738
539	185	734
540	189	735
549	77	628
551	11	741
575	230	751
585	120	760
612	16	768
616	94	648
623	44	583
632	83	779
678	321	795
558	129	806
810	733	131
774	768	195
792	788	291
797	798	15
730	804	329
800	728	329
733	810	538
768	774	612
788	792	664
798	797	684
804	730	553
728	800	721
190	71	526
56	189	540
94	299	602
262	31	642
337	186	688
413	87	697
433	314	727
184	158	541
50	154	507
53	282	567
280	34	598
271	94	602
87	220	620
94	271	648
439	95	685
49	337	688
70	312	546
169	375	706
186	348	712
162	373	724
74	185	539
256	53	567
223	103	631
266	205	663
299	94	675
507	22	548
515	36	638
522	125	640
523	131	733
543	74	534
581	19	754
591	240	745
598	301	751
604	208	753
628	77	772
637	35	778
640	125	782
658	69	663
663	69	764
673	211	792
675	213	793
550	14	799
701	15	798
635	94	802
707	155	805
521	36	809
74	539	738
256	567	744
200	581	754
230	598	751
199	604	753
226	620	649
205	658	663
223	631	667
266	663	764
299	675	793
418	701	798
322	635	802
282	83	604
205	266	672
238	211	676
506	74	543
537	184	813
546	155	707
572	270	817
591	63	827
604	83	829
607	121	766
595	215	819
602	232	824
619	225	779
626	238	676
645	253	656
654	271	762
657	195	768
671	205	672
672	266	755
676	211	673
650	303	831
686	327	803
36	508	618
41	516	659
7	519	731
134	533	811
70	546	707
126	552	742
17	563	737
215	572	817
240	591	827
208	604	829
281	599	822
270	601	823
271	602	824
83	619	779
94	635	675
198	647	787
115	656	830
16	657	768
228	668	794
8	671	672
8	672	755
81	686	803
129	693	806
20	834	869
149	836	1120
46	837	877
78	838	887
74	839	844
159	843	1024
39	848	1143
102	849	1182
108	850	1183
105	851	1178
96	855	1181
210	848	1292
235	858	1293
290	862	1295
302	868	1297
265	862	1290
277	865	1292
283	867	1122
284	868	1294
166	873	1148
212	890	1150
204	893	1032
33	894	1296
109	895	1123
97	897	1298
113	898	1299
116	899	1300
2	902	1301
66	906	1302
139	909	1267
145	910	1303
180	913	1268
187	915	1263
182	920	1264
28	928	1260
21	929	1239
122	933	1261
39	934	1240
323	899	1307
326	939	1308
343	942	1311
339	904	1313
349	946	1314
356	913	1317
363	949	1319
364	915	1320
372	950	1321
319	897	1322
393	952	1325
413	953	1328
383	954	1329
481	955	1330
421	959	1138
488	970	1305
489	971	1306
500	975	1332
494	981	1303
505	994	1335
479	995	1336
426	961	1129
427	963	1308
441	966	1310
448	970	1312
454	974	1314
450	977	1315
461	978	1316
471	992	1326
472	993	1327
478	996	1329
66	1001	1245
163	1003	1151
192	1012	1250
237	1015	1253
225	884	1152
159	1024	1334
41	1027	1209
30	1030	900
21	1012	1059
180	1035	1062
138	1037	1063
156	1064	1259
133	1023	1097
62	1009	905
176	1071	1238
186	1018	1236
60	1037	922
306	1076	1269
311	1077	1270
366	1082	1271
378	1088	1275
177	1094	1331
60	954	1258
556	1110	1337
633	1114	1338
682	1118	1339
32	874	1279
226	1031	1280
260	1127	1281
333	1136	1285
406	1100	1286
171	1141	1103
40	1136	1278
28	1052	1168
195	894	1160
327	1056	1162
834	78	879
837	17	1119
838	1	1153
839	53	871
841	117	1008
848	210	1026
851	235	1171
848	39	1174
858	118	1175
862	265	1177
868	284	1149
862	290	1169
863	289	1170
865	296	1073
868	302	1173
872	105	1178
873	104	1144
875	127	1126
878	13	1180
890	108	1183
892	93	1154
894	195	1185
897	319	1187
898	321	1188
899	323	1189
901	326	1190
906	344	1193
909	348	1195
910	349	1196
913	356	1197
915	364	1198
920	368	1201
930	403	1206
933	415	1207
934	383	1208
899	116	1210
904	55	1215
919	172	1218
913	180	1219
949	193	1220
915	187	1221
897	97	1222
929	21	1050
952	67	1137
953	209	1223
954	60	1224
959	423	1227
966	441	1228
970	448	1229
971	450	1218
975	460	1230
976	453	1216
981	446	1213
982	447	1214
994	473	1234
995	477	1235
961	482	1188
963	440	1190
970	488	1193
974	494	1196
977	485	1198
990	467	1204
992	400	1205
998	73	1046
1001	186	1236
1006	178	1237
1003	57	1045
1012	21	1239
1014	113	1226
1015	97	1043
896	39	1240
1022	62	1246
1024	192	1250
1025	201	1251
1030	194	1135
1012	192	1256
1035	138	1232
1037	60	1258
1039	156	1259
1064	395	1262
1023	187	1078
1071	48	1082
1018	135	1083
1037	138	1085
1076	70	951
1077	67	952
1082	48	1265
1083	135	1266
1088	144	1231
1091	306	1269
1092	311	1270
1094	357	1272
950	372	1273
954	383	1274
1114	122	1277
1105	40	1278
1118	807	1276
1031	122	1114
1127	26	1158
1136	40	1115
1100	43	1112
1136	333	1282
935	309	1283
1052	386	1284
1153	1	1287
894	33	1288
844	871	140
1143	1026	283
1182	1074	294
1183	1164	297
1178	1171	257
1292	1174	277
1293	1175	273
1124	1145	281
1295	1177	4
1297	1149	118
1292	1073	210
1293	1171	235
1122	1172	241
1179	1178	257
1148	1144	260
1180	1126	248
885	1180	248
1150	1183	297
1032	1128	245
1296	1185	289
1298	1187	483
1299	1188	482
1300	1189	483
1212	1190	440
1302	1193	488
1267	1195	492
1303	1196	494
1268	1197	500
1263	1198	485
1264	1201	496
1241	1206	430
1261	1207	479
1240	1208	429
1307	1210	437
1311	1214	447
1313	1215	450
1314	1217	454
1315	1218	450
1317	1219	443
1319	1220	446
1320	1221	447
1322	1222	463
1324	1050	384
1328	1223	473
1329	1224	478
1330	1225	47
944	1228	153
1306	1218	172
1332	1230	72
1302	1216	66
1303	1213	145
1304	1214	141
1333	1233	140
1335	1234	239
1336	1235	216
1129	1188	321
1308	1190	326
1312	1193	344
1314	1196	349
1315	1198	364
1316	1199	368
1318	1200	361
1327	1206	403
1329	1208	383
1248	1237	358
1151	1045	330
1250	1239	400
1253	1043	317
1254	1240	429
1094	1245	357
921	1246	370
1095	1247	371
1256	1249	362
1334	1250	400
1058	1255	341
1059	1256	362
1062	1232	384
1063	1258	392
1065	1259	399
1259	1262	399
1097	1078	338
905	1079	343
1257	1081	365
1238	1082	366
922	1085	372
1269	951	382
1270	952	393
1271	1265	501
1275	1231	465
1331	1272	491
1258	1274	392
1337	1111	560
1338	1277	776
1339	1278	682
1339	1276	652
1280	1114	633
1281	1158	624
1285	1115	643
1286	1112	588
1103	1279	538
1278	1282	682
1104	1283	612
1168	1284	677
1159	1287	522
1160	1288	545
1162	1108	521
1106	1167	611
871	844	839
1026	1143	848
1074	1182	849
1164	1183	850
1171	1178	851
1174	1292	848
1175	1293	858
1145	1124	860
1177	1295	862
1149	1297	868
1073	1292	865
1171	1293	866
1172	1122	867
1178	1179	872
1144	1148	873
1126	1180	875
1180	885	878
1183	1150	890
1128	1032	893
1185	1296	894
1187	1298	897
1188	1299	898
1189	1300	899
1190	1212	901
1193	1302	906
1195	1267	909
1196	1303	910
1197	1268	913
1198	1263	915
1201	1264	920
1206	1241	930
1207	1261	933
1208	1240	934
1210	1307	899
1214	1311	942
1215	1313	904
1217	1314	946
1218	1315	919
1219	1317	913
1220	1319	949
1221	1320	915
1222	1322	897
1050	1324	929
1223	1328	953
1224	1329	954
1225	1330	955
1228	944	966
1218	1306	971
1230	1332	975
1216	1302	976
1213	1303	981
1214	1304	982
1233	1333	991
1234	1335	994
1235	1336	995
1188	1129	961
1190	1308	963
1193	1312	970
1196	1314	974
1198	1315	977
1199	1316	978
1200	1318	980
1206	1327	993
1208	1329	996
1237	1248	1006
1045	1151	1003
1239	1250	1012
1043	1253	1015
1240	1254	896
1245	1094	1021
1246	921	1022
1247	1095	876
1249	1256	1019
1250	1334	1024
1255	1058	1034
1256	1059	1012
1232	1062	1035
1258	1063	1037
1259	1065	1039
1262	1259	1064
1078	1097	1023
1079	905	1009
1081	1257	1070
1082	1238	1071
1085	922	1037
951	1269	1076
952	1270	1077
1265	1271	1082
1231	1275	1088
1272	1331	1094
1274	1258	954
1111	1337	1110
1277	1338	1114
1278	1339	1105
1276	1339	1118
1114	1280	1031
1158	1281	1127
1115	1285	1136
1112	1286	1100
1279	1103	1141
1282	1278	1136
1283	1104	935
1284	1168	1052
1287	1159	1153
1288	1160	894
1108	1162	1056
1167	1106	1166
224	20	869
438	30	900
486	55	904
487	62	905
452	23	907
462	60	922
469	150	926
504	227	931
435	319	923
419	368	916
91	482	961
105	440	963
181	494	974
162	501	986
137	467	990
310	432	956
320	423	959
312	70	997
375	169	1008
417	93	892
388	158	1036
434	317	1043
437	330	1045
455	355	917
444	359	914
466	384	1050
469	138	1063
381	104	873
486	365	1081
439	47	1042
810	171	1103
774	61	1104
713	38	1106
732	521	1108
733	538	1109
763	588	1112
704	615	1113
787	652	1107
139	526	1116
529	182	1069
587	283	1122
626	248	1126
661	245	1128
678	426	1129
641	361	918
712	348	909
716	421	1138
629	383	934
526	139	1072
587	39	1143
599	281	1145
704	122	1055
717	225	1152
581	200	1155
620	226	1147
767	624	1158
774	195	1160
809	327	1162
506	53	839
566	197	1163
615	35	1040
635	113	1014
657	42	888
773	611	1167
757	28	1168
158	184	835
37	167	833
108	280	850
32	238	874
225	278	884
334	497	912
370	498	921
372	462	922
387	469	926
47	433	936
48	435	923
132	442	940
179	453	947
166	419	916
437	57	960
426	91	961
427	105	963
440	105	964
453	179	973
419	152	983
463	162	986
421	320	959
12	312	997
105	427	851
186	337	1018
210	409	1026
154	388	1036
97	434	1043
57	437	1045
21	466	1050
359	444	1060
365	448	1061
384	466	1062
392	469	1063
116	331	1033
166	381	873
159	398	1010
227	411	1074
55	486	1081
305	439	1042
354	351	1048
365	486	1049
338	468	1097
538	810	1103
612	774	1104
611	713	1106
49	688	1111
43	763	1112
122	704	1113
40	784	1115
198	787	1107
18	529	1069
131	523	1120
241	587	1122
127	626	1126
80	661	1128
321	678	1129
162	705	1093
67	710	1137
44	716	1138
190	526	1072
283	587	1143
104	593	1144
248	626	881
297	674	1150
413	697	953
417	704	1055
330	708	1151
383	629	1086
50	507	1068
93	573	1154
197	581	1155
87	620	1147
109	637	895
41	659	1027
70	707	1099
2	715	902
522	640	1159
545	774	1160
521	809	1162
74	506	839
195	657	888
200	773	1167
677	757	1168
185	74	844
290	46	845
289	42	846
253	233	857
502	166	916
453	348	945
145	462	984
138	469	989
319	435	958
348	453	973
368	419	983
326	159	1010
348	186	1001
317	9	880
318	325	1044
448	365	1049
467	386	1052
473	404	1054
479	417	1055
311	50	1068
350	18	1069
360	190	1072
390	138	1035
401	201	1025
500	390	1087
404	401	1089
501	162	1093
465	70	1099
807	198	1107
633	87	1147
836	149	1142
844	140	1011
857	96	882
882	96	1181
886	108	890
889	102	1182
916	368	1199
918	361	1200
937	41	1209
941	145	1213
945	66	1216
969	447	1221
977	450	1215
984	349	910
989	384	1232
958	483	1187
962	483	1189
973	492	1195
975	500	1197
983	496	1201
987	389	1202
995	479	1207
1007	176	1238
1011	140	1233
1001	66	945
1017	16	1131
1023	133	1248
880	237	1253
1032	245	1254
1042	47	1225
1044	41	937
1048	153	1228
1051	72	1230
1052	28	1260
1054	239	1234
1055	122	1261
997	70	1076
1068	67	1077
1069	182	1080
1072	139	1084
1035	180	1087
1078	187	1263
1080	182	1264
1084	139	1267
1087	180	1268
1089	239	1054
1090	216	1235
1093	366	1271
1099	378	1275
1107	652	1276
1147	226	1280
1148	260	1281
1132	333	1285
1133	406	1286
185	844	1011
290	845	1169
289	846	1170
253	857	882
233	870	857
212	886	890
294	889	1182
502	916	1199
493	918	1200
414	937	1209
453	945	1216
180	967	1219
193	968	1220
55	977	1215
145	984	910
144	988	1231
138	989	1232
319	958	1187
323	962	1189
336	972	1194
348	973	1195
356	975	1197
368	983	1201
328	987	1202
415	995	1207
363	1002	949
366	1007	1238
326	1010	939
397	1011	1233
348	1001	945
430	1016	1241
309	1017	1131
358	1023	1248
317	880	1253
429	1032	1254
431	1042	1225
318	1044	937
441	1048	1228
448	1049	1229
460	1051	1230
467	1052	1260
473	1054	1234
479	1055	1261
306	997	1076
311	1068	1077
350	1069	1080
360	1072	1084
390	1035	1087
401	1025	1089
325	1075	1044
485	1078	1263
496	1080	1264
492	1084	1267
500	1087	1268
404	1089	1054
501	1093	1271
465	1099	1275
807	1107	1276
633	1147	1280
624	1148	1281
643	1132	1285
42	265	846
53	256	871
219	273	883
42	289	888
355	489	917
319	501	923
182	461	920
70	465	951
150	471	926
227	472	931
435	116	958
434	97	962
462	145	985
471	159	992
379	328	964
494	363	981
462	372	984
501	319	986
469	387	989
505	413	994
159	326	843
35	404	1040
93	417	1041
330	437	1057
404	473	1066
417	479	1067
138	390	1085
373	463	1096
390	500	1098
407	505	1101
526	556	1116
697	633	1117
16	612	1131
615	776	1113
846	265	1290
856	263	1013
863	33	1296
871	256	1028
883	273	1175
888	289	1185
858	302	1297
911	495	1304
914	488	1305
917	489	1306
923	501	1265
932	478	1224
912	441	1310
943	448	1312
920	461	1316
948	445	1318
951	465	1323
926	471	1326
931	472	1327
958	116	1300
962	97	1298
985	145	941
992	159	1334
960	323	1307
964	328	1309
969	343	1311
971	339	1313
979	356	1317
981	363	1319
984	372	1321
986	319	1322
989	387	1324
994	413	1328
1004	370	1246
1005	371	1247
1013	408	1251
843	326	901
1015	373	1096
1028	420	1333
1031	415	933
1038	395	1064
1040	404	1066
1041	417	1067
1057	437	1210
1066	473	1223
1067	479	1336
1004	358	1237
1085	390	1273
1096	463	1222
1098	500	1332
1051	454	1217
1101	505	1335
1102	407	1101
1116	556	1337
1117	633	1338
1131	612	1283
1134	677	1284
1142	545	1288
1113	776	1277
37	833	886
201	856	1013
289	863	1296
140	871	1028
96	885	855
195	888	1185
118	858	1297
39	896	1174
172	917	1306
48	923	1265
334	912	1310
344	943	1312
368	920	1316
361	948	1318
382	951	1323
387	926	1326
403	931	1327
395	956	1053
483	958	1300
483	962	1298
400	992	1334
437	960	1307
440	964	1309
447	969	1311
450	971	1313
446	981	1319
447	982	1320
349	984	1321
463	986	1322
384	989	1324
473	994	1328
62	1004	1246
201	1013	1251
97	1015	1096
140	1028	1333
122	1031	933
116	1033	1057
209	1040	1066
216	1041	1067
395	1053	1262
116	1057	1210
209	1066	1223
216	1067	1336
178	1004	1237
372	1085	1273
383	1086	1274
47	936	1330
97	1096	1222
72	1051	1217
239	1101	1335
560	1116	1337
333	1130	1282
309	1131	1283
386	1134	1284
33	1142	1288
38	938	1289
122	1113	1277
106	1343	1604
107	1344	1758
170	1345	1847
224	1347	1607
285	1348	2010
9	1353	1649
218	1354	1424
220	1355	1846
102	1357	1797
119	1358	2010
245	1361	1829
249	1362	1704
51	1365	1837
113	1368	1803
117	1369	1809
132	1372	2011
153	1373	2012
168	1374	1871
69	1379	1654
323	1369	1822
339	1372	2013
355	1384	2016
370	1385	2017
380	1387	2018
328	1370	1823
389	1388	2019
394	1389	1774
422	1391	2021
432	1392	1832
376	1393	1625
458	1395	2022
486	1396	1783
452	1397	2023
495	1398	1762
497	1399	2024
498	1400	1763
498	1403	2012
457	1404	1859
456	1405	1777
503	1406	2025
478	1407	1805
425	1408	2026
377	1392	1764
433	1393	1766
442	1395	1767
444	1396	2013
449	1397	1768
455	1398	2014
459	1401	2015
464	1404	2018
468	1405	2019
476	1407	2020
268	1412	1866
89	1413	1867
237	1414	1836
294	1413	1868
95	1352	1614
181	1418	1376
89	1420	1464
268	1420	1466
37	1422	1378
114	1423	1651
218	1424	2026
214	1425	1869
91	1359	1439
101	1428	1443
269	1429	1444
313	1430	1661
6	1445	1366
337	1449	1872
374	1451	1873
379	1452	1874
405	1454	1875
55	1457	1821
135	1458	1772
100	1461	1857
15	1465	1858
25	1469	1945
57	1471	1944
143	1473	2027
148	1474	1940
174	1476	1984
40	1482	1913
121	1484	2029
199	1487	2030
229	1488	1941
256	1491	1942
288	1493	1985
112	1497	1914
114	1498	1916
114	1499	1917
150	1500	1946
112	1503	1947
120	1506	1726
34	1507	1936
100	1508	1483
124	1510	1938
14	1518	1511
511	1518	2032
527	1520	2034
532	1522	2035
536	1481	2036
542	1475	2038
578	1485	2040
575	1484	2041
606	1531	2044
632	1503	2048
623	1499	2049
645	1537	2050
634	1502	2051
679	1539	2052
616	1498	2053
721	1544	1543
661	1546	2056
617	1547	1679
689	1550	1791
812	1552	2028
690	1553	2058
739	1554	1924
718	1555	2059
812	1557	2027
642	1559	2060
529	1561	2062
816	1573	2030
694	1574	2065
778	1578	2066
674	1584	1790
786	1588	1794
568	1589	1526
828	1592	2031
799	1594	2068
734	1548	2033
723	1551	2035
692	1553	2036
739	1555	2037
753	1565	2039
759	1571	2042
744	1573	2043
726	1575	2044
769	1576	2045
587	1581	2046
773	1582	2047
784	1587	1785
666	1590	2050
668	1591	2051
796	1594	2052
727	1598	2054
181	1447	1950
295	1600	1951
301	1601	1952
5	1605	1954
45	1606	1816
86	1354	1817
251	1423	1955
237	1357	1956
418	1613	1958
322	1613	1959
361	1615	1818
412	1618	1961
380	1619	1962
420	1620	1963
421	1621	1964
369	1460	1965
376	1625	1966
397	1627	1967
423	1628	1819
426	1629	1968
355	1442	1969
331	1456	1973
76	1637	1909
147	1427	2061
275	1641	1495
251	1644	1496
93	1644	1505
26	1650	1729
114	1651	1920
436	1652	1512
25	1430	1480
269	1390	2064
100	1387	1915
123	1655	1727
57	1656	1471
146	1657	1905
185	1659	2057
183	1384	1907
313	1661	2070
218	1454	1912
304	1664	2069
202	1671	1689
255	1345	1693
259	1605	1694
291	1606	1697
15	1391	1698
685	1684	1983
84	1686	1974
229	1690	1488
232	1691	1489
213	1695	1509
300	1696	2063
314	1699	1919
84	1665	2055
81	1666	2071
11	1668	2072
129	1599	2073
234	1701	1490
291	1701	1937
31	1346	2074
214	1429	2067
92	1600	1918
244	1611	1838
7	1631	2075
126	1617	2076
239	1739	1844
72	1740	1843
950	1740	2078
1125	1753	2080
1127	1752	2077
1244	1755	2079
249	1358	1995
204	1773	1998
309	1765	1999
394	1774	2000
438	1776	2002
338	1457	2005
524	1472	2006
558	1516	2007
512	1468	2008
60	1386	1842
23	1383	1733
420	1808	1734
13	1779	1730
164	1451	1738
161	1452	1732
304	1820	2009
245	1829	1735
98	1626	1993
150	1434	1994
1340	6	1410
1343	224	1645
1344	229	1421
1345	255	1646
1347	119	1845
1350	33	1828
1353	117	1759
1354	86	1643
1355	5	1641
1357	237	1760
1358	249	1610
1361	107	1798
1362	170	1847
1365	310	1807
1368	322	1652
1369	323	1833
1372	339	1834
1373	351	1851
1374	353	1852
1375	356	1835
1379	394	1808
1369	117	1854
1372	132	1778
1384	183	1855
1385	178	1856
1387	100	1857
1370	23	1433
1388	133	1784
1389	25	1627
1391	15	1858
1392	377	1377
1393	433	1662
1395	442	1855
1396	444	1811
1397	449	1856
1398	455	1810
1399	353	1374
1400	457	1859
1403	449	1804
1404	464	1861
1405	468	1862
1406	475	1863
1407	476	1864
1408	480	1865
1392	432	1848
1393	376	1849
1395	458	1850
1396	486	1800
1397	452	1801
1398	495	1830
1401	499	1852
1404	457	1853
1405	456	1802
1407	478	1831
1412	210	1781
1413	294	1782
1414	63	1632
1413	89	1435
1352	82	1675
1420	268	1866
1420	89	1867
1422	212	1619
1423	251	1676
1424	272	1622
1425	294	1868
1359	32	1636
1428	283	1775
1429	214	1869
1430	25	1431
1445	64	1448
1449	175	1870
1451	164	1861
1452	161	1860
1454	218	1865
1457	338	1825
1458	337	1872
1459	360	1826
1461	374	1873
1465	405	1875
1469	525	1876
1471	532	1877
1473	534	1878
1474	536	1879
1476	539	1881
1482	568	1883
1484	575	1884
1487	579	1886
1488	585	1887
1491	590	1888
1493	608	1889
1497	614	1892
1498	616	1893
1499	623	1894
1500	629	1895
1503	632	1897
1506	643	1898
1507	645	1899
1508	634	1900
1510	678	1901
1518	511	1903
1518	14	1525
1520	143	1904
1522	168	1906
1481	24	1542
1475	191	1908
1485	115	1910
1484	121	1911
1531	216	1792
1503	112	1914
1499	114	1916
1537	115	1682
1502	92	1918
1539	314	1919
1498	114	1920
1544	547	1479
1546	636	1921
1547	687	1814
1550	736	1908
1552	738	1922
1553	692	1513
1554	719	1923
1555	739	1924
1557	735	1904
1559	535	1813
1561	562	1723
1573	744	1925
1574	725	1926
1578	704	1927
1584	699	1929
1588	785	1930
1589	787	1931
1592	794	1932
1594	796	1933
1548	711	1876
1551	706	1877
1553	690	1879
1555	718	1880
1558	813	1882
1565	769	1885
1571	830	1889
1573	816	1890
1575	695	1891
1576	775	1892
1581	714	1895
1582	754	1896
1587	653	1898
1590	580	1899
1591	574	1900
1594	799	1902
1598	679	1903
1447	144	1795
1600	92	1935
1601	34	1936
1605	259	1529
1606	291	1937
1354	218	1530
1423	114	1536
1357	102	1535
1613	322	1934
1613	418	1540
1615	5	1939
1618	229	1941
1619	212	1929
1620	256	1942
1621	217	1943
1460	168	1522
1625	65	1541
1627	25	1945
1628	112	1947
1629	124	1538
1442	75	1923
1633	247	1926
1456	48	1948
1427	137	1949
1641	5	1954
1644	93	1788
1644	251	1955
1650	285	1957
1651	418	1958
1652	322	1959
1430	313	1960
1390	412	1961
1387	380	1962
1655	421	1964
1656	369	1965
1657	366	1789
1659	397	1967
1384	355	1969
1661	315	1970
1454	405	1971
1664	325	1972
1671	262	1975
1345	170	1793
1605	5	1976
1606	45	1977
1391	422	1683
1684	316	1933
1686	517	1978
1690	617	1979
1691	618	1980
1695	659	1981
1696	666	1982
1699	685	1983
1665	110	1706
1701	291	1714
1701	234	1715
1346	202	1716
1429	269	1717
1600	295	1719
1611	274	1720
1739	1025	1988
1740	950	1989
1740	72	1742
1753	1176	1992
1752	1156	1986
1755	906	1987
1358	119	1990
1773	429	1745
1765	431	1743
1774	397	1744
1776	90	1748
1457	55	1746
1472	131	1991
1516	32	1747
1468	41	1827
1386	377	1996
1383	353	1997
1808	394	2000
1451	374	2003
1452	379	2004
1820	512	2008
1829	277	1839
1626	330	1840
1434	392	1841
1341	1410	136
1604	1645	293
1758	1421	296
1847	1646	303
1607	1845	267
2010	1845	119
1649	1759	219
1424	1643	272
1846	1641	275
1797	1760	279
2010	1610	285
1829	1798	277
1704	1847	303
1837	1807	395
1803	1652	436
1809	1833	375
2011	1834	489
2012	1851	498
1871	1852	499
1870	1835	490
1654	1808	420
1822	1854	434
2013	1778	444
2016	1855	442
2017	1856	449
2018	1857	464
1823	1433	347
2019	1784	468
1774	1627	397
2021	1858	480
1832	1377	68
1625	1662	65
2022	1855	183
1783	1811	188
2023	1856	178
1762	1810	172
2024	1374	168
1763	1859	164
2012	1804	153
1859	1861	164
1777	1862	173
2025	1863	89
1805	1864	204
2026	1865	218
1764	1848	307
1766	1849	308
1767	1850	335
2013	1800	339
1768	1801	345
2014	1830	340
2015	1852	353
2018	1853	380
2019	1802	389
2020	1831	307
1866	1781	402
1867	1782	411
1836	1632	373
1868	1435	424
1614	1675	316
1376	1824	363
1464	1866	402
1466	1867	411
1378	1619	380
1651	1676	418
2026	1622	425
1869	1868	424
1439	1636	325
1443	1775	409
1444	1869	424
1661	1431	315
1366	1448	308
1872	1870	490
1873	1861	464
1874	1860	459
1875	1865	480
1821	1825	485
1772	1872	490
1771	1826	492
1857	1873	464
1858	1875	480
1945	1876	711
1944	1877	706
2027	1878	812
1940	1879	690
1984	1881	811
1913	1883	770
2029	1884	815
2030	1886	816
1941	1887	698
1942	1888	702
1985	1889	830
1914	1892	775
1916	1893	777
1917	1894	781
1946	1895	714
1947	1897	717
1726	1898	653
1936	1899	580
1483	1900	574
1938	1901	680
1511	1903	679
2032	1525	547
2034	1904	735
2035	1906	723
2036	1542	692
2038	1908	736
2040	1910	759
2041	1911	761
2044	1792	726
2048	1914	775
2049	1916	777
2050	1682	666
2051	1918	668
2052	1919	796
2053	1920	681
1543	1479	98
2056	1921	107
1679	1814	120
1791	1908	191
2028	1922	174
2058	1513	155
1924	1923	75
2059	1924	75
2027	1904	143
2060	1813	146
2062	1723	148
2030	1925	199
2065	1926	247
2066	1927	231
1790	1929	212
1794	1930	264
1526	1931	202
2031	1932	295
2068	1933	316
2033	1876	525
2035	1877	532
2036	1879	536
2037	1880	542
2038	1882	542
2039	1885	579
2042	1889	608
2043	1890	590
2044	1891	606
2045	1892	614
2046	1895	629
2047	1896	630
1785	1898	643
2050	1899	645
2051	1900	634
2052	1902	679
2054	1903	511
1950	1795	559
1951	1935	572
1952	1936	580
1953	1928	589
1954	1529	597
1816	1937	599
1817	1530	605
1955	1536	622
1956	1535	639
1958	1934	681
1959	1540	684
1818	1939	689
1961	1941	698
1962	1929	699
1963	1942	702
1964	1943	654
1965	1522	532
1966	1541	691
1967	1945	711
1819	1947	717
1968	1538	664
1969	1923	719
1971	1926	725
1973	1948	730
1909	1787	535
2061	1949	555
1495	1954	597
1496	1788	606
1505	1955	622
1729	1957	650
1920	1958	681
1512	1959	684
1480	1960	554
2064	1961	698
1915	1962	699
1727	1964	654
1471	1965	532
1905	1789	705
2057	1967	711
1907	1969	719
2070	1970	720
1912	1971	725
2069	1972	729
1689	1975	591
1693	1793	640
1694	1976	641
1697	1977	673
1698	1683	683
1983	1933	796
1974	1978	515
1488	1979	585
1489	1980	586
1509	1981	665
2063	1982	790
1919	1983	796
2055	1706	516
1490	1714	576
1937	1715	599
2074	1716	647
2067	1717	653
1918	1719	668
1838	1720	677
1844	1988	1102
1843	1989	1098
2078	1742	946
2080	1992	287
2077	1986	847
2079	1987	1021
1995	1990	879
1998	1745	996
1999	1743	955
2000	1744	991
2002	1748	1056
2005	1746	1070
2006	1991	1139
2007	1747	1141
2008	1827	1075
1842	1996	932
1733	1997	903
1734	2000	991
1730	2001	840
1738	2003	1022
1732	2004	872
2009	2008	1075
1735	1839	896
1993	1840	1033
1994	1841	1086
1410	1341	1340
1645	1604	1343
1421	1758	1344
1646	1847	1345
1845	1607	1347
1845	2010	1348
1759	1649	1353
1643	1424	1354
1641	1846	1355
1760	1797	1357
1610	2010	1358
1798	1829	1361
1847	1704	1362
1807	1837	1365
1652	1803	1368
1833	1809	1369
1834	2011	1372
1851	2012	1373
1852	1871	1374
1835	1870	1375
1808	1654	1379
1854	1822	1369
1778	2013	1372
1855	2016	1384
1856	2017	1385
1857	2018	1387
1433	1823	1370
1784	2019	1388
1627	1774	1389
1858	2021	1391
1377	1832	1392
1662	1625	1393
1855	2022	1395
1811	1783	1396
1856	2023	1397
1810	1762	1398
1374	2024	1399
1859	1763	1400
1804	2012	1403
1861	1859	1404
1862	1777	1405
1863	2025	1406
1864	1805	1407
1865	2026	1408
1848	1764	1392
1849	1766	1393
1850	1767	1395
1800	2013	1396
1801	1768	1397
1830	2014	1398
1852	2015	1401
1853	2018	1404
1802	2019	1405
1831	2020	1407
1781	1866	1412
1782	1867	1413
1632	1836	1414
1435	1868	1413
1675	1614	1352
1824	1376	1418
1866	1464	1420
1867	1466	1420
1619	1378	1422
1676	1651	1423
1622	2026	1424
1868	1869	1425
1636	1439	1359
1775	1443	1428
1869	1444	1429
1431	1661	1430
1448	1366	1445
1870	1872	1449
1861	1873	1451
1860	1874	1452
1865	1875	1454
1825	1821	1457
1872	1772	1458
1826	1771	1459
1873	1857	1461
1875	1858	1465
1876	1945	1469
1877	1944	1471
1878	2027	1473
1879	1940	1474
1881	1984	1476
1883	1913	1482
1884	2029	1484
1886	2030	1487
1887	1941	1488
1888	1942	1491
1889	1985	1493
1892	1914	1497
1893	1916	1498
1894	1917	1499
1895	1946	1500
1897	1947	1503
1898	1726	1506
1899	1936	1507
1900	1483	1508
1901	1938	1510
1903	1511	1518
1525	2032	1518
1904	2034	1520
1906	2035	1522
1542	2036	1481
1908	2038	1475
1910	2040	1485
1911	2041	1484
1792	2044	1531
1914	2048	1503
1916	2049	1499
1682	2050	1537
1918	2051	1502
1919	2052	1539
1920	2053	1498
1479	1543	1544
1921	2056	1546
1814	1679	1547
1908	1791	1550
1922	2028	1552
1513	2058	1553
1923	1924	1554
1924	2059	1555
1904	2027	1557
1813	2060	1559
1723	2062	1561
1925	2030	1573
1926	2065	1574
1927	2066	1578
1929	1790	1584
1930	1794	1588
1931	1526	1589
1932	2031	1592
1933	2068	1594
1876	2033	1548
1877	2035	1551
1879	2036	1553
1880	2037	1555
1882	2038	1558
1885	2039	1565
1889	2042	1571
1890	2043	1573
1891	2044	1575
1892	2045	1576
1895	2046	1581
1896	2047	1582
1898	1785	1587
1899	2050	1590
1900	2051	1591
1902	2052	1594
1903	2054	1598
1795	1950	1447
1935	1951	1600
1936	1952	1601
1928	1953	1603
1529	1954	1605
1937	1816	1606
1530	1817	1354
1536	1955	1423
1535	1956	1357
1934	1958	1613
1540	1959	1613
1939	1818	1615
1941	1961	1618
1929	1962	1619
1942	1963	1620
1943	1964	1621
1522	1965	1460
1541	1966	1625
1945	1967	1627
1947	1819	1628
1538	1968	1629
1923	1969	1442
1926	1971	1633
1948	1973	1456
1787	1909	1637
1949	2061	1427
1954	1495	1641
1788	1496	1644
1955	1505	1644
1957	1729	1650
1958	1920	1651
1959	1512	1652
1960	1480	1430
1961	2064	1390
1962	1915	1387
1964	1727	1655
1965	1471	1656
1789	1905	1657
1967	2057	1659
1969	1907	1384
1970	2070	1661
1971	1912	1454
1972	2069	1664
1975	1689	1671
1793	1693	1345
1976	1694	1605
1977	1697	1606
1683	1698	1391
1933	1983	1684
1978	1974	1686
1979	1488	1690
1980	1489	1691
1981	1509	1695
1982	2063	1696
1983	1919	1699
1706	2055	1665
1714	1490	1701
1715	1937	1701
1716	2074	1346
1717	2067	1429
1719	1918	1600
1720	1838	1611
1988	1844	1739
1989	1843	1740
1742	2078	1740
1992	2080	1753
1986	2077	1752
1987	2079	1755
1990	1995	1358
1745	1998	1773
1743	1999	1765
1744	2000	1774
1748	2002	1776
1746	2005	1457
1991	2006	1472
1747	2007	1516
1827	2008	1468
1996	1842	1386
1997	1733	1383
2000	1734	1808
2001	1730	1779
2003	1738	1451
2004	1732	1452
2008	2009	1820
1839	1735	1829
1840	1993	1626
1841	1994	1434
189	56	1342
233	253	1349
494	181	1376
475	412	1390
412	475	1406
409	210	1412
419	254	1415
386	137	1427
452	347	1433
469	392	1434
455	75	1442
475	269	1444
433	47	1381
435	48	1456
471	150	1463
721	65	1467
516	41	1468
810	131	1472
708	98	1479
771	100	1483
790	115	1485
824	232	1489
674	92	1502
671	8	1504
573	93	1505
793	213	1509
797	436	1512
805	155	1513
809	36	1514
729	32	1516
720	58	1517
740	547	1525
745	568	1526
755	579	1486
764	590	1494
766	609	1528
780	639	1535
788	664	1538
798	684	1540
728	721	1543
169	706	1551
134	811	1556
208	769	1565
266	816	1566
281	822	1567
270	823	1569
69	702	1570
208	775	1576
217	777	1577
241	714	1581
200	754	1582
208	829	1583
217	716	1585
225	717	1586
222	580	1590
512	731	1545
514	636	1546
520	687	1547
531	736	1550
541	719	1554
540	735	1557
544	535	1559
551	741	1560
557	562	1561
609	766	1572
605	725	1574
615	704	1578
625	589	1580
634	699	1584
652	787	1589
584	794	1592
558	806	1596
594	106	1604
598	34	1601
600	224	1607
620	220	1356
648	271	1609
703	425	1622
708	330	1626
701	405	1465
658	315	1437
724	373	1632
728	331	1635
601	270	1642
636	29	1648
644	9	1649
716	217	1621
658	58	1630
727	65	1662
728	98	1663
604	199	1602
701	418	1676
635	322	1368
795	683	1683
745	202	1689
782	255	1693
792	291	1697
797	15	1698
513	20	1351
546	54	1446
638	36	1672
650	249	1704
686	30	1432
731	519	1707
742	552	1710
737	563	1711
788	576	1714
822	599	1715
760	653	1717
757	677	1720
806	693	1721
808	709	1722
743	148	1723
656	115	1537
760	120	1726
762	123	1727
784	40	1533
1140	13	1730
1179	161	1732
907	23	1733
1333	420	1734
1254	245	1735
1094	177	1737
921	164	1738
1217	946	1742
1225	955	1743
1233	991	1744
1208	996	1745
1245	1021	1736
1081	1070	1746
1279	1141	1747
1108	1056	1748
260	1156	1752
349	1321	1754
344	906	1755
408	1102	1756
390	1098	1757
834	879	1749
836	1139	1750
854	1165	1751
865	107	1758
841	219	1759
880	279	1760
887	249	1761
921	498	1763
936	433	1766
940	442	1767
944	449	1768
960	57	1624
964	105	1770
973	179	1771
1003	369	1656
1018	337	1458
1026	409	1775
1058	456	1777
1060	444	1778
1073	402	1781
1074	411	1782
1048	351	1373
1049	486	1783
1097	468	1784
1115	784	1785
1119	524	1786
1007	535	1787
1041	606	1788
1093	705	1789
1071	553	1515
881	626	1725
1150	674	1790
948	689	1791
1090	726	1792
895	637	1692
1027	659	1695
1159	640	1793
1161	786	1794
1088	559	1795
849	102	1797
865	277	1798
869	119	1347
904	339	1800
907	345	1801
927	389	1802
898	113	1803
944	153	1804
956	395	1807
1008	117	1809
1009	62	1780
917	172	1810
893	204	1455
1007	146	1813
1041	216	1531
1124	281	1527
1132	120	1814
934	39	1534
1145	45	1816
948	361	1818
1152	423	1819
1163	264	1713
886	212	1422
889	294	1425
977	55	1821
962	323	1822
987	328	1823
1002	363	1824
1007	366	1657
1011	397	1659
1017	309	1364
1032	429	1773
1078	485	1825
1084	492	1826
1132	643	1506
1089	1025	1739
1044	1075	1827
867	283	1428
911	340	1830
932	307	1831
956	432	1832
960	375	1833
971	489	1834
979	490	1835
1004	178	1385
1015	237	1836
1028	256	1620
1038	51	1837
1134	244	1838
1174	896	1839
1057	1033	1840
1274	1086	1841
1224	60	1842
1332	72	1843
1101	239	1844
242	233	1349
363	494	1376
60	462	1386
269	475	1390
152	419	1415
23	452	1433
150	469	1434
325	318	1439
355	455	1442
424	475	1444
64	481	1448
314	433	1381
331	435	1456
398	471	1463
411	504	1466
511	721	1467
512	516	1468
547	708	1479
574	771	1483
578	790	1485
634	674	1502
518	671	1504
622	573	1505
684	797	1512
558	729	1516
630	720	1517
14	740	1525
148	743	1474
202	745	1526
8	755	1486
266	764	1494
287	766	1528
259	750	1529
102	780	1535
124	788	1538
418	798	1540
65	800	1541
98	728	1543
735	189	1549
745	240	1562
751	301	1563
753	208	1565
755	266	1566
759	281	1567
764	69	1570
726	247	1575
769	208	1576
648	217	1577
587	241	1581
773	200	1582
775	208	1583
777	217	1585
779	225	1586
666	222	1590
668	228	1591
795	422	1593
516	512	1545
661	514	1546
689	531	1550
739	541	1554
812	540	1557
642	544	1559
555	551	1560
529	557	1561
790	578	1564
778	615	1578
782	625	1580
674	634	1584
786	646	1588
828	584	1592
729	558	1596
720	630	1597
301	598	1601
217	648	1609
272	703	1622
98	708	1626
15	701	1465
69	658	1437
247	726	1634
329	728	1635
92	601	1642
224	600	1645
262	528	1647
229	636	1648
425	703	1612
421	716	1621
315	658	1630
433	727	1662
331	728	1663
11	551	1668
282	604	1602
251	701	1676
113	635	1368
422	795	1683
591	745	1689
640	782	1693
641	783	1694
673	792	1697
683	797	1698
155	546	1446
121	607	1670
303	650	1704
327	686	1432
291	788	1714
234	822	1715
269	760	1717
274	757	1720
562	743	1723
645	656	1537
653	760	1726
654	762	1727
650	831	1729
840	1140	1730
872	1179	1732
991	1333	1734
896	1254	1735
1021	1094	1737
1022	921	1738
72	1217	1742
431	1225	1743
397	1233	1744
429	1208	1745
66	1245	1736
55	1081	1746
32	1279	1747
90	1108	1748
1127	260	1752
946	349	1754
1244	344	1755
1251	408	1756
1273	390	1757
869	834	1749
1120	836	1750
1176	854	1751
1125	861	1753
296	865	1758
117	841	1759
237	880	1760
78	887	1761
172	919	1762
164	921	1763
309	935	1765
335	940	1767
345	944	1768
375	960	1624
379	964	1770
492	973	1771
490	979	1772
389	987	1388
57	1003	1656
135	1018	1458
283	1026	1775
178	1006	1440
173	1058	1777
210	1073	1781
294	1074	1782
153	1048	1373
133	1097	1784
40	1105	1482
643	1115	1785
128	1119	1786
176	1007	1787
93	1041	1788
366	1093	1789
48	1071	1515
212	1150	1790
191	948	1791
216	1090	1792
170	1159	1793
264	1161	1794
144	1088	1795
107	865	1798
224	869	1347
249	887	1362
486	904	1800
452	907	1801
456	927	1802
436	898	1803
449	944	1804
310	956	1807
375	1008	1809
374	1009	1780
417	892	1623
455	917	1810
444	914	1811
535	1007	1813
606	1041	1531
687	1132	1814
629	934	1534
599	1145	1816
605	854	1817
689	948	1818
717	1152	1819
566	1163	1713
253	882	1703
37	886	1422
485	977	1821
434	962	1822
24	1002	1824
146	1007	1657
185	1011	1659
64	1017	1364
27	1020	1371
204	1032	1773
338	1078	1825
360	1084	1826
120	1132	1506
239	1089	1739
41	1044	1827
33	863	1828
495	911	1830
478	932	1831
323	960	1833
339	971	1834
356	979	1835
370	1004	1385
373	1015	1836
420	1028	1620
395	1038	1837
677	1134	1838
277	1174	1839
330	1057	1840
392	1274	1841
932	1224	1842
1098	1332	1843
1102	1101	1844
34	242	1349
238	32	1359
211	238	1360
432	10	1363
481	64	1364
376	6	1366
458	27	1371
457	37	1378
423	320	1380
351	457	1400
367	182	1419
394	315	1431
475	424	1435
337	49	1411
468	338	1453
476	428	1455
459	23	1462
718	191	1475
813	184	1478
769	8	1486
816	266	1494
754	19	1501
799	14	1511
510	518	1504
705	528	1521
719	541	1523
535	544	1524
725	605	1530
770	621	1533
699	634	1508
781	622	1536
115	830	1571
255	782	1580
322	802	1595
534	738	1552
539	734	1556
568	745	1562
575	751	1563
579	755	1566
585	760	1568
590	764	1570
616	648	1577
623	583	1579
632	779	1586
678	795	1593
541	158	1426
567	282	1602
528	262	1608
636	229	1344
685	95	1614
690	367	1616
704	417	1623
706	375	1624
714	398	1463
572	215	1639
580	222	1640
589	152	1415
639	63	1414
702	69	1654
664	211	1660
730	329	1635
614	510	1677
738	539	1476
744	567	1678
533	56	1638
548	22	1667
564	151	1669
656	253	1703
618	508	1705
659	516	1706
811	533	1708
527	548	1709
525	564	1712
785	566	1713
787	647	1716
830	656	1718
794	668	1719
906	66	1736
119	869	1749
131	1120	1750
1025	1251	1756
950	1273	1757
847	285	1650
1033	331	1663
1086	629	1500
879	78	1761
996	478	1805
955	481	1806
1056	327	1812
1139	128	1786
1141	171	1815
1075	325	1664
1349	253	1702
1348	285	1796
1356	220	1846
1359	91	1360
1360	91	1416
1363	307	1848
1364	309	1806
1366	308	1849
1371	335	1850
1378	380	1853
1380	112	1628
1401	459	1860
1400	498	1851
1409	112	1380
1419	148	1616
1421	229	1618
1431	25	1389
1435	89	1863
1411	175	1449
1450	168	1871
1453	173	1862
1455	204	1864
1462	379	1874
1475	542	1880
1478	542	1882
1486	579	1885
1494	590	1890
1496	606	1891
1511	679	1902
1504	8	1677
1521	146	1905
1523	183	1907
1524	76	1909
1530	218	1912
1533	40	1913
1508	100	1915
1536	114	1917
1571	759	1910
1580	589	1928
1595	681	1934
1552	812	1878
1556	811	1881
1562	770	1883
1563	815	1884
1566	816	1886
1568	698	1887
1570	702	1888
1577	777	1893
1579	781	1894
1586	717	1897
1593	680	1901
1426	183	1523
1602	199	1678
1608	146	1521
1344	107	1921
1612	124	1938
1614	316	1684
1616	148	1940
1623	231	1927
1624	57	1944
1463	150	1946
1418	181	1950
1639	295	1951
1640	301	1952
1415	254	1953
1414	237	1956
1654	420	1963
1658	376	1966
1660	426	1968
1635	331	1973
1665	84	1974
1677	8	1532
1476	174	1922
1678	199	1925
1417	123	1705
1638	174	1708
1667	143	1709
1703	288	1718
1705	123	1680
1706	110	1681
1708	174	1984
1709	143	1520
1713	264	1930
1716	202	1931
1718	288	1985
1719	295	1932
1731	847	1986
1736	1021	1987
1749	879	1990
1750	1139	1991
1756	1102	1988
1757	1098	1989
1650	26	1741
1663	98	1993
1500	150	1994
1761	249	1995
1805	204	1998
1806	309	1999
1812	438	2002
1453	338	2005
1786	524	2006
1815	558	2007
1664	304	2009
34	1349	1702
275	1356	1846
238	1359	1360
211	1360	1416
432	1363	1848
481	1364	1806
376	1366	1849
458	1371	1850
457	1378	1853
423	1380	1628
161	1401	1860
351	1400	1851
320	1409	1380
367	1419	1616
412	1421	1618
394	1431	1389
475	1435	1863
337	1411	1449
499	1450	1871
468	1453	1862
476	1455	1864
459	1462	1874
718	1475	1880
813	1478	1882
769	1486	1885
816	1494	1890
695	1496	1891
754	1501	1896
799	1511	1902
510	1504	1677
705	1521	1905
719	1523	1907
535	1524	1909
725	1530	1912
770	1533	1913
699	1508	1915
781	1536	1917
115	1571	1910
255	1580	1928
322	1595	1934
534	1552	1878
539	1556	1881
568	1562	1883
575	1563	1884
579	1566	1886
585	1568	1887
590	1570	1888
616	1577	1893
623	1579	1894
632	1586	1897
678	1593	1901
541	1426	1523
567	1602	1678
528	1608	1521
636	1344	1921
680	1612	1938
685	1614	1684
690	1616	1940
704	1623	1927
706	1624	1944
714	1463	1946
572	1639	1951
580	1640	1952
589	1415	1953
639	1414	1956
702	1654	1963
691	1658	1966
664	1660	1968
730	1635	1973
515	1665	1974
614	1677	1532
738	1476	1922
744	1678	1925
508	1417	1705
533	1638	1708
548	1667	1709
564	1669	1712
656	1703	1718
618	1705	1680
659	1706	1681
811	1708	1984
527	1709	1520
525	1712	1519
785	1713	1930
787	1716	1931
830	1718	1985
794	1719	1932
1156	1731	1986
906	1736	1987
119	1749	1990
131	1750	1991
1025	1756	1988
950	1757	1989
847	1650	1741
1033	1663	1993
1086	1500	1994
879	1761	1995
996	1805	1998
955	1806	1999
1056	1812	2002
1070	1453	2005
1139	1786	2006
1141	1815	2007
1075	1664	2009
31	262	1346
20	224	1351
320	421	1367
328	379	1370
47	439	1381
75	455	1382
23	459	1383
10	476	1363
442	132	1402
497	334	1399
489	355	1402
498	370	1403
6	376	1410
91	426	1416
9	317	1353
158	352	1426
30	438	1432
315	394	1437
317	434	1438
347	452	1440
352	458	1441
402	503	1464
531	689	1470
540	812	1477
553	730	1515
184	739	1478
199	753	1487
281	759	1527
256	744	1491
8	769	1532
39	587	1534
58	773	1517
65	727	1467
734	185	1548
741	147	1560
752	300	1564
760	269	1568
766	121	1572
727	314	1598
721	511	1544
822	578	1567
823	575	1569
829	632	1583
716	623	1585
802	616	1595
56	555	1342
129	558	1599
249	650	1610
58	720	1630
7	512	1631
32	729	1636
182	529	1419
56	540	1638
220	531	1355
262	642	1608
245	661	1361
426	678	1629
367	690	1653
361	641	1615
340	718	1382
88	510	1409
22	543	1667
36	618	1672
222	666	1673
439	685	1674
82	550	1675
36	515	1514
120	585	1679
115	790	1682
510	614	1685
543	534	1687
637	778	1692
550	799	1700
270	572	1642
63	591	1647
215	595	1639
253	645	1702
271	654	1609
564	525	1724
626	676	1725
676	673	1728
26	1127	1741
177	1244	1737
1321	950	1754
307	932	1764
62	1022	1780
105	872	1770
285	847	1796
1346	262	1671
1351	224	1343
1367	421	1655
1370	379	1462
1381	439	1674
1382	455	2014
1383	459	2015
1363	476	2020
1394	90	1776
1402	132	2011
1399	334	1769
1402	355	2016
1403	370	2017
1408	422	2021
1410	376	1658
1416	426	1660
1353	317	1438
1426	352	1441
1432	438	1812
1437	394	1379
1438	434	1854
1440	452	2023
1441	458	2022
1446	367	1653
1460	497	2024
1464	503	2025
1470	689	1939
1477	812	2028
1480	564	1724
1492	828	2031
1515	730	1948
1478	739	2037
1487	753	2039
1527	759	2042
1491	744	2043
1532	769	2045
1534	587	2046
1517	773	2047
1467	727	2054
1545	84	2055
1548	185	2057
1560	147	2061
1564	300	2063
1568	269	2064
1572	121	2029
1587	214	2067
1596	304	2069
1597	313	2070
1598	314	1539
1544	511	2032
1567	578	2040
1569	575	2041
1583	632	2048
1585	623	2049
1595	616	2053
1342	555	1949
1599	558	1815
1610	650	1957
1617	554	1960
1630	720	1970
1631	512	1820
1636	729	1972
1419	529	2062
1638	540	1477
1355	531	1470
1608	642	2060
1361	661	2056
1629	678	1510
1653	690	2058
1634	694	2065
1615	641	1976
1382	718	2059
1450	723	1906
1409	510	1685
1666	517	1686
1667	543	1687
1670	592	1688
1648	617	1690
1672	618	1691
1673	666	1696
1674	685	1699
1675	550	1700
1514	515	1978
1679	585	1979
1680	586	1980
1681	665	1981
1682	790	1982
1685	614	1497
1687	534	1473
1688	761	1911
1692	778	2066
1700	799	2068
1642	572	1935
1647	591	1975
1639	595	1492
1702	645	1507
1609	654	1943
1724	525	1469
1725	676	1728
1728	673	1977
1741	1127	2077
1737	1244	2079
1751	287	1992
1754	950	2078
1764	932	1996
1769	903	1997
1436	840	2001
1780	1022	2003
1770	872	2004
1796	847	1731
1528	1125	2080
202	1346	1671
106	1351	1343
123	1367	1655
23	1370	1462
314	1381	1674
340	1382	2014
353	1383	2015
307	1363	2020
489	1402	2011
353	1399	1769
442	1402	2016
449	1403	2017
480	1408	2021
136	1410	1658
211	1416	1660
123	1417	1367
117	1353	1438
183	1426	1441
327	1432	1812
69	1437	1379
117	1438	1854
178	1440	2023
183	1441	2022
155	1446	1653
168	1460	2024
89	1464	2025
5	1470	1939
174	1477	2028
25	1480	1724
295	1492	2031
48	1515	1948
525	1519	2033
542	1478	2037
579	1487	2039
608	1527	2042
590	1491	2043
614	1532	2045
629	1534	2046
630	1517	2047
511	1467	2054
516	1545	2055
711	1548	2057
555	1560	2061
790	1564	2063
698	1568	2064
815	1572	2029
653	1587	2067
729	1596	2069
720	1597	2070
679	1598	1539
547	1544	2032
735	1549	2034
759	1567	2040
761	1569	2041
775	1583	2048
777	1585	2049
681	1595	2053
137	1342	1949
285	1610	1957
315	1630	1970
325	1636	1972
148	1419	2062
174	1638	1477
5	1355	1470
146	1608	2060
107	1361	2056
124	1629	1510
155	1653	2058
247	1634	2065
5	1615	1976
75	1382	2059
168	1450	1906
112	1409	1685
143	1667	1687
121	1670	1688
229	1648	1690
232	1672	1691
300	1673	1696
314	1674	1699
316	1675	1700
517	1514	1978
617	1679	1979
618	1680	1980
659	1681	1981
666	1682	1982
112	1685	1497
143	1687	1473
121	1688	1911
231	1692	2066
316	1700	2068
92	1642	1935
262	1647	1975
295	1639	1492
34	1702	1507
217	1609	1943
25	1724	1469
45	1725	1728
45	1728	1977
847	1741	2077
1021	1737	2079
1176	1751	1992
946	1754	2078
377	1764	1996
353	1769	1997
374	1780	2003
379	1770	2004
207	1796	1731
287	1528	2080
50	2081	2082
22	2087	2605
108	2088	2092
104	2094	2230
68	2097	2764
296	2098	2766
336	2096	2565
415	2099	2567
504	2100	2657
474	2100	2475
71	2101	2250
189	2104	2253
144	2105	2564
279	2106	2763
243	2109	2480
175	2105	2119
399	2113	2540
409	2114	2694
191	2116	2607
152	2117	2130
130	2118	2606
175	2119	2692
263	2121	2608
369	2125	2744
385	2126	2610
408	2128	2611
152	2130	2479
187	2131	2563
90	2134	2545
29	2135	2750
63	2137	2713
139	2139	2551
79	2141	2821
206	2142	2977
293	2146	2978
301	2147	2668
278	2151	2827
250	2153	2550
165	2155	2820
530	2160	2981
569	2143	2984
570	2165	2985
574	2167	2986
578	2144	2672
569	2140	2988
576	2170	2990
595	2171	2991
610	2173	2993
594	2175	2995
596	2176	2996
646	2180	2673
644	2182	2999
740	2192	2800
708	2194	2516
565	2198	2513
791	2200	3002
814	2201	2978
826	2207	3003
828	2208	2979
831	2210	2679
818	2212	2977
825	2215	2658
780	2216	2807
783	2217	2678
573	2220	2263
713	2221	3005
696	2222	3006
772	2223	3007
805	2226	3008
637	2188	2980
737	2193	2982
742	2196	2983
688	2197	2497
743	2198	2660
747	2200	2985
757	2203	2987
758	2204	2988
762	2205	2989
703	2206	2990
765	2208	2991
756	2209	2992
767	2210	2993
746	2211	2994
748	2212	2995
749	2213	2996
750	2214	2661
752	2215	2997
771	2217	2998
789	2224	3000
800	2225	2662
801	2226	2663
803	2227	3001
167	2110	2813
176	2229	2552
86	2232	2714
205	2234	2814
284	2109	2554
405	2235	2715
416	2237	2815
346	2117	2818
369	2240	2819
371	2241	2749
278	2244	2151
58	2246	2797
106	2243	2798
422	2247	2671
85	2248	2784
43	2099	2320
165	2252	2155
189	2253	2665
203	2237	3005
130	2125	2785
267	2256	2281
254	2107	2284
321	2261	2288
551	2138	2822
570	2141	2823
592	2149	2751
593	2264	2824
613	2265	2825
151	2278	2716
207	2282	2787
206	2283	2142
332	2290	2499
232	2292	2828
111	2294	2156
513	2296	2829
577	2298	2830
583	2299	2831
584	2300	2832
621	2308	2722
559	2309	2834
221	2316	3004
43	2320	2791
24	2322	2703
95	2323	2935
99	2324	2629
59	2325	2893
52	2327	2945
246	2329	3009
264	2332	2374
261	2333	2951
231	2338	2862
73	2341	2895
192	2354	2874
142	2358	2875
132	2364	2725
142	2365	2897
49	2369	2936
840	2378	3011
853	2384	3012
859	2387	3013
861	2389	2680
864	2334	3014
902	2394	3016
928	2397	3019
929	2345	3020
939	2398	3021
924	2341	3022
957	2400	3023
966	2347	3025
988	2404	3026
1000	2358	3028
884	2406	3029
1019	2362	3030
1027	2408	3031
1034	2363	3032
874	2411	3033
870	2414	2579
887	2416	2691
1140	2417	3034
1181	2423	3035
1157	2425	2412
1290	2426	3036
1294	2429	3009
1123	2431	3037
1266	2434	2891
1325	2440	3010
1305	2443	3038
1130	2444	3039
1242	2449	2888
1252	2454	2889
900	2458	3041
1236	2461	2887
1161	2466	3042
1173	2422	3012
1016	2424	3013
1166	2425	3014
1163	2428	3015
1192	2433	3017
1194	2434	3018
1212	2439	3022
1226	2441	3023
1191	2444	3024
1203	2446	3026
940	2450	3027
1257	2460	3032
279	2111	2727
99	2467	2902
263	2468	2903
300	2232	2729
443	2473	2904
54	2477	2906
141	2478	2907
243	2480	2908
318	2481	2909
336	2473	2910
342	2482	2911
398	2254	2914
428	2493	2730
493	2478	2918
499	2495	2919
565	2502	2921
608	2504	2731
609	2505	2753
506	2310	2927
593	2282	2929
628	2285	2930
607	2317	2933
273	2519	2335
59	2121	2325
364	2522	2344
61	2524	2372
135	2525	2340
101	2526	2342
443	2525	2628
445	2529	2351
347	2530	2733
482	2533	2346
466	2534	2938
470	2535	2939
488	2536	2348
342	2537	2627
52	2492	2326
133	2530	2357
141	2529	2625
177	2539	2872
95	2122	2323
165	2541	2878
652	2544	2371
776	2547	2631
298	2176	3037
118	2182	2624
250	2550	2944
28	2265	2370
193	2502	2366
252	2504	2860
13	2512	2336
147	2556	2942
156	2297	2630
230	2301	2857
250	2302	2859
214	2308	2732
257	2467	2593
391	2562	2597
446	2482	2598
187	2563	2599
386	2569	2601
477	2543	2602
588	2145	2604
881	2580	2946
891	2581	2947
1091	2369	2950
252	2594	2330
391	2597	2870
335	2600	3040
82	2088	2894
451	2539	2941
495	2522	2349
68	2113	2952
308	2609	2724
332	2548	3039
324	2509	2896
52	2581	2866
128	2633	2963
1666	2643	3043
1668	2644	3044
1599	2645	3045
1631	2646	3046
1617	2647	3047
1799	2649	3048
324	2472	2965
808	2664	2967
610	2674	2969
832	2687	2972
175	2692	2634
438	2520	2759
305	2570	2760
736	2707	2636
254	2173	2637
405	2715	2638
179	2589	2635
128	2377	2633
207	2256	2742
559	2322	2743
88	2734	2974
134	2706	2975
710	2748	2962
1341	2754	2976
2081	12	2101
2087	154	2468
2088	82	2761
2094	223	2260
2097	342	2535
2098	412	2693
2096	21	2488
2099	43	2496
2100	474	2762
2100	504	2523
2101	12	2573
2104	137	2531
2105	175	2655
2106	9	2236
2109	284	2568
2105	144	2656
2113	68	2764
2114	268	2762
2116	340	2485
2117	346	2765
2118	354	2571
2119	385	2572
2121	59	2128
2125	130	2470
2126	181	2527
2128	59	2767
2130	350	2574
2131	358	2768
2134	518	2770
2135	520	2709
2137	528	2771
2139	560	2772
2141	570	2773
2142	582	2774
2146	600	2776
2147	609	2710
2151	596	2780
2153	605	2711
2155	627	2782
2160	130	2785
2143	215	2786
2165	207	2787
2167	228	2789
2144	234	2790
2140	43	2791
2170	124	2677
2171	276	2792
2173	254	2793
2175	293	2794
2176	298	2795
2180	3	2796
2182	118	2515
2192	722	2799
2194	740	2800
2198	743	2801
2200	747	2802
2201	748	2794
2207	763	2803
2208	765	2804
2210	767	2557
2212	748	2788
2215	752	2790
2216	770	2667
2217	771	2806
2220	781	2670
2221	662	2809
2222	669	2810
2223	670	2712
2226	801	2812
2188	619	2769
2193	810	2695
2196	564	2745
2197	712	2772
2198	565	2696
2200	791	2773
2203	818	2774
2204	819	2775
2205	824	2697
2206	825	2698
2208	828	2746
2209	814	2776
2210	831	2777
2211	817	2778
2212	818	2779
2213	820	2780
2214	821	2699
2215	825	2781
2217	783	2782
2224	793	2700
2225	804	2783
2226	805	2701
2227	809	2702
2110	130	2160
2229	136	2187
2232	300	2177
2234	203	2809
2109	243	2810
2235	251	2735
2237	203	2808
2117	152	2178
2240	163	2799
2241	169	2705
2244	109	2503
2246	205	2814
2243	274	2675
2247	425	2736
2248	333	2507
2099	415	2816
2252	374	2676
2253	396	2511
2237	416	2817
2125	369	2819
2256	207	2165
2107	166	2576
2261	436	2273
2138	56	2262
2141	79	2805
2149	270	2708
2264	292	2802
2265	28	2168
2278	551	2822
2282	593	2824
2283	613	2825
2290	715	2826
2292	299	2298
2294	275	2300
2296	106	2183
2298	299	2811
2299	278	2827
2300	275	2659
2308	214	2747
2309	378	2812
2316	583	2831
2320	655	2833
2322	559	2834
2323	832	2835
2324	841	2836
2325	842	2837
2327	853	2838
2329	859	2839
2332	864	2840
2333	863	2841
2338	892	2843
2341	924	2845
2354	998	2850
2358	1000	2852
2364	999	2853
2365	1034	2854
2369	1091	2855
2378	61	2856
2384	246	2858
2387	101	2588
2389	86	2861
2334	200	2413
2394	332	2863
2397	393	2864
2345	387	2865
2398	52	2866
2341	73	2867
2400	414	2868
2347	345	2869
2404	391	2870
2358	142	2871
2406	44	2873
2362	192	2874
2408	213	2876
2363	173	2877
2411	127	2879
2414	878	2337
2416	1153	2373
2417	1121	2880
2423	1146	2726
2425	1166	2375
2426	1169	2881
2429	1173	2858
2431	1186	2882
2434	1194	2883
2440	1137	2884
2443	1229	2885
2444	1191	2863
2449	1046	2886
2454	1226	2868
2458	1135	2890
2461	1083	2368
2466	1289	2892
2422	1184	2838
2424	1294	2839
2425	1157	2840
2428	1155	2842
2433	907	2723
2434	1266	2844
2439	1309	2846
2441	1299	2847
2444	1130	2848
2446	1323	2849
2450	1243	2851
2460	1061	2854
2111	227	2381
2467	257	2390
2468	154	2379
2232	86	2389
2473	336	2396
2477	502	2402
2478	493	2403
2480	430	2405
2481	414	2400
2473	443	2583
2482	446	2584
2254	241	2383
2493	80	2392
2478	141	2399
2495	161	2898
2502	193	2586
2504	252	2899
2505	222	2900
2310	22	2901
2282	207	2738
2285	244	2590
2317	287	2752
2519	99	2902
2121	263	2903
2522	495	2681
2524	431	2682
2525	443	2904
2526	474	2905
2525	135	2683
2529	141	2907
2530	133	2684
2533	318	2909
2534	336	2910
2535	342	2911
2536	359	2912
2537	377	2913
2492	398	2914
2530	347	2686
2529	445	2915
2539	451	2916
2122	305	2687
2541	493	2917
2544	568	2688
2547	209	2920
2176	596	2922
2182	644	2923
2550	694	2924
2265	613	2925
2502	565	2926
2504	608	2689
2512	523	2928
2556	628	2930
2297	562	2931
2301	601	2932
2302	607	2933
2308	621	2934
2467	99	2407
2562	49	2936
2482	342	2937
2563	487	2940
2569	147	2942
2543	406	2943
2145	250	2944
2580	45	2388
2581	52	2945
2369	49	2410
2594	881	2946
2597	925	2948
2600	1020	2949
2088	108	2612
2539	177	2617
2522	364	2618
2113	399	2620
2609	481	2621
2548	682	2622
2509	651	2623
2581	891	2953
2633	1350	2954
2643	84	2955
2644	151	2956
2645	171	2957
2646	304	2958
2647	313	2959
2649	1828	2960
2472	416	2961
2664	630	2739
2674	255	2641
2687	305	2648
2692	460	2964
2520	324	2965
2570	431	2966
2707	160	2968
2173	610	2969
2715	695	2970
2589	1020	2971
2377	836	2973
2256	267	2639
2322	24	2640
2734	320	2755
2706	734	2756
2748	527	2757
2754	176	2642
2082	2101	71
2605	2468	263
2092	2761	242
2230	2260	292
2764	2535	470
2766	2693	503
2565	2488	451
2567	2496	477
2657	2762	268
2475	2523	403
2250	2573	306
2253	2531	396
2564	2655	391
2763	2236	410
2480	2568	430
2119	2656	385
2540	2764	470
2694	2762	474
2607	2485	445
2130	2765	350
2606	2571	441
2692	2572	460
2608	2128	408
2744	2470	497
2610	2527	454
2611	2767	407
2479	2574	496
2563	2768	487
2545	2770	732
2750	2709	617
2713	2771	724
2551	2772	712
2821	2773	791
2977	2774	818
2978	2776	814
2668	2710	815
2827	2780	820
2550	2711	694
2820	2782	783
2981	2785	722
2984	2786	746
2985	2787	747
2986	2789	750
2672	2790	752
2988	2791	758
2990	2677	703
2991	2792	765
2993	2793	767
2995	2794	748
2996	2795	749
2673	2796	785
2999	2515	669
2800	2799	163
2516	2800	163
2513	2801	156
3002	2802	292
2978	2794	293
3003	2803	286
2979	2804	111
2679	2557	26
2977	2788	206
2658	2790	234
2807	2667	240
2678	2806	259
2263	2670	221
3005	2809	203
3006	2810	243
3007	2712	244
3008	2812	378
2980	2769	509
2982	2695	524
2983	2745	554
2497	2772	560
2660	2696	536
2985	2773	570
2987	2774	582
2988	2775	569
2989	2697	586
2990	2698	576
2991	2746	595
2992	2776	600
2993	2777	610
2994	2778	592
2995	2779	594
2996	2780	596
2661	2699	597
2997	2781	603
2998	2782	627
3000	2700	665
2662	2783	691
2663	2701	692
3001	2702	517
2813	2160	530
2552	2187	553
2714	2177	603
2814	2809	662
2554	2810	669
2715	2735	695
2815	2808	700
2818	2178	625
2819	2799	722
2749	2705	723
2151	2503	596
2797	2814	662
2798	2675	670
2671	2736	680
2784	2507	687
2320	2816	655
2155	2676	627
2665	2511	710
3005	2817	713
2785	2819	722
2281	2165	570
2284	2576	624
2288	2273	683
2822	2262	561
2823	2805	756
2751	2708	761
2824	2802	747
2825	2168	582
2716	2822	561
2787	2824	747
2142	2825	582
2499	2826	807
2828	2298	577
2156	2300	584
2829	2183	660
2830	2811	789
2831	2827	820
2832	2659	821
2722	2747	784
2834	2812	801
3004	2831	820
2791	2833	758
2703	2834	801
2935	2835	870
2629	2836	1005
2893	2837	835
2945	2838	1184
3009	2839	1294
2374	2840	1157
2951	2841	1291
2862	2843	1186
2895	2845	927
2874	2850	1242
2875	2852	1249
2725	2853	1060
2897	2854	1061
2936	2855	925
3011	2856	1121
3012	2858	1173
3013	2588	1016
2680	2861	1176
3014	2413	1166
3016	2863	1191
3019	2864	1204
3020	2865	1205
3021	2866	1211
3022	2867	1212
3023	2868	1226
3025	2869	1192
3026	2870	1203
3028	2871	943
3029	2873	1227
3030	2874	1242
3031	2876	1252
3032	2877	1257
3033	2879	1109
2579	2337	96
2691	2373	170
3034	2880	149
3035	2726	288
2412	2375	38
3036	2881	196
3009	2858	246
3037	2882	298
2891	2883	491
3010	2884	396
3038	2885	188
3039	2863	332
2888	2886	341
2889	2868	414
3041	2890	324
2887	2368	357
3042	2892	651
3012	2838	853
3013	2839	859
3014	2840	864
3015	2842	864
3017	2723	903
3018	2844	908
3022	2846	924
3023	2847	957
3024	2848	965
3026	2849	988
3027	2851	999
3032	2854	1034
2727	2381	849
2902	2390	866
2903	2379	842
2729	2389	861
2904	2396	908
2906	2402	978
2907	2403	980
2908	2405	993
2909	2400	957
2910	2583	967
2911	2584	968
2914	2383	852
2730	2392	893
2918	2399	942
2919	2898	1095
2921	2586	1002
2731	2899	1124
2753	2900	1125
2927	2901	856
2929	2738	1156
2930	2590	1029
2933	2752	1165
2335	2902	866
2325	2903	842
2344	2681	919
2372	2682	935
2340	2904	908
2342	2905	930
2628	2683	979
2351	2907	980
2733	2684	987
2346	2909	957
2938	2910	967
2939	2911	968
2348	2912	976
2627	2913	985
2326	2914	852
2357	2686	1006
2625	2915	911
2872	2916	1047
2323	2687	832
2878	2917	1079
2371	2688	1105
2631	2920	1117
3037	2922	1123
2624	2923	883
2944	2924	1133
2370	2925	1092
2366	2926	1039
2860	2689	1146
2336	2928	875
2942	2930	1029
2630	2931	1038
2857	2932	1164
2859	2933	1165
2732	2934	889
2593	2407	876
2597	2936	925
2598	2937	941
2599	2940	969
2601	2942	1029
2602	2943	1090
2604	2944	1133
2946	2388	860
2947	2945	1184
2950	2410	1110
2330	2946	860
2870	2948	1203
3040	2949	1243
2894	2612	833
2941	2617	972
2349	2618	982
2952	2620	1053
2724	2621	936
3039	2622	1130
2896	2623	938
2866	2953	1211
2963	2954	1799
3043	2955	1707
3044	2956	1710
3045	2957	1711
3046	2958	1721
3047	2959	1722
3048	2960	261
2965	2961	1394
2967	2739	1501
2969	2641	1603
2972	2648	1779
2634	2964	1375
2759	2965	1394
2760	2966	1436
2636	2968	1558
2637	2969	1603
2638	2970	1633
2635	2971	1459
2633	2973	1350
2742	2639	1348
2743	2640	1418
2974	2755	1417
2975	2756	1519
2962	2757	1549
2976	2642	1637
2101	2082	2081
2468	2605	2087
2761	2092	2088
2260	2230	2094
2535	2764	2097
2693	2766	2098
2488	2565	2096
2496	2567	2099
2762	2657	2100
2523	2475	2100
2573	2250	2101
2531	2253	2104
2655	2564	2105
2236	2763	2106
2568	2480	2109
2656	2119	2105
2764	2540	2113
2762	2694	2114
2485	2607	2116
2765	2130	2117
2571	2606	2118
2572	2692	2119
2128	2608	2121
2470	2744	2125
2527	2610	2126
2767	2611	2128
2574	2479	2130
2768	2563	2131
2770	2545	2134
2709	2750	2135
2771	2713	2137
2772	2551	2139
2773	2821	2141
2774	2977	2142
2776	2978	2146
2710	2668	2147
2780	2827	2151
2711	2550	2153
2782	2820	2155
2785	2981	2160
2786	2984	2143
2787	2985	2165
2789	2986	2167
2790	2672	2144
2791	2988	2140
2677	2990	2170
2792	2991	2171
2793	2993	2173
2794	2995	2175
2795	2996	2176
2796	2673	2180
2515	2999	2182
2799	2800	2192
2800	2516	2194
2801	2513	2198
2802	3002	2200
2794	2978	2201
2803	3003	2207
2804	2979	2208
2557	2679	2210
2788	2977	2212
2790	2658	2215
2667	2807	2216
2806	2678	2217
2670	2263	2220
2809	3005	2221
2810	3006	2222
2712	3007	2223
2812	3008	2226
2769	2980	2188
2695	2982	2193
2745	2983	2196
2772	2497	2197
2696	2660	2198
2773	2985	2200
2774	2987	2203
2775	2988	2204
2697	2989	2205
2698	2990	2206
2746	2991	2208
2776	2992	2209
2777	2993	2210
2778	2994	2211
2779	2995	2212
2780	2996	2213
2699	2661	2214
2781	2997	2215
2782	2998	2217
2700	3000	2224
2783	2662	2225
2701	2663	2226
2702	3001	2227
2160	2813	2110
2187	2552	2229
2177	2714	2232
2809	2814	2234
2810	2554	2109
2735	2715	2235
2808	2815	2237
2178	2818	2117
2799	2819	2240
2705	2749	2241
2503	2151	2244
2814	2797	2246
2675	2798	2243
2736	2671	2247
2507	2784	2248
2816	2320	2099
2676	2155	2252
2511	2665	2253
2817	3005	2237
2819	2785	2125
2165	2281	2256
2576	2284	2107
2273	2288	2261
2262	2822	2138
2805	2823	2141
2708	2751	2149
2802	2824	2264
2168	2825	2265
2822	2716	2278
2824	2787	2282
2825	2142	2283
2826	2499	2290
2298	2828	2292
2300	2156	2294
2183	2829	2296
2811	2830	2298
2827	2831	2299
2659	2832	2300
2747	2722	2308
2812	2834	2309
2831	3004	2316
2833	2791	2320
2834	2703	2322
2835	2935	2323
2836	2629	2324
2837	2893	2325
2838	2945	2327
2839	3009	2329
2840	2374	2332
2841	2951	2333
2843	2862	2338
2845	2895	2341
2850	2874	2354
2852	2875	2358
2853	2725	2364
2854	2897	2365
2855	2936	2369
2856	3011	2378
2858	3012	2384
2588	3013	2387
2861	2680	2389
2413	3014	2334
2863	3016	2394
2864	3019	2397
2865	3020	2345
2866	3021	2398
2867	3022	2341
2868	3023	2400
2869	3025	2347
2870	3026	2404
2871	3028	2358
2873	3029	2406
2874	3030	2362
2876	3031	2408
2877	3032	2363
2879	3033	2411
2337	2579	2414
2373	2691	2416
2880	3034	2417
2726	3035	2423
2375	2412	2425
2881	3036	2426
2858	3009	2429
2882	3037	2431
2883	2891	2434
2884	3010	2440
2885	3038	2443
2863	3039	2444
2886	2888	2449
2868	2889	2454
2890	3041	2458
2368	2887	2461
2892	3042	2466
2838	3012	2422
2839	3013	2424
2840	3014	2425
2842	3015	2428
2723	3017	2433
2844	3018	2434
2846	3022	2439
2847	3023	2441
2848	3024	2444
2849	3026	2446
2851	3027	2450
2854	3032	2460
2381	2727	2111
2390	2902	2467
2379	2903	2468
2389	2729	2232
2396	2904	2473
2402	2906	2477
2403	2907	2478
2405	2908	2480
2400	2909	2481
2583	2910	2473
2584	2911	2482
2383	2914	2254
2392	2730	2493
2399	2918	2478
2898	2919	2495
2586	2921	2502
2899	2731	2504
2900	2753	2505
2901	2927	2310
2738	2929	2282
2590	2930	2285
2752	2933	2317
2902	2335	2519
2903	2325	2121
2681	2344	2522
2682	2372	2524
2904	2340	2525
2905	2342	2526
2683	2628	2525
2907	2351	2529
2684	2733	2530
2909	2346	2533
2910	2938	2534
2911	2939	2535
2912	2348	2536
2913	2627	2537
2914	2326	2492
2686	2357	2530
2915	2625	2529
2916	2872	2539
2687	2323	2122
2917	2878	2541
2688	2371	2544
2920	2631	2547
2922	3037	2176
2923	2624	2182
2924	2944	2550
2925	2370	2265
2926	2366	2502
2689	2860	2504
2928	2336	2512
2930	2942	2556
2931	2630	2297
2932	2857	2301
2933	2859	2302
2934	2732	2308
2407	2593	2467
2936	2597	2562
2937	2598	2482
2940	2599	2563
2942	2601	2569
2943	2602	2543
2944	2604	2145
2388	2946	2580
2945	2947	2581
2410	2950	2369
2946	2330	2594
2948	2870	2597
2949	3040	2600
2612	2894	2088
2617	2941	2539
2618	2349	2522
2620	2952	2113
2621	2724	2609
2622	3039	2548
2623	2896	2509
2953	2866	2581
2954	2963	2633
2955	3043	2643
2956	3044	2644
2957	3045	2645
2958	3046	2646
2959	3047	2647
2960	3048	2649
2961	2965	2472
2739	2967	2664
2641	2969	2674
2648	2972	2687
2964	2634	2692
2965	2759	2520
2966	2760	2570
2968	2636	2707
2969	2637	2173
2970	2638	2715
2971	2635	2589
2973	2633	2377
2639	2742	2256
2640	2743	2322
2755	2974	2734
2756	2975	2706
2757	2962	2748
2642	2976	2754
157	50	2082
236	53	2091
280	108	2092
282	236	2093
388	157	2083
419	166	2107
401	35	2108
312	12	2086
439	305	2122
555	56	2138
763	43	2140
822	234	2144
826	250	2145
780	102	2154
589	625	2178
700	518	2134
794	584	2185
804	553	2187
109	619	2188
88	732	2189
162	724	2191
186	712	2197
274	818	2203
276	819	2204
271	824	2205
272	825	2206
329	804	2225
327	809	2227
521	732	2190
547	740	2194
549	628	2195
571	748	2201
588	763	2207
621	770	2216
639	780	2218
518	700	2219
622	781	2220
611	662	2221
660	670	2223
550	167	2228
507	154	2087
537	258	2120
674	297	2231
696	410	2236
546	312	2129
718	340	2116
550	82	2242
701	251	2235
714	241	2254
598	230	2257
658	205	2246
533	561	2262
749	573	2263
774	545	2267
797	683	2273
533	134	2279
795	321	2288
537	59	2291
602	299	2292
619	109	2090
626	127	2295
671	203	2234
823	601	2301
826	607	2302
675	635	2305
543	22	2310
788	124	2170
766	287	2317
819	276	2171
773	58	2181
571	79	2271
1293	273	2335
1180	13	2336
885	96	2337
1241	101	2342
1315	364	2344
1324	387	2345
944	345	2347
1302	488	2348
1304	495	2349
1318	445	2351
1244	177	2356
1248	133	2357
1255	142	2360
1256	192	2362
1058	173	2363
1065	193	2366
1272	357	2368
928	28	2370
1339	652	2371
1104	61	2372
1159	170	2373
1161	264	2374
1106	38	2375
878	832	2376
1139	836	2377
1036	842	2379
998	843	2380
1074	849	2381
1172	852	2383
1145	860	2388
1171	866	2390
1172	867	2391
1128	893	2392
1202	924	2343
1214	942	2399
1199	978	2402
1200	980	2403
1206	993	2405
1247	876	2407
1255	1034	2365
947	999	2355
1111	1110	2410
1289	1157	2412
1167	1166	2413
169	1005	2418
158	835	2419
302	1184	2422
284	1294	2424
196	1291	2427
197	1155	2428
484	1301	2432
389	927	2435
467	1260	2436
400	1239	2437
427	1308	2438
440	1309	2439
113	1299	2441
334	1310	2445
382	1323	2446
344	1244	2451
362	1249	2453
423	1152	2455
359	1060	2459
365	1061	2460
538	1279	2465
837	1119	2415
838	1153	2416
843	998	2420
852	1172	2421
855	1146	2423
862	1169	2426
868	1173	2429
895	1186	2431
952	1137	2440
959	1227	2442
970	1229	2443
990	1204	2447
992	1205	2448
1001	1236	2452
1014	1226	2454
1030	1135	2458
1018	1083	2461
1083	1266	2462
1092	1270	2464
1157	1289	2466
912	497	2470
898	436	2261
947	453	2474
983	152	2479
851	427	2484
1059	451	2488
1062	466	2490
1065	470	2491
1100	477	2496
1111	688	2497
1118	332	2499
1120	523	2500
1132	687	2507
1140	523	2512
1144	593	2514
1149	669	2515
953	697	2498
1151	708	2516
1068	507	2275
1154	573	2280
1099	707	2289
880	9	2106
905	343	2521
931	403	2523
938	38	2239
974	454	2527
1003	163	2240
1046	73	2471
1058	341	2486
1059	362	2487
1065	399	2540
1073	296	2127
1100	406	2543
1108	90	2545
1116	560	2139
1118	682	2548
1119	17	2162
1135	194	2270
918	165	2268
909	139	2551
1071	176	2552
1149	284	2554
1158	26	2557
1040	209	2303
1088	378	2309
918	493	2541
937	414	2481
975	356	2566
995	415	2567
1016	430	2568
1023	358	2131
1042	431	2570
1048	441	2571
1051	460	2572
997	306	2573
1080	496	2574
1148	624	2576
1170	846	2578
857	870	2579
1179	876	2361
1219	967	2583
1220	968	2584
1231	988	2352
949	1002	2586
1241	1016	2588
1134	1029	2590
1142	33	2592
1179	257	2593
1213	446	2598
1221	187	2599
1134	386	2601
1235	477	2602
1286	588	2604
858	235	2561
914	359	2536
912	130	2606
948	191	2607
1005	169	2241
1013	263	2608
1031	226	2238
1004	62	2123
1051	385	2610
1102	408	2611
1142	149	2501
886	833	2612
1331	972	2617
1320	982	2618
1262	1053	2620
1330	936	2621
1282	1130	2622
1291	196	2577
1175	118	2624
1304	141	2625
1331	491	2585
1317	443	2628
1247	99	2629
1064	156	2630
1338	776	2631
1870	175	2634
1771	179	2635
2038	736	2636
1953	254	2637
1971	405	2638
1845	1348	2639
1824	1418	2640
1928	1603	2641
1787	1637	2642
2001	1779	2648
519	2071	2650
552	2072	2651
563	2073	2652
693	2075	2653
709	2076	2654
1352	233	2084
1377	342	2097
1386	462	2483
1411	391	2655
1439	318	2095
1443	474	2526
1447	385	2656
1448	481	2609
1466	504	2657
1481	565	2549
1490	825	2658
1495	821	2659
1474	743	2660
1529	750	2661
1541	800	2662
1542	801	2663
1562	240	2667
1563	301	2668
1575	247	2669
1579	221	2670
1591	228	2167
1593	422	2671
1564	578	2672
1588	646	2673
1597	630	2664
1611	670	2675
1461	627	2676
1634	726	2555
1643	603	2152
1645	600	2146
1640	609	2147
1646	610	2148
1647	528	2137
1612	703	2677
1694	783	2678
1670	607	2318
1729	831	2679
1753	861	2680
1762	919	2681
1765	935	2682
1772	979	2683
1388	987	2684
1440	1006	2686
1482	1105	2688
1493	1146	2689
1362	887	2691
1673	861	2331
1623	892	2338
1811	914	2626
1817	854	2328
1703	882	2595
1371	1020	2600
1342	137	2104
1352	95	2559
1377	377	2537
1406	503	2693
1411	49	2562
1412	268	2114
1427	147	2569
1443	409	2694
1447	181	2126
1472	524	2695
1481	536	2696
1489	586	2697
1490	576	2698
1495	597	2699
1509	665	2700
1513	692	2701
1514	517	2702
1542	24	2703
1551	723	2705
1556	734	2706
1569	761	2708
1579	583	2316
1547	617	2709
1572	815	2710
1574	694	2711
1589	568	2544
1604	293	2175
1607	267	2172
1356	111	2266
1611	244	2712
1461	100	2179
1632	63	2713
1643	86	2714
1640	222	2505
1646	255	2674
1649	219	2506
1669	151	2716
1351	106	2296
1672	232	2306
1533	621	2722
1733	903	2723
1766	308	2724
1778	132	2725
1783	188	2591
1493	288	2726
1725	45	2580
1692	231	2393
1695	213	2408
1797	279	2727
1673	300	2729
1455	428	2730
1527	608	2731
1425	214	2732
1823	347	2733
1428	101	2614
1832	68	2616
1356	275	2294
1401	161	2495
1409	320	2734
1421	412	2098
1450	499	2542
1496	695	2735
1612	680	2736
1658	691	2157
1665	515	2276
1731	1156	2738
1453	1070	2367
1896	1501	2739
1796	207	2742
1950	559	2743
1408	425	2247
1446	54	2124
1460	369	2744
1480	554	2745
1492	595	2746
1545	731	2717
1587	784	2747
1596	806	2720
1597	808	2721
1617	126	2163
1634	406	2508
1450	371	2749
1666	81	2186
1670	286	2174
1648	29	2750
1680	123	2169
1681	110	2184
1688	592	2751
1751	1165	2752
1769	334	2395
1436	61	2378
1528	609	2753
1367	1417	2755
2033	1519	2756
2034	1549	2757
1776	438	2759
1815	171	2645
1960	313	2647
1820	304	2646
1686	84	2643
2001	305	2760
71	157	2082
201	236	2091
242	280	2092
83	282	2093
27	388	2083
254	419	2107
236	401	2108
104	312	2086
95	439	2122
551	555	2138
569	763	2140
578	822	2144
588	826	2145
621	780	2154
152	589	2178
90	700	2134
228	794	2185
136	804	2187
637	109	2188
510	88	2189
705	162	2191
688	186	2197
757	274	2203
758	276	2204
762	271	2205
703	272	2206
800	329	2225
803	327	2227
508	521	2190
708	547	2194
741	549	2195
814	571	2201
826	588	2207
780	621	2216
827	639	2218
671	518	2219
573	622	2220
713	611	2221
772	660	2223
14	550	2228
22	507	2087
59	537	2120
92	674	2231
9	696	2236
54	546	2129
191	718	2116
167	550	2242
405	701	2235
398	714	2254
280	598	2257
58	658	2246
56	533	2262
221	749	2263
61	774	2267
436	797	2273
561	533	2279
683	795	2288
184	537	2291
232	602	2292
225	619	2090
238	626	2295
205	671	2234
230	823	2301
250	826	2302
213	675	2305
506	543	2310
576	788	2170
607	766	2317
595	819	2171
611	773	2181
631	571	2271
866	1293	2335
875	1180	2336
878	885	2337
930	1241	2342
919	1315	2344
929	1324	2345
966	944	2347
976	1302	2348
982	1304	2349
980	1318	2351
1000	1244	2356
1006	1248	2357
1019	1255	2360
1019	1256	2362
1034	1058	2363
1039	1065	2366
1083	1272	2368
1092	928	2370
1105	1339	2371
935	1104	2372
1153	1159	2373
1157	1161	2374
1166	1106	2375
13	878	2376
128	1139	2377
154	1036	2379
73	998	2380
227	1074	2381
241	1172	2383
45	1145	2388
257	1171	2390
246	1172	2391
80	1128	2392
328	1202	2343
141	1214	2399
502	1199	2402
493	1200	2403
430	1206	2405
99	1247	2407
142	1255	2365
179	947	2355
49	1111	2410
38	1289	2412
200	1167	2413
1008	169	2418
1036	158	2419
1173	302	2422
1016	284	2424
1170	196	2427
1163	197	2428
1191	484	2432
1202	389	2435
1204	467	2436
1205	400	2437
1211	427	2438
1212	440	2439
1226	113	2441
1192	334	2445
1203	382	2446
943	344	2451
1047	362	2453
1227	423	2455
947	359	2459
1257	365	2460
1109	538	2465
877	837	2415
887	838	2416
1024	843	2420
853	852	2421
1181	855	2423
1290	862	2426
1294	868	2429
1123	895	2431
1325	952	2440
1138	959	2442
1305	970	2443
1325	990	2447
1326	992	2448
1245	1001	2452
1252	1014	2454
900	1030	2458
1236	1018	2461
1272	1083	2462
928	1092	2464
1161	1157	2466
130	912	2470
321	898	2261
359	947	2474
496	983	2479
235	851	2484
21	1059	2488
180	1062	2490
193	1065	2491
43	1100	2496
560	1111	2497
807	1118	2499
149	1120	2500
333	1132	2507
13	1140	2512
260	1144	2514
118	1149	2515
209	953	2498
163	1151	2516
67	1068	2275
298	1154	2280
378	1099	2289
279	880	2106
487	905	2521
504	931	2523
416	938	2239
181	974	2527
369	1003	2240
456	1046	2471
456	1058	2486
451	1059	2487
470	1065	2540
402	1073	2127
477	1100	2543
732	1108	2545
139	1116	2139
332	1118	2548
524	1119	2162
651	1135	2270
641	918	2268
712	909	2551
553	1071	2552
669	1149	2554
767	1158	2557
615	1040	2303
559	1088	2309
165	918	2541
318	937	2481
460	975	2566
477	995	2567
284	1016	2568
187	1023	2131
305	1042	2570
354	1048	2571
385	1051	2572
12	997	2573
350	1080	2574
166	1148	2576
196	1170	2578
96	857	2579
161	1179	2361
443	1219	2583
446	1220	2584
465	1231	2352
193	949	2586
101	1241	2588
244	1134	2590
836	1142	2592
876	1179	2593
941	1213	2598
969	1221	2599
1029	1134	2601
1090	1235	2602
1133	1286	2604
302	858	2561
488	914	2536
441	912	2606
445	948	2607
371	1005	2241
408	1013	2608
415	1031	2238
358	1004	2123
454	1051	2610
407	1102	2611
545	1142	2501
108	886	2612
177	1331	2617
364	1320	2618
399	1262	2620
481	1330	2621
682	1282	2622
845	1291	2577
883	1175	2624
911	1304	2625
972	1331	2585
979	1317	2628
1005	1247	2629
1038	1064	2630
1117	1338	2631
1375	1870	2634
1459	1771	2635
1558	2038	2636
1603	1953	2637
1633	1971	2638
267	1845	2639
24	1824	2640
255	1928	2641
176	1787	2642
305	2001	2648
1707	519	2650
1710	552	2651
1711	563	2652
1721	693	2653
1722	709	2654
82	1352	2084
68	1377	2097
377	1386	2483
175	1411	2655
91	1439	2095
101	1443	2526
144	1447	2656
308	1448	2609
268	1466	2657
24	1481	2549
234	1490	2658
275	1495	2659
536	1474	2660
597	1529	2661
691	1541	2662
692	1542	2663
770	1562	2667
815	1563	2668
695	1575	2669
781	1579	2670
574	1591	2167
680	1593	2671
752	1564	2672
785	1588	2673
808	1597	2664
274	1611	2675
374	1461	2676
406	1634	2555
272	1643	2152
293	1645	2146
301	1640	2147
303	1646	2148
63	1647	2137
124	1612	2677
259	1694	2678
286	1670	2318
26	1729	2679
1176	1753	2680
495	1762	2681
431	1765	2682
135	1772	2683
133	1388	2684
347	1440	2686
568	1482	2688
608	1493	2689
170	1362	2691
222	1673	2331
231	1623	2338
188	1811	2626
86	1817	2328
288	1703	2595
335	1371	2600
189	1342	2104
233	1352	2559
342	1377	2537
412	1406	2693
391	1411	2562
409	1412	2114
386	1427	2569
474	1443	2694
385	1447	2126
810	1472	2695
565	1481	2696
824	1489	2697
825	1490	2698
821	1495	2699
793	1509	2700
805	1513	2701
809	1514	2702
801	1542	2703
169	1551	2705
134	1556	2706
270	1569	2708
221	1579	2316
520	1547	2709
609	1572	2710
605	1574	2711
652	1589	2544
594	1604	2175
600	1607	2172
620	1356	2266
670	1611	2712
627	1461	2179
724	1632	2713
603	1643	2714
609	1640	2505
610	1646	2674
644	1649	2506
561	1669	2716
513	1351	2296
638	1672	2306
784	1533	2722
907	1733	2723
936	1766	2724
1060	1778	2725
1049	1783	2591
1146	1493	2726
881	1725	2580
895	1692	2393
1027	1695	2408
849	1797	2727
861	1673	2729
893	1455	2730
1124	1527	2731
889	1425	2732
987	1823	2733
867	1428	2614
956	1832	2616
111	1356	2294
499	1401	2495
88	1409	2734
296	1421	2098
371	1450	2542
251	1496	2735
425	1612	2736
136	1658	2157
110	1665	2276
207	1731	2738
173	1453	2367
630	1896	2739
1348	1796	2742
1418	1950	2743
422	1408	2247
367	1446	2124
497	1460	2744
564	1480	2745
828	1492	2746
84	1545	2717
214	1587	2747
304	1596	2720
313	1597	2721
554	1617	2163
694	1634	2508
723	1450	2749
517	1666	2186
592	1670	2174
617	1648	2750
586	1680	2169
665	1681	2184
761	1688	2751
287	1751	2752
903	1769	2395
840	1436	2378
1125	1528	2753
320	1367	2755
734	2033	2756
527	2034	2757
1394	1776	2759
1599	1815	2645
1617	1960	2647
1631	1820	2646
1666	1686	2643
1436	2001	2760
103	12	2081
220	87	2085
273	219	2089
278	225	2090
482	91	2095
466	21	2096
410	227	2111
472	410	2115
461	367	2124
503	402	2127
619	83	2133
710	67	2136
819	215	2143
831	303	2148
817	270	2149
818	274	2150
825	272	2152
804	136	2157
687	520	2159
736	531	2161
562	557	2164
748	571	2166
662	611	2181
670	660	2183
171	810	2193
147	741	2195
151	564	2196
79	814	2209
215	817	2211
228	821	2214
240	827	2218
203	671	2219
299	793	2224
518	510	2189
528	705	2191
593	104	2230
601	92	2231
531	220	2233
509	236	2108
530	14	2228
700	90	2249
556	71	2250
613	103	2251
625	125	2255
649	620	2266
783	641	2268
765	649	2269
667	631	2271
791	667	2272
756	267	2281
583	44	2293
631	103	2258
655	226	2259
743	562	2297
776	615	2303
571	631	2304
577	638	2306
660	77	2311
789	110	2315
821	228	2185
1155	200	2334
1266	135	2340
1309	328	2343
1299	482	2346
1130	333	2350
1323	465	2352
1243	179	2355
1164	850	2382
1165	854	2385
1146	855	2386
1186	895	2393
1047	1000	2356
1249	1019	2360
1079	1009	2409
192	1024	2420
345	907	2433
44	1138	2442
393	1325	2447
387	1326	2448
357	1245	2452
341	1255	2456
414	1209	2457
491	1272	2462
832	878	2414
841	1008	2418
842	1036	2419
863	1170	2427
892	1154	2430
924	1202	2435
998	1046	2449
1000	1047	2453
999	947	2459
1091	1269	2463
835	184	2291
833	167	2242
850	280	2257
874	238	2295
884	278	2293
927	456	2471
938	416	2472
965	85	2476
1009	374	2252
1046	456	2486
1061	448	2489
1010	398	2492
1121	545	2501
1135	651	2509
1137	710	2511
854	605	2153
902	715	2290
978	461	2528
993	472	2532
1020	27	2538
942	343	2494
1095	371	2542
1002	24	2549
856	201	2553
1156	260	2514
870	233	2559
967	180	2490
968	193	2491
988	144	2564
972	336	2565
1169	845	2577
1194	972	2585
939	1010	2587
1229	1049	2591
1184	302	2596
1110	556	2603
845	46	2469
885	248	2560
891	235	2484
1291	845	2613
859	867	2614
855	885	2615
1053	956	2616
1289	938	2623
1350	1828	2649
1549	189	2665
1668	551	2278
1669	561	2279
1799	877	2690
1828	863	2333
1501	19	2704
1779	13	2376
1417	508	2737
1712	1669	2740
1519	1712	2741
1341	136	2229
1637	76	2758
2081	50	2102
2085	160	2233
2089	99	2519
2090	109	2244
2095	318	2533
2096	336	2534
2111	279	2763
2115	243	2532
2124	54	2528
2127	296	2766
2133	509	2769
2136	527	2748
2143	569	2775
2148	610	2777
2149	592	2778
2150	594	2779
2152	603	2781
2157	691	2783
2159	85	2784
2161	160	2707
2164	51	2517
2166	206	2788
2181	58	2797
2183	106	2798
2193	737	2719
2195	628	2556
2196	742	2718
2209	756	2805
2211	746	2786
2214	750	2789
2218	780	2807
2219	700	2808
2224	789	2811
2189	732	2770
2191	724	2771
2230	292	2264
2231	297	2518
2233	160	2161
2108	35	2158
2228	167	2813
2249	416	2815
2250	306	2575
2251	311	2510
2255	346	2818
2266	111	2269
2268	165	2820
2269	111	2804
2271	79	2272
2272	79	2821
2281	570	2823
2293	278	2299
2258	206	2304
2259	276	2307
2297	156	2801
2303	209	2547
2304	206	2166
2306	232	2828
2311	513	2829
2315	577	2830
2185	584	2832
2334	864	2842
2340	908	2844
2343	924	2846
2346	957	2847
2350	965	2848
2352	988	2849
2355	999	2851
2382	230	2857
2385	250	2859
2386	252	2860
2393	231	2862
2356	177	2872
2360	142	2875
2409	165	2878
2420	998	2354
2433	1192	2869
2442	1227	2873
2447	1204	2864
2448	1205	2865
2452	1236	2887
2456	1242	2888
2457	1252	2889
2462	1266	2891
2414	870	2835
2418	1005	2836
2419	835	2837
2427	1291	2841
2430	1186	2843
2435	927	2845
2449	1242	2850
2453	1249	2852
2459	1060	2853
2463	925	2855
2291	59	2893
2242	82	2894
2257	230	2382
2295	127	2411
2293	44	2406
2471	73	2895
2472	324	2896
2476	484	2401
2252	165	2409
2486	341	2886
2489	142	2897
2492	52	2587
2501	149	2880
2509	324	2890
2511	396	2884
2153	250	2385
2290	332	2394
2528	54	2906
2532	243	2908
2538	360	2685
2494	493	2918
2542	499	2919
2549	565	2921
2553	506	2927
2514	593	2929
2559	95	2935
2490	466	2938
2491	470	2939
2564	391	2404
2565	451	2941
2577	196	2881
2585	491	2883
2587	52	2398
2591	188	2885
2596	891	2947
2603	1091	2950
2469	261	2613
2560	252	2615
2484	427	2619
2613	261	2951
2614	101	2387
2615	252	2386
2616	68	2952
2623	651	2892
2649	1799	2954
2665	710	2962
2278	151	2644
2279	134	2740
2690	128	2963
2333	261	2960
2704	808	2967
2376	832	2972
2737	88	2974
2740	134	2741
2741	134	2975
2229	176	2754
2758	1341	2976
103	2081	2102
220	2085	2233
273	2089	2519
278	2090	2244
482	2095	2533
466	2096	2534
410	2111	2763
472	2115	2532
461	2124	2528
503	2127	2766
619	2133	2769
710	2136	2748
819	2143	2775
831	2148	2777
817	2149	2778
818	2150	2779
825	2152	2781
804	2157	2783
687	2159	2784
736	2161	2707
562	2164	2517
748	2166	2788
662	2181	2797
670	2183	2798
171	2193	2719
147	2195	2556
151	2196	2718
79	2209	2805
215	2211	2786
228	2214	2789
240	2218	2807
203	2219	2808
299	2224	2811
518	2189	2770
528	2191	2771
593	2230	2264
601	2231	2518
531	2233	2161
509	2108	2158
530	2228	2813
700	2249	2815
556	2250	2575
613	2251	2510
625	2255	2818
649	2266	2269
783	2268	2820
765	2269	2804
667	2271	2272
791	2272	2821
756	2281	2823
583	2293	2299
631	2258	2304
655	2259	2307
743	2297	2801
776	2303	2547
571	2304	2166
577	2306	2828
660	2311	2829
789	2315	2830
821	2185	2832
1155	2334	2842
1266	2340	2844
1309	2343	2846
1299	2346	2847
1130	2350	2848
1323	2352	2849
1243	2355	2851
1164	2382	2857
1165	2385	2859
1146	2386	2860
1186	2393	2862
1047	2356	2872
1249	2360	2875
1079	2409	2878
192	2420	2354
345	2433	2869
44	2442	2873
393	2447	2864
387	2448	2865
357	2452	2887
341	2456	2888
414	2457	2889
491	2462	2891
832	2414	2835
841	2418	2836
842	2419	2837
863	2427	2841
892	2430	2843
924	2435	2845
998	2449	2850
1000	2453	2852
999	2459	2853
1091	2463	2855
835	2291	2893
833	2242	2894
850	2257	2382
874	2295	2411
884	2293	2406
927	2471	2895
938	2472	2896
965	2476	2401
1009	2252	2409
1046	2486	2886
1061	2489	2897
1010	2492	2587
1121	2501	2880
1135	2509	2890
1137	2511	2884
854	2153	2385
902	2290	2394
978	2528	2906
993	2532	2908
1020	2538	2685
942	2494	2918
1095	2542	2919
1002	2549	2921
856	2553	2927
1156	2514	2929
870	2559	2935
967	2490	2938
968	2491	2939
988	2564	2404
972	2565	2941
1169	2577	2881
1194	2585	2883
939	2587	2398
1229	2591	2885
1184	2596	2947
1110	2603	2950
845	2469	2613
885	2560	2615
891	2484	2619
1291	2613	2951
859	2614	2387
855	2615	2386
1053	2616	2952
1289	2623	2892
1350	2649	2954
1549	2665	2962
1668	2278	2644
1669	2279	2740
1799	2690	2963
1828	2333	2960
1501	2704	2967
1779	2376	2972
1417	2737	2974
1712	2740	2741
1519	2741	2975
1341	2229	2754
1637	2758	2976
157	190	2083
233	242	2084
87	258	2085
12	223	2086
50	311	2102
190	360	2103
167	354	2110
18	350	2112
258	407	2120
62	487	2123
312	381	2129
381	502	2132
584	828	2156
35	637	2158
17	737	2162
126	742	2163
28	757	2168
123	762	2169
267	756	2172
286	746	2174
300	752	2177
100	771	2179
110	789	2184
81	803	2186
732	88	2190
746	286	2199
750	259	2202
749	221	2213
740	530	2192
763	569	2199
771	574	2202
696	644	2222
53	506	2091
226	655	2238
38	713	2239
106	594	2243
258	537	2245
236	509	2093
410	696	2115
103	613	2258
226	649	2259
223	667	2260
194	786	2270
198	807	2274
507	548	2275
515	638	2276
523	733	2277
573	749	2280
624	767	2284
628	772	2285
649	765	2286
667	791	2287
707	805	2289
276	758	2307
537	813	2312
548	527	2313
566	785	2314
607	826	2318
638	577	2319
709	808	2321
852	853	2326
854	1176	2328
860	1124	2330
861	1125	2331
901	1212	2339
990	1325	2353
1014	1252	2359
876	1095	2361
1070	1257	2367
264	1163	2332
334	1192	2395
336	1194	2396
484	1191	2401
132	940	2364
1119	128	2415
1172	246	2421
1154	298	2430
940	335	2450
1269	382	2463
1270	393	2464
1140	840	2417
1301	902	2432
1260	928	2436
1239	929	2437
1308	939	2438
1310	966	2445
1244	1000	2451
1152	884	2455
1255	1019	2456
1209	1027	2457
1279	874	2465
46	877	2469
403	930	2475
453	976	2474
462	985	2483
340	911	2485
362	1047	2487
343	1079	2494
697	1117	2498
109	1123	2503
219	883	2506
406	1133	2508
311	1092	2510
156	1039	2513
127	875	2277
51	1038	2517
297	1164	2518
102	889	2154
219	841	2089
438	900	2520
85	965	2248
137	990	2531
733	1109	2546
545	1121	2267
523	1140	2500
726	1090	2555
786	1161	2558
635	1014	2305
248	881	2560
235	891	2561
306	1091	2575
382	1203	2582
179	1243	2589
882	1181	2595
263	856	2605
448	943	2489
343	969	2521
427	1211	2619
846	1290	2578
867	859	2391
914	1305	2626
985	941	2627
843	901	2380
1340	1341	2632
2071	1666	2650
2072	1668	2651
2073	1599	2652
2075	1631	2653
2076	1617	2654
356	1375	2566
61	1436	2524
813	1558	2666
247	1633	2669
360	1459	2685
33	1350	2592
731	1707	2717
742	1710	2718
737	1711	2719
806	1721	2720
808	1722	2721
877	1799	2728
90	1394	2249
2083	190	2103
2084	242	2761
2085	258	2245
2086	223	2094
2102	311	2251
2103	360	2538
2110	354	2118
2112	350	2765
2120	407	2767
2123	487	2768
2129	381	2132
2132	502	2477
2156	828	2979
2158	637	2980
2162	737	2982
2163	742	2983
2168	757	2987
2169	762	2989
2172	756	2992
2174	746	2994
2177	752	2997
2179	771	2998
2184	789	3000
2186	803	3001
2190	88	2737
2199	286	2803
2202	259	2806
2213	221	3004
2192	530	2981
2199	569	2984
2202	574	2986
2222	644	2999
2091	506	2553
2238	655	2816
2239	713	2817
2243	594	2150
2245	537	2312
2093	509	2133
2115	696	3006
2258	613	2283
2259	649	2286
2260	667	2287
2270	786	2558
2274	807	2826
2275	548	2313
2276	638	2319
2277	733	2546
2280	749	2795
2284	767	2793
2285	772	3007
2286	765	2792
2287	791	3002
2289	805	3008
2307	758	2833
2312	813	2666
2313	527	2136
2314	785	2796
2318	826	3003
2319	577	2315
2321	808	2704
2326	853	2327
2328	1176	2861
2330	1124	2899
2331	1125	2900
2339	1212	2867
2353	1325	3010
2359	1252	2876
2361	1095	2898
2367	1257	2877
2332	1163	3015
2395	1192	3017
2396	1194	3018
2401	1191	3024
2364	940	3027
2415	128	2690
2421	246	2384
2430	298	2882
2450	335	3040
2463	382	2582
2464	393	2397
2417	840	3011
2432	902	3016
2436	928	3019
2437	929	3020
2438	939	3021
2445	966	3025
2451	1000	3028
2455	884	3029
2456	1019	3030
2457	1027	3031
2465	874	3033
2469	877	2728
2475	930	2905
2474	976	2912
2483	985	2913
2485	911	2915
2487	1047	2916
2494	1079	2917
2498	1117	2920
2503	1123	2922
2506	883	2923
2508	1133	2924
2510	1092	2925
2513	1039	2926
2277	875	2928
2517	1038	2931
2518	1164	2932
2154	889	2934
2089	841	2324
2520	900	3041
2248	965	2350
2531	990	2353
2546	1109	2879
2267	1121	2856
2500	1140	3034
2555	1090	2943
2558	1161	3042
2305	1014	2359
2560	881	2594
2561	891	2596
2575	1091	2603
2582	1203	2948
2589	1243	2949
2595	1181	3035
2605	856	2901
2489	943	2871
2521	969	2940
2619	1211	2953
2578	1290	3036
2391	859	2329
2626	1305	3038
2627	941	2937
2380	901	2339
2632	1341	2758
2650	1666	3043
2651	1668	3044
2652	1599	3045
2653	1631	3046
2654	1617	3047
2566	1375	2964
2524	1436	2966
2666	1558	2968
2669	1633	2970
2685	1459	2971
2592	1350	2973
2717	1707	2955
2718	1710	2956
2719	1711	2957
2720	1721	2958
2721	1722	2959
2728	1799	3048
2249	1394	2961
27	2083	2103
82	2084	2761
160	2085	2245
104	2086	2094
103	2102	2251
27	2103	2538
130	2110	2118
346	2112	2765
59	2120	2767
358	2123	2768
54	2129	2132
54	2132	2477
111	2156	2979
509	2158	2980
524	2162	2982
554	2163	2983
582	2168	2987
586	2169	2989
600	2172	2992
592	2174	2994
603	2177	2997
627	2179	2998
665	2184	3000
517	2186	3001
508	2190	2737
763	2199	2803
771	2202	2806
820	2213	3004
722	2192	2981
746	2199	2984
750	2202	2986
669	2222	2999
201	2091	2553
415	2238	2816
416	2239	2817
274	2243	2150
160	2245	2312
83	2093	2133
243	2115	3006
206	2258	2283
276	2259	2286
292	2260	2287
651	2270	2558
715	2274	2826
67	2275	2313
110	2276	2319
127	2277	2546
298	2280	2795
254	2284	2793
244	2285	3007
276	2286	2792
292	2287	3002
378	2289	3008
655	2307	2833
160	2312	2666
67	2313	2136
3	2314	2796
286	2318	3003
110	2319	2315
19	2321	2704
52	2326	2327
86	2328	2861
252	2330	2899
222	2331	2900
73	2339	2867
396	2353	3010
213	2359	2876
161	2361	2898
173	2367	2877
864	2332	3015
903	2395	3017
908	2396	3018
965	2401	3024
999	2364	3027
877	2415	2690
853	2421	2384
1186	2430	2882
1243	2450	3040
925	2463	2582
928	2464	2397
1121	2417	3011
1191	2432	3016
1204	2436	3019
1205	2437	3020
1211	2438	3021
1192	2445	3025
943	2451	3028
1227	2455	3029
1242	2456	3030
1252	2457	3031
1109	2465	3033
261	2469	2728
474	2475	2905
359	2474	2912
377	2483	2913
445	2485	2915
451	2487	2916
493	2494	2917
209	2498	2920
596	2503	2922
644	2506	2923
694	2508	2924
613	2510	2925
565	2513	2926
523	2277	2928
562	2517	2931
601	2518	2932
621	2154	2934
99	2089	2324
324	2520	3041
333	2248	2350
396	2531	2353
127	2546	2879
61	2267	2856
149	2500	3034
406	2555	2943
651	2558	3042
213	2305	2359
252	2560	2594
302	2561	2596
556	2575	2603
925	2582	2948
1020	2589	2949
288	2595	3035
22	2605	2901
142	2489	2871
487	2521	2940
891	2619	2953
196	2578	3036
246	2391	2329
188	2626	3038
342	2627	2937
73	2380	2339
76	2632	2758
1707	2650	3043
1710	2651	3044
1711	2652	3045
1721	2653	3046
1722	2654	3047
460	2566	2964
431	2524	2966
160	2666	2968
695	2669	2970
1020	2685	2971
836	2592	2973
84	2717	2955
151	2718	2956
171	2719	2957
304	2720	2958
313	2721	2959
261	2728	3048
416	2249	2961
