7.88911268e-01
6.64508417e-01
5.93878756e-01
5.48815998e-01
5.14371463e-01
4.83219589e-01
4.53993017e-01
4.27286113e-01
4.03406435e-01
3.82251599e-01
3.63252760e-01
3.46080438e-01
3.30249812e-01
3.15533038e-01
3.02069704e-01
2.89699143e-01
2.78032424e-01
2.66927150e-01
2.56403952e-01
2.46636775e-01
2.37579704e-01
2.29099794e-01
2.21091380e-01
2.13539576e-01
2.06380892e-01
1.99516654e-01
1.92981691e-01
1.86816206e-01
1.81002138e-01
1.75418981e-01
1.70072740e-01
1.64996835e-01
1.60182526e-01
1.55539827e-01
1.51037422e-01
1.46621414e-01
1.42351574e-01
1.38261146e-01
1.34388194e-01
1.30696099e-01
1.27100664e-01
1.23614948e-01
1.20228069e-01
1.16960879e-01
1.13860095e-01
1.10881610e-01
1.08062396e-01
1.05396827e-01
1.02847025e-01
1.00375058e-01
9.79823933e-02
9.56807922e-02
9.34739083e-02
9.13430520e-02
8.92743554e-02
8.72596724e-02
8.52679710e-02
8.33294704e-02
8.14616354e-02
7.96710839e-02
7.79491141e-02
7.62802267e-02
7.46522266e-02
7.29784999e-02
7.13323541e-02
6.97708867e-02
6.82581805e-02
6.67393530e-02
6.52192656e-02
6.37460442e-02
6.23609700e-02
6.10570512e-02
5.98004417e-02
5.85620085e-02
5.73451689e-02
5.61512163e-02
5.49847065e-02
5.38589401e-02
5.27543355e-02
5.16350358e-02
5.04723937e-02
4.93417516e-02
4.82749681e-02
4.72840805e-02
4.63150987e-02
4.53476759e-02
4.43890389e-02
4.34724313e-02
4.26034847e-02
4.17543238e-02
4.09248928e-02
4.01175615e-02
3.92945729e-02
3.84883085e-02
3.77190464e-02
3.69852345e-02
3.62819661e-02
3.56001238e-02
3.49336952e-02
3.42807518e-02
3.36409545e-02
3.30143249e-02
3.24016714e-02
3.18040117e-02
3.12214586e-02
3.06532052e-02
3.00979285e-02
2.95542354e-02
2.90208782e-02
2.84857465e-02
2.79470626e-02
2.74240966e-02
2.69240456e-02
2.64434673e-02
2.59746849e-02
2.55129173e-02
2.50579106e-02
2.46091256e-02
2.41667257e-02
2.37333065e-02
2.33111044e-02
2.28998877e-02
2.24944726e-02
2.20678068e-02
2.16016556e-02
2.11489608e-02
2.07396049e-02
2.03698375e-02
2.00204509e-02
1.96802688e-02
1.93396408e-02
1.89938638e-02
1.86526940e-02
1.83231249e-02
1.80059386e-02
1.76980259e-02
1.73923986e-02
1.70923379e-02
1.68009400e-02
1.65187147e-02
1.62437376e-02
1.59727417e-02
1.57033073e-02
1.54383122e-02
1.51800482e-02
1.49289711e-02
1.46841166e-02
1.44442213e-02
1.42075017e-02
1.39737480e-02
1.37444601e-02
1.35205036e-02
1.33018003e-02
1.30877280e-02
1.28776652e-02
1.26712889e-02
1.24685624e-02
1.22667493e-02
1.20661784e-02
1.18652112e-02
1.16696731e-02
1.14823712e-02
1.13022389e-02
1.11263470e-02
1.09523955e-02
1.07798778e-02
1.06096657e-02
1.04428827e-02
1.02800545e-02
1.01209678e-02
9.96503585e-03
