-959.30432
-959.50502
-959.68179
-959.84183
-959.98503
-960.11024
-960.21808
-960.31119
-960.39345
-960.46781
-960.53551
-960.59718
-960.65319
-960.70411
-960.75077
-960.79378
-960.83347
-960.87006
-960.90379
-960.93496
-960.96376
-960.9905
-961.01537
-961.03858
-961.06025
-961.08045
-961.09938
-961.11714
-961.1338
-961.14942
-961.16412
-961.17798
-961.19106
-961.20336
-961.21494
-961.22583
-961.23608
-961.24575
-961.25489
-961.26353
-961.27168
-961.2794
-961.28669
-961.29361
-961.30016
-961.30638
-961.31227
-961.3179
-961.32328
-961.3284
-961.33329
-961.33797
-961.34243
-961.34669
-961.35075
-961.35463
-961.35831
-961.36182
-961.36517
-961.36839
-961.37149
-961.37445
-961.37728
-961.37996
-961.38252
-961.38498
-961.38733
-961.38956
-961.39169
-961.39374
-961.3957
-961.39758
-961.39938
-961.40111
-961.40278
-961.40437
-961.40591
-961.40739
-961.4088
-961.41013
-961.41139
-961.41259
-961.41375
-961.41488
-961.41597
-961.41702
-961.41802
-961.41898
-961.41991
-961.42079
-961.42164
-961.42246
-961.42323
-961.42397
-961.4247
-961.42539
-961.42606
-961.42671
-961.42734
-961.42795
-961.42853
-961.42909
-961.42963
-961.43014
-961.43064
-961.43112
-961.43159
-961.43203
-961.43246
-961.43288
-961.43327
-961.43365
-961.43402
-961.43437
-961.43472
-961.43505
-961.43538
-961.43568
-961.43598
-961.43626
-961.43653
-961.4368
-961.43706
-961.4373
-961.43753
-961.43775
-961.43797
-961.43818
-961.43839
-961.4386
-961.43879
-961.43898
-961.43915
-961.43932
-961.43948
-961.43964
-961.43979
-961.43994
-961.44008
-961.44022
-961.44036
-961.44049
-961.44062
-961.44074
-961.44086
-961.44097
-961.44109
-961.44119
-961.4413
-961.4414
-961.44149
-961.44159
-961.44168
-961.44176
-961.44185
-961.44193
-961.44201
-961.44209
-961.44216
-961.44223
-961.4423
-961.44237
-961.44243
-961.4425
-961.44256
-961.44262
-961.44268
-961.44274
-961.44279
-961.44285
-961.4429
