1.8602696
2.0466123
1.9966837
1.7693341
1.4569407
1.1466741
0.96676222
0.92479085
0.89687355
0.83540686
0.74299433
0.64073696
0.56498196
0.51499635
0.47139454
0.42937658
0.39098946
0.36188533
0.34365687
0.32962948
0.30999981
0.28458468
0.25779624
0.23611696
0.22442969
0.214364
0.2025563
0.18923368
0.17581858
0.16479641
0.15736322
0.15148874
0.14526709
0.13813413
0.13043248
0.12337637
0.1183673
0.11366014
0.10877422
0.10370074
0.098691355
0.094203734
0.090577833
0.087308022
0.084063891
0.080832294
0.077735154
0.074917047
0.07232513
0.069911398
0.06754402
0.065232346
0.063026926
0.060974096
0.059101077
0.057326177
0.055583276
0.053896515
0.052235691
0.050621579
0.049071881
0.047591984
0.046122784
0.044684768
0.043298595
0.04196782
0.040681468
0.039449754
0.038278066
0.037120288
0.035998671
0.034967259
0.033986392
0.033015613
0.032068998
0.031167152
0.030311673
0.029509318
0.028733372
0.027975646
0.027204848
0.026444438
0.025709693
0.024990563
0.024292916
0.023607785
0.022939828
0.022277556
0.021630211
0.020985463
0.020354842
0.019749005
0.019163165
0.018600561
0.01805808
0.017546545
0.017058777
0.016571143
0.016090146
0.015622144
0.015158261
0.014693568
0.014235375
0.013785426
0.013365244
0.012954557
0.012577811
0.012204945
0.011815893
0.011431313
0.011053883
0.010677084
0.010299306
0.0099266279
0.0095528587
0.0091802242
0.0088176217
0.0084704133
0.0081348303
0.0078110649
0.0075078431
0.0072004954
0.0069093784
0.0066352666
0.0063575271
0.0060910357
0.0058155853
0.0055501578
0.0052706471
0.00497904
0.0046815152
0.0043882866
0.0041040163
0.0038304118
0.0035625069
0.0032949334
0.003025377
0.0027562645
0.0024855086
0.0022165331
0.0019642724
0.0017270298
0.0015133044
0.0013096708
0.0011126105
0.0009129441
0.00071711636
0.00051273863
0.0003053228
9.7130881e-05
0.00011198139
0.00032331071
0.00052934894
0.00072460165
0.00090657294
0.0010800386
0.0012550588
0.0014331544
0.0016155679
0.0018037358
0.0019968305
0.0021927968
0.00238325
0.0025584681
0.0027276484
0.0028932077
0.0030559148
0.0032171023
0.0033780909
0.0035373908
0.0036967582
0.0038449735
0.0039946485
0.0041396388
0.0042897837
0.0044416783
0.0045971269
0.0047439262
0.0048889042
0.0050314295
0.0051706858
0.0053055661
0.0054389304
0.0055735691
0.0057120151
0.0058515284
0.0059887661
0.0061270673
0.0062665695
0.0063981258
0.0065193994
0.0066340501
0.0067539287
0.0068781379
0.0070057776
0.0071382695
0.0072679539
0.0073945019
0.0075136026
0.0076215495
0.007724721
0.0078311425
0.0079407016
0.0080523941
0.0081576682
0.0082476628
0.0083364896
0.0084294058
0.008529523
0.008640354
0.0087637156
0.0088986847
0.0090326018
0.0091532489
0.0092620865
0.0093616187
0.0094577165
0.0095558562
0.009656534
0.0097592734
0.0098605234
0.0099586377
0.010056739
0.010157014
0.010258142
0.010359021
0.010455793
0.010552512
0.010649101
0.010730613
0.010797874
0.01086569
0.010939038
0.01101352
0.011090003
0.011175195
0.011269813
0.011360429
0.011450873
0.011545175
0.011639492
0.011727281
0.011813568
0.011898888
0.011981129
0.012059519
0.012131354
0.012203164
0.012278781
0.012359122
0.012443683
0.01253302
0.012624465
0.012711228
0.012794104
0.012866757
0.012931172
0.01299443
0.013061022
0.013126119
0.013193798
0.013266119
0.013337009
0.013408436
0.013482366
0.013555986
0.013630665
0.013706126
0.013780744
0.013853362
0.0139258
0.013999348
0.014071692
0.014139716
0.01420641
0.014274329
0.01434179
0.014408108
0.014472327
0.014533122
0.014594384
0.014654383
0.014711242
0.014768714
0.014822915
0.014878151
0.014939549
0.015004119
0.015069512
0.015132103
0.015198554
0.015265588
0.015331433
0.015396144
0.01545734
0.015506948
0.015557066
0.015606324
0.015661153
0.015717331
0.015773769
0.015835755
0.01589802
0.015962092
0.016025501
0.016084763
0.016139296
0.016194368
0.016249745
0.016301943
0.016355226
0.016408923
0.016462292
0.016518233
0.016574324
0.016632747
0.016687732
0.016743131
0.016797732
0.016851965
0.016904308
0.016956992
0.01700994
0.017057798
0.017104977
0.017154131
0.017206193
0.017258924
0.017314675
0.017371666
0.01742809
0.017482839
