1.59696984e+00
1.28809108e+00
1.10269912e+00
9.65557331e-01
8.56376823e-01
7.66819952e-01
6.91957244e-01
6.27532957e-01
5.71610979e-01
5.22895616e-01
4.80171135e-01
4.42187831e-01
4.07785440e-01
3.76865318e-01
3.49290783e-01
3.24815345e-01
3.02654692e-01
2.82549705e-01
2.64239683e-01
2.47497912e-01
2.32130648e-01
2.18068047e-01
2.05297575e-01
1.93678553e-01
1.82897095e-01
1.72862807e-01
1.63617371e-01
1.55102899e-01
1.47118261e-01
1.39622474e-01
1.32600106e-01
1.26060760e-01
1.19941824e-01
1.14145292e-01
1.08724585e-01
1.03663888e-01
9.88833703e-02
9.43725122e-02
9.01704164e-02
8.62724106e-02
8.26351223e-02
7.92052000e-02
7.59309391e-02
7.27891272e-02
6.98037529e-02
6.69775021e-02
6.43241813e-02
6.18265017e-02
5.94207576e-02
5.71214708e-02
5.49452821e-02
5.28924630e-02
5.09495478e-02
4.90982608e-02
4.73163379e-02
4.56091899e-02
4.39829475e-02
4.24378447e-02
4.09677733e-02
3.95639046e-02
3.82186851e-02
3.69278038e-02
3.56837584e-02
3.44888606e-02
3.33456925e-02
3.22530086e-02
3.12068465e-02
3.02029734e-02
2.92385638e-02
2.83118126e-02
2.74214088e-02
2.65659559e-02
2.57437665e-02
2.49530269e-02
2.41830191e-02
2.34298178e-02
2.27064319e-02
2.20188079e-02
2.13645842e-02
2.07373482e-02
2.01315269e-02
1.95447087e-02
1.89771062e-02
1.84296815e-02
1.79026654e-02
1.73952458e-02
1.69060381e-02
1.64252843e-02
1.59532445e-02
1.54995274e-02
1.50677857e-02
1.46557193e-02
1.42587617e-02
1.38735164e-02
1.34989753e-02
1.31357674e-02
1.27847381e-02
1.24460215e-02
1.21189501e-02
1.18024959e-02
1.14957506e-02
1.11981422e-02
1.09093779e-02
1.06292654e-02
1.03575724e-02
1.00939887e-02
9.83816528e-03
9.58977024e-03
9.34851874e-03
9.11416865e-03
8.88649903e-03
8.66529166e-03
8.45032540e-03
8.24138139e-03
8.03825133e-03
7.84074260e-03
7.64867827e-03
7.46189399e-03
7.28023441e-03
7.10355096e-03
6.93170104e-03
6.76454790e-03
6.60196036e-03
6.44381205e-03
6.28998040e-03
6.14034565e-03
5.99479015e-03
5.85319813e-03
5.71545557e-03
5.58145031e-03
5.45107219e-03
5.32421314e-03
5.20076733e-03
5.08063137e-03
4.96370438e-03
4.84988818e-03
4.73908728e-03
4.63120892e-03
4.52616302e-03
4.41787056e-03
4.31122568e-03
4.20970511e-03
4.11385219e-03
4.02220875e-03
3.93303492e-03
3.84544779e-03
3.75954110e-03
3.67584913e-03
3.59475844e-03
3.51625084e-03
3.44000273e-03
3.36563826e-03
3.29292164e-03
3.22179671e-03
3.15231051e-03
3.08451168e-03
3.01839262e-03
2.95389070e-03
2.89099261e-03
2.83007412e-03
2.77026441e-03
2.71156667e-03
2.65412092e-03
2.59798772e-03
2.54316610e-03
2.48962492e-03
2.43732379e-03
2.38622330e-03
2.33628790e-03
2.28748517e-03
2.23978431e-03
2.19315548e-03
2.14756983e-03
2.10299986e-03
2.05941959e-03
2.01680430e-03
1.97513014e-03
1.93437382e-03
1.89451247e-03
1.85552359e-03
1.81738529e-03
1.78007643e-03
1.74357663e-03
1.70786626e-03
1.67292633e-03
1.63873844e-03
1.60528476e-03
1.57254794e-03
1.54051115e-03
1.50915799e-03
1.47847250e-03
1.44843916e-03
1.41904283e-03
1.39026878e-03
1.36210264e-03
1.33453046e-03
1.30753866e-03
1.28111402e-03
1.25524366e-03
1.22991508e-03
1.20511608e-03
1.18083477e-03
1.15705958e-03
1.13377923e-03
1.11098272e-03
1.08865933e-03
1.06679859e-03
1.04539031e-03
1.02442455e-03
1.00389159e-03
9.83781971e-04
9.64086463e-04
9.44796053e-04
9.25901949e-04
9.07395570e-04
8.89268542e-04
8.71512688e-04
8.54120026e-04
8.37082763e-04
8.20393288e-04
8.04044169e-04
7.88028146e-04
7.72338129e-04
7.56967192e-04
7.41908567e-04
7.27155645e-04
7.12701965e-04
6.98541215e-04
6.84667226e-04
6.71073972e-04
6.57755558e-04
6.44706226e-04
6.31920345e-04
6.19392411e-04
6.07117043e-04
5.95088980e-04
5.83303076e-04
5.71754301e-04
5.60437736e-04
5.49348568e-04
5.38482092e-04
5.27833706e-04
5.17398908e-04
5.07173293e-04
4.97152555e-04
4.87332477e-04
4.77708937e-04
4.68277901e-04
4.59035422e-04
4.49977637e-04
4.41100767e-04
4.32401114e-04
4.23875058e-04
4.15519057e-04
4.07329645e-04
3.99303429e-04
3.91437088e-04
3.83727371e-04
3.76171098e-04
3.68765153e-04
3.61506488e-04
3.54392118e-04
3.47419121e-04
3.40584636e-04
3.33885864e-04
3.27320061e-04
3.20884543e-04
3.14576682e-04
3.08393903e-04
3.02333686e-04
2.96393563e-04
2.90571117e-04
2.84863982e-04
2.79269840e-04
2.73786420e-04
2.68411500e-04
2.63142904e-04
2.57978498e-04
2.52916194e-04
2.47953948e-04
2.43089756e-04
2.38321655e-04
2.33647724e-04
2.29066080e-04
2.24574879e-04
2.20172314e-04
2.15856616e-04
2.11626052e-04
2.07478923e-04
2.03413566e-04
1.99428351e-04
1.95521681e-04
1.91691994e-04
1.87937755e-04
1.84257465e-04
1.80649652e-04
1.77112876e-04
1.73645723e-04
1.70246812e-04
1.66914787e-04
1.63648319e-04
1.60446109e-04
1.57306880e-04
1.54229383e-04
1.51212396e-04
1.48254717e-04
1.45355172e-04
1.42512610e-04
1.39725902e-04
1.36993941e-04
1.34315645e-04
1.31689952e-04
1.29115821e-04
1.26592232e-04
1.24118186e-04
1.21692704e-04
1.19314826e-04
1.16983612e-04
1.14698140e-04
1.12457507e-04
1.10260827e-04
1.08107234e-04
1.05995876e-04
1.03925921e-04
1.01896552e-04
9.99069689e-05
9.79563870e-05
9.60440377e-05
9.41691675e-05
9.23310379e-05
9.05289252e-05
8.87621201e-05
8.70299272e-05
8.53316651e-05
8.36666660e-05
8.20342751e-05
8.04338508e-05
7.88647643e-05
7.73263991e-05
7.58181510e-05
7.43394279e-05
7.28896491e-05
7.14682459e-05
7.00746604e-05
6.87083461e-05
6.73687671e-05
6.60553982e-05
6.47677246e-05
6.35052417e-05
6.22674548e-05
6.10538791e-05
5.98640392e-05
5.86974694e-05
5.75537129e-05
5.64323221e-05
5.53328581e-05
5.42548910e-05
5.31979989e-05
5.21617685e-05
5.11457948e-05
5.01496805e-05
4.91730364e-05
4.82154806e-05
4.72766392e-05
4.63561454e-05
4.54536396e-05
4.45687694e-05
4.37011893e-05
4.28505606e-05
4.20165514e-05
4.11988361e-05
4.03970957e-05
3.96110175e-05
3.88402946e-05
3.80846267e-05
3.73437190e-05
3.66172827e-05
3.59050344e-05
3.52066968e-05
3.45219974e-05
3.38506697e-05
3.31924519e-05
3.25470877e-05
3.19143256e-05
3.12939193e-05
3.06856272e-05
3.00892123e-05
2.95044426e-05
2.89310903e-05
2.83689323e-05
2.78177498e-05
2.72773284e-05
2.67474577e-05
2.62279316e-05
2.57185479e-05
2.52191087e-05
2.47294196e-05
2.42492901e-05
2.37785337e-05
2.33169672e-05
2.28644112e-05
2.24206899e-05
2.19856306e-05
2.15590644e-05
2.11408254e-05
2.07307511e-05
2.03286822e-05
1.99344625e-05
1.95479389e-05
1.91689611e-05
1.87973820e-05
1.84330572e-05
1.80758453e-05
1.77256076e-05
1.73822079e-05
1.70455131e-05
1.67153924e-05
1.63917175e-05
1.60743630e-05
1.57632055e-05
1.54581243e-05
1.51590009e-05
1.48657194e-05
1.45781658e-05
1.42962286e-05
1.40197984e-05
1.37487679e-05
1.34830319e-05
1.32224873e-05
1.29670331e-05
1.27165702e-05
1.24710013e-05
1.22302312e-05
1.19941666e-05
1.17627158e-05
1.15357890e-05
1.13132983e-05
1.10951573e-05
1.08812815e-05
1.06715878e-05
1.04659950e-05
1.02644233e-05
1.00667945e-05
9.87303201e-06
9.68306063e-06
9.49680670e-06
9.31419799e-06
9.13516367e-06
8.95963430e-06
8.78754180e-06
8.61881943e-06
8.45340175e-06
8.29122459e-06
8.13222506e-06
7.97634147e-06
7.82351335e-06
7.67368144e-06
7.52678759e-06
7.38277482e-06
7.24158726e-06
7.10317013e-06
6.96746972e-06
6.83443337e-06
6.70400946e-06
6.57614737e-06
6.45079747e-06
6.32791111e-06
6.20744057e-06
6.08933910e-06
5.97356083e-06
5.86006080e-06
5.74879494e-06
5.63972002e-06
5.53279367e-06
5.42797435e-06
5.32522134e-06
5.22449468e-06
5.12575523e-06
5.02896460e-06
4.93408516e-06
4.84107999e-06
4.74991293e-06
4.66054849e-06
4.57295190e-06
4.48708905e-06
4.40292652e-06
4.32043153e-06
4.23957192e-06
4.16031619e-06
4.08263345e-06
4.00649340e-06
3.93186634e-06
3.85872315e-06
3.78703527e-06
3.71677470e-06
3.64791400e-06
3.58042625e-06
3.51428507e-06
3.44946457e-06
3.38593938e-06
3.32368462e-06
3.26267591e-06
3.20288931e-06
3.14430139e-06
3.08688914e-06
3.03063000e-06
2.97550188e-06
2.92148308e-06
2.86855233e-06
2.81668880e-06
2.76587202e-06
2.71608196e-06
2.66729894e-06
2.61950369e-06
2.57267728e-06
2.52680117e-06
2.48185718e-06
2.43782746e-06
2.39469452e-06
2.35244119e-06
2.31105065e-06
2.27050637e-06
2.23079218e-06
2.19189218e-06
2.15379078e-06
2.11647272e-06
2.07992298e-06
2.04412686e-06
2.00906992e-06
1.97473801e-06
1.94111723e-06
1.90819395e-06
1.87595479e-06
1.84438663e-06
1.81347659e-06
1.78321202e-06
1.75358051e-06
1.72456991e-06
1.69616824e-06
1.66836379e-06
1.64114503e-06
1.61450067e-06
1.58841960e-06
1.56289093e-06
1.53790396e-06
1.51344818e-06
1.48951329e-06
1.46608915e-06
1.44316581e-06
1.42073351e-06
1.39878264e-06
1.37730378e-06
1.35628767e-06
1.33572520e-06
1.31560745e-06
1.29592563e-06
1.27667111e-06
1.25783540e-06
1.23941019e-06
1.22138728e-06
1.20375861e-06
1.18651628e-06
1.16965252e-06
1.15315968e-06
1.13703025e-06
1.12125683e-06
1.10583218e-06
1.09074914e-06
1.07600071e-06
1.06157998e-06
1.04748016e-06
1.03369460e-06
1.02021671e-06
1.00704007e-06
9.94158318e-07
