-951.19125
-952.07268
-952.71835
-953.21248
-953.60062
-953.91119
-954.1633
-954.36932
-954.5397
-954.68217
-954.80209
-954.90361
-954.98974
-955.06334
-955.12647
-955.18106
-955.22844
-955.26983
-955.30604
-955.33767
-955.3654
-955.3899
-955.41161
-955.43089
-955.44803
-955.46337
-955.47715
-955.48956
-955.50068
-955.51067
-955.51968
-955.52784
-955.53522
-955.54187
-955.54791
-955.5534
-955.55839
-955.56297
-955.56718
-955.57106
-955.57463
-955.5779
-955.58089
-955.58361
-955.58611
-955.58841
-955.59054
-955.59251
-955.5943
-955.59597
-955.59753
-955.59899
-955.60034
-955.6016
-955.60276
-955.60384
-955.60484
-955.60577
-955.60664
-955.60745
-955.60821
-955.60891
-955.60956
-955.61018
-955.61075
-955.61129
-955.6118
-955.61227
-955.61272
-955.61314
-955.61353
-955.6139
-955.61424
-955.61457
-955.61487
-955.61515
-955.61541
-955.61566
-955.6159
-955.61613
-955.61635
-955.61655
-955.61674
-955.61692
-955.61708
-955.61724
-955.61739
-955.61753
-955.61765
-955.61778
-955.6179
-955.61801
-955.61812
-955.61823
-955.61832
-955.61842
-955.6185
-955.61858
-955.61866
-955.61874
-955.61881
-955.61887
-955.61893
-955.61899
-955.61905
-955.6191
-955.61915
-955.6192
-955.61925
-955.61929
-955.61934
-955.61937
-955.61941
-955.61945
-955.61948
-955.61952
-955.61955
-955.61958
-955.6196
-955.61963
-955.61966
-955.61968
-955.6197
-955.61973
-955.61975
-955.61977
-955.61979
-955.61981
-955.61982
-955.61984
-955.61986
-955.61987
-955.61989
-955.6199
-955.61991
-955.61993
-955.61994
-955.61995
-955.61996
-955.61997
-955.61998
-955.61999
-955.62
-955.62001
-955.62002
-955.62002
-955.62003
-955.62004
-955.62005
-955.62005
-955.62006
-955.62007
-955.62007
-955.62008
-955.62008
-955.62009
-955.62009
-955.6201
-955.6201
-955.62011
-955.62012
-955.62012
-955.62013
-955.62013
-955.62014
-955.62014
-955.62014
-955.62015
-955.62015
-955.62015
-955.62016
-955.62016
-955.62016
-955.62017
-955.62017
-955.62017
-955.62017
-955.62018
-955.62018
-955.62018
-955.62018
-955.62018
-955.62019
-955.62019
-955.62019
-955.62019
-955.62019
-955.62019
-955.6202
-955.6202
-955.6202
-955.6202
-955.6202
-955.6202
-955.6202
-955.6202
-955.62021
-955.62021
-955.62021
-955.62021
-955.62021
-955.62021
-955.62021
-955.62021
-955.62021
-955.62021
-955.62021
-955.62021
-955.62021
-955.62022
-955.62022
-955.62022
-955.62022
-955.62022
-955.62022
-955.62022
-955.62022
-955.62022
-955.62022
-955.62022
-955.62022
-955.62022
-955.62022
-955.62022
-955.62022
-955.62022
-955.62022
-955.62022
-955.62022
-955.62022
-955.62022
-955.62022
-955.62023
-955.62023
-955.62023
-955.62023
-955.62023
-955.62023
-955.62023
-955.62023
-955.62023
-955.62023
-955.62023
-955.62023
-955.62023
-955.62023
-955.62023
-955.62023
-955.62023
-955.62023
-955.62023
-955.62023
-955.62023
-955.62023
-955.62023
-955.62023
-955.62023
-955.62023
-955.62023
-955.62023
-955.62023
-955.62023
-955.62023
-955.62023
-955.62023
-955.62023
-955.62023
-955.62023
-955.62023
-955.62023
-955.62023
-955.62023
-955.62023
-955.62023
-955.62023
-955.62023
-955.62023
-955.62023
-955.62023
-955.62023
-955.62023
-955.62023
-955.62023
-955.62023
-955.62023
-955.62023
-955.62023
-955.62023
-955.62023
-955.62023
-955.62023
-955.62023
-955.62023
-955.62023
-955.62023
-955.62023
-955.62023
-955.62023
-955.62023
-955.62023
-955.62023
-955.62023
-955.62023
-955.62023
-955.62023
-955.62023
-955.62023
-955.62023
-955.62023
-955.62023
-955.62023
-955.62023
-955.62023
-955.62023
-955.62023
-955.62023
-955.62023
-955.62023
-955.62023
-955.62023
-955.62023
-955.62023
-955.62023
-955.62023
-955.62023
-955.62023
-955.62023
-955.62023
-955.62023
-955.62023
-955.62023
-955.62023
-955.62023
-955.62023
-955.62023
-955.62023
-955.62023
-955.62023
-955.62023
-955.62023
-955.62023
-955.62023
-955.62023
-955.62023
-955.62023
-955.62023
-955.62023
-955.62023
-955.62023
-955.62023
-955.62023
-955.62023
-955.62023
-955.62023
-955.62023
-955.62023
-955.62023
-955.62023
-955.62023
-955.62023
-955.62023
-955.62023
-955.62023
-955.62023
-955.62023
-955.62023
-955.62023
-955.62023
-955.62023
-955.62023
-955.62023
-955.62023
-955.62023
-955.62023
-955.62023
-955.62023
-955.62023
-955.62023
-955.62023
-955.62023
-955.62023
-955.62023
-955.62023
-955.62023
-955.62023
-955.62023
-955.62023
-955.62023
-955.62023
-955.62023
-955.62023
-955.62023
-955.62023
-955.62023
-955.62023
-955.62023
-955.62023
-955.62023
-955.62023
-955.62023
-955.62023
-955.62023
-955.62023
-955.62023
-955.62023
-955.62023
-955.62023
-955.62023
-955.62023
-955.62023
-955.62023
-955.62023
-955.62023
-955.62023
-955.62023
-955.62023
-955.62023
-955.62023
-955.62023
-955.62023
-955.62023
-955.62023
-955.62023
-955.62023
-955.62023
-955.62023
-955.62023
-955.62023
-955.62023
-955.62023
-955.62023
-955.62023
-955.62023
-955.62023
-955.62023
-955.62023
-955.62023
-955.62023
-955.62023
-955.62023
-955.62023
-955.62023
-955.62023
-955.62023
-955.62023
-955.62023
-955.62023
-955.62023
-955.62023
-955.62023
-955.62023
-955.62023
-955.62023
-955.62023
-955.62023
-955.62023
-955.62023
-955.62023
-955.62023
-955.62023
-955.62023
-955.62023
-955.62023
-955.62023
-955.62023
-955.62023
-955.62023
-955.62023
-955.62023
-955.62023
-955.62023
-955.62023
-955.62023
-955.62023
-955.62023
-955.62023
-955.62023
-955.62023
-955.62023
-955.62023
-955.62023
-955.62023
-955.62023
-955.62023
-955.62023
-955.62023
-955.62023
-955.62023
-955.62023
-955.62023
-955.62023
-955.62023
-955.62023
-955.62023
-955.62023
-955.62023
-955.62023
-955.62023
-955.62023
-955.62023
-955.62023
-955.62023
-955.62023
-955.62023
-955.62023
-955.62023
-955.62023
-955.62023
-955.62023
-955.62023
-955.62023
-955.62023
-955.62023
-955.62023
-955.62023
-955.62023
-955.62023
-955.62023
-955.62023
-955.62023
-955.62023
-955.62023
-955.62023
-955.62023
-955.62023
-955.62023
-955.62023
-955.62023
-955.62023
-955.62023
-955.62023
-955.62023
-955.62023
-955.62023
-955.62023
-955.62023
-955.62023
-955.62023
-955.62023
-955.62023
-955.62023
-955.62023
-955.62023
-955.62023
-955.62023
-955.62023
-955.62023
-955.62023
-955.62023
-955.62023
-955.62023
-955.62023
-955.62023
-955.62023
-955.62023
-955.62023
-955.62023
-955.62023
-955.62023
-955.62023
-955.62023
-955.62023
-955.62023
-955.62023
-955.62023
-955.62023
-955.62023
-955.62023
-955.62023
-955.62023
-955.62023
-955.62023
-955.62023
-955.62023
-955.62023
