1.26550123e+00
7.56337463e-01
3.69945498e-01
3.98468726e-01
5.18751157e-01
5.39178157e-01
4.75066005e-01
3.74374389e-01
2.90160656e-01
2.54064111e-01
2.47295280e-01
2.35543526e-01
2.09191885e-01
1.78434670e-01
1.57470808e-01
1.49543000e-01
1.45374874e-01
1.36687875e-01
1.23098357e-01
1.09533280e-01
1.00822549e-01
9.71078863e-02
9.47418785e-02
9.07274197e-02
8.47152352e-02
7.82164515e-02
7.28378867e-02
6.90312137e-02
6.61347997e-02
6.34161869e-02
6.06646832e-02
5.81046535e-02
5.59693826e-02
5.43068828e-02
5.29645381e-02
5.17795647e-02
5.06847164e-02
4.96740092e-02
4.86976433e-02
4.76958777e-02
4.66327078e-02
4.54962965e-02
4.43113461e-02
4.31087332e-02
4.19069279e-02
4.07137902e-02
3.95445957e-02
3.84154348e-02
3.73433359e-02
3.63404143e-02
3.54103586e-02
3.45657303e-02
3.38114541e-02
3.31471777e-02
3.25645962e-02
3.20482661e-02
3.15823522e-02
3.11544594e-02
3.07469170e-02
3.03445706e-02
2.99332641e-02
2.95078241e-02
2.90675450e-02
2.86107233e-02
2.81365662e-02
2.76450763e-02
2.71383722e-02
2.66262398e-02
2.61224538e-02
2.56390326e-02
2.51810394e-02
2.47465073e-02
2.43382725e-02
2.39587502e-02
2.36108531e-02
2.32931078e-02
2.29980549e-02
2.27233898e-02
2.24661631e-02
2.22227362e-02
2.19867682e-02
2.17516511e-02
2.15135913e-02
2.12704813e-02
2.10217196e-02
2.07695695e-02
2.05146616e-02
2.02590153e-02
2.00043646e-02
1.97509862e-02
1.95004091e-02
1.92555864e-02
1.90187402e-02
1.87915485e-02
1.85751383e-02
1.83713439e-02
1.81801766e-02
1.79990101e-02
1.78255316e-02
1.76595003e-02
1.74995099e-02
1.73437415e-02
1.71908341e-02
1.70387878e-02
1.68864052e-02
1.67334772e-02
1.65806497e-02
1.64277074e-02
1.62750481e-02
1.61232154e-02
1.59728267e-02
1.58251927e-02
1.56810106e-02
1.55403658e-02
1.54034790e-02
1.52707710e-02
1.51423668e-02
1.50185411e-02
1.48985938e-02
1.47825215e-02
1.46698848e-02
1.45598761e-02
1.44514993e-02
1.43445946e-02
1.42397070e-02
1.41359132e-02
1.40332372e-02
1.39314107e-02
1.38302276e-02
1.37292794e-02
1.36288093e-02
1.35297322e-02
1.34326946e-02
1.33379823e-02
1.32450338e-02
1.31536980e-02
1.30641870e-02
1.29771494e-02
1.28918139e-02
1.28083015e-02
1.27267578e-02
1.26468449e-02
1.25684319e-02
1.24913524e-02
1.24153913e-02
1.23401653e-02
1.22656983e-02
1.21915860e-02
1.21170286e-02
1.20406633e-02
1.19525145e-02
1.18509035e-02
1.17576677e-02
1.16819145e-02
1.16136227e-02
1.15481693e-02
1.14829345e-02
1.14173516e-02
1.13519630e-02
1.12874106e-02
1.12241197e-02
1.11624827e-02
1.11021764e-02
1.10428989e-02
1.09846113e-02
1.09270108e-02
1.08700884e-02
1.08139205e-02
1.07586710e-02
1.07041859e-02
1.06504157e-02
1.05972297e-02
1.05444925e-02
1.04921898e-02
1.04406730e-02
1.03901530e-02
1.03403646e-02
1.02908995e-02
1.02415786e-02
1.01929372e-02
1.01451901e-02
1.00984037e-02
1.00524780e-02
1.00072972e-02
9.96251438e-03
