0.92584626
1.2160719
1.2341014
1.0549159
0.78641966
0.52669314
0.44342384
0.48176505
0.4859973
0.44237363
0.37168298
0.30127127
0.26600043
0.26038706
0.24542404
0.21502405
0.17954356
0.15603722
0.15134012
0.15248687
0.14680824
0.13231717
0.1132943
0.097553972
0.096216385
0.097368748
0.095849384
0.091167924
0.084742061
0.079435617
0.077897218
0.076936274
0.074798879
0.0714485
0.067481207
0.063810063
0.061305866
0.058902253
0.05619019
0.053202626
0.050306879
0.048199333
0.046762899
0.045756
0.045048618
0.044428131
0.043846582
0.043379486
0.043049035
0.042782345
0.042481894
0.042076839
0.041534749
0.040848074
0.040030094
0.039111733
0.038104767
0.037031879
0.035938542
0.034845278
0.033767201
0.032728765
0.031760151
0.030931271
0.030288339
0.029942717
0.029991521
0.030080397
0.030133937
0.030125679
0.030052244
0.02991859
0.029721034
0.029459722
0.029135429
0.028752668
0.028325379
0.027853078
0.027342538
0.026799137
0.026237875
0.025676047
0.025128364
0.024620272
0.024174642
0.023793334
0.023506097
0.023402878
0.023396912
0.023392292
0.023373629
0.023330786
0.023262
0.023163143
0.023034242
0.022870129
0.02267048
0.022441142
0.022185586
0.021906493
0.021610818
0.021305237
0.020995872
0.02068894
0.020392796
0.020122728
0.019885519
0.019695352
0.01959652
0.019560237
0.01953136
0.01949484
0.019445692
0.019381592
0.019301695
0.019205054
0.019092301
0.018965162
0.018825739
0.0186729
0.018509266
0.018336975
0.018159858
0.017980737
0.017800029
0.017623892
0.017454977
0.017301423
0.017164994
0.01705676
0.016996218
0.016950323
0.016902294
0.016848254
0.016788561
0.016722756
0.01664967
0.016568456
0.016482242
0.01638825
0.016286892
0.016179978
0.016068836
0.015954564
0.015838805
0.015722158
0.015606313
0.015494842
0.015391323
0.015296882
0.015218136
0.015164259
0.015118653
0.01507296
0.015023872
0.014971594
0.014916427
0.014859017
0.01479986
0.014738769
0.01467488
0.014606964
0.014535921
0.014461147
0.014383777
0.014305002
0.01422534
0.014146783
0.014069822
0.013996389
0.01392755
0.013864579
0.013810229
0.013762728
0.013716995
0.013670411
0.013623421
0.013576434
0.013529298
0.013480257
0.013429089
0.013375568
0.013319418
0.013261436
0.013202713
