5.29895887e-01
3.42424508e-01
2.13167315e-01
2.03839429e-01
2.25092179e-01
2.24272028e-01
2.04338855e-01
1.77539341e-01
1.56729543e-01
1.46750216e-01
1.42588232e-01
1.38099755e-01
1.31445202e-01
1.24107488e-01
1.18164606e-01
1.14226540e-01
1.11474449e-01
1.08876133e-01
1.06074248e-01
1.03244899e-01
1.00711443e-01
9.85670322e-02
9.66958579e-02
9.49501318e-02
9.32665976e-02
9.16470406e-02
9.01394440e-02
8.87522714e-02
8.74909058e-02
8.63205303e-02
8.52006340e-02
8.41274636e-02
8.31149427e-02
8.21510292e-02
8.12335631e-02
8.03616977e-02
7.95206609e-02
7.86906248e-02
7.78806999e-02
7.70990085e-02
7.63400273e-02
7.56025470e-02
7.48875460e-02
7.41773365e-02
7.34894070e-02
7.28332854e-02
7.21988270e-02
7.15792543e-02
7.09671214e-02
7.03668666e-02
6.97907997e-02
6.92392911e-02
6.87062112e-02
6.81883498e-02
6.76848596e-02
6.71901025e-02
6.67012672e-02
6.62170462e-02
6.57297378e-02
6.52513642e-02
6.47917705e-02
6.43447689e-02
6.39034688e-02
6.34627668e-02
6.30269529e-02
6.25961250e-02
6.21687975e-02
6.17495893e-02
6.13479632e-02
6.09516180e-02
6.05556414e-02
6.01651665e-02
5.97868594e-02
5.94190598e-02
5.90480295e-02
5.86762784e-02
5.83190543e-02
5.79736528e-02
5.76328423e-02
5.72943325e-02
5.69550951e-02
5.66176550e-02
5.62775611e-02
5.59400776e-02
5.56109693e-02
5.52897072e-02
5.49769715e-02
5.46701758e-02
5.43534454e-02
5.40414994e-02
5.37430135e-02
5.34499634e-02
5.31571255e-02
5.28651759e-02
5.25758901e-02
5.22936902e-02
5.20206744e-02
5.17553095e-02
5.14899062e-02
5.12204281e-02
5.09542594e-02
5.06950326e-02
5.04415024e-02
5.01927901e-02
4.99460882e-02
4.96958976e-02
4.94476239e-02
4.92058506e-02
4.89696485e-02
4.87387652e-02
4.85058326e-02
4.82680071e-02
4.80223148e-02
4.77798013e-02
4.75431422e-02
4.73134596e-02
4.70862665e-02
4.68626724e-02
4.66426712e-02
4.64274366e-02
4.62052774e-02
4.59785720e-02
4.57592719e-02
4.55491107e-02
4.53457334e-02
4.51427349e-02
4.49438242e-02
4.47479227e-02
4.45548188e-02
4.43628812e-02
4.41701922e-02
4.39783499e-02
4.37870646e-02
4.35975254e-02
4.34126126e-02
4.32310683e-02
4.30463971e-02
4.28579507e-02
4.26709822e-02
4.24919942e-02
4.23204918e-02
4.21489961e-02
4.19752676e-02
4.17915910e-02
4.16052956e-02
4.14244534e-02
4.12534121e-02
4.10917456e-02
4.09325443e-02
4.07705010e-02
4.06057482e-02
4.04412675e-02
4.02807765e-02
4.01253551e-02
3.99743701e-02
3.98243477e-02
3.96736360e-02
3.95253166e-02
3.93763712e-02
3.92245789e-02
3.90708924e-02
3.89180777e-02
3.87684802e-02
3.86213279e-02
3.84751227e-02
3.83293802e-02
3.81841350e-02
3.80425791e-02
3.79043147e-02
3.77678499e-02
3.76300979e-02
3.74907911e-02
3.73449311e-02
3.71982973e-02
3.70534830e-02
3.69130183e-02
3.67749351e-02
3.66382502e-02
3.65027495e-02
3.63673251e-02
3.62293571e-02
3.60921709e-02
3.59557311e-02
3.58247176e-02
3.57002481e-02
3.55770759e-02
3.54521319e-02
3.53257138e-02
3.51986023e-02
3.50731729e-02
3.49510022e-02
3.48312711e-02
3.47112404e-02
3.45884651e-02
3.44649065e-02
3.43460676e-02
3.42312205e-02
3.41186543e-02
3.40062558e-02
3.38950692e-02
3.37842110e-02
3.36721209e-02
3.35575804e-02
3.34440132e-02
3.33313836e-02
3.32203003e-02
3.31114656e-02
3.30033892e-02
3.28929625e-02
3.27821567e-02
3.26733648e-02
3.25675686e-02
3.24629704e-02
3.23576991e-02
3.22517723e-02
3.21456535e-02
3.20383972e-02
3.19314195e-02
3.18272213e-02
3.17255775e-02
3.16262905e-02
3.15272074e-02
3.14284911e-02
3.13318241e-02
3.12370729e-02
3.11417837e-02
3.10455253e-02
3.09486764e-02
3.08534150e-02
3.07579016e-02
3.06608967e-02
3.05612241e-02
3.04586787e-02
3.03551178e-02
3.02514809e-02
3.01505001e-02
3.00548439e-02
2.99642718e-02
2.98763570e-02
2.97836671e-02
2.96879001e-02
2.95933733e-02
2.95025123e-02
2.94131612e-02
2.93233368e-02
2.92352180e-02
2.91488050e-02
2.90615369e-02
2.89740853e-02
2.88881084e-02
2.88038526e-02
2.87189344e-02
2.86304351e-02
2.85415104e-02
2.84528889e-02
2.83644477e-02
2.82799341e-02
2.81979960e-02
2.81162446e-02
2.80327447e-02
2.79491560e-02
2.78688249e-02
2.77916847e-02
2.77158313e-02
2.76398827e-02
2.75609955e-02
2.74775480e-02
2.73896651e-02
2.73041776e-02
2.72242566e-02
2.71468455e-02
2.70688500e-02
2.69914219e-02
2.69141155e-02
2.68389158e-02
2.67668812e-02
2.66946178e-02
2.66210676e-02
2.65468546e-02
2.64721211e-02
2.63963234e-02
2.63217921e-02
2.62503501e-02
2.61795590e-02
2.61092393e-02
2.60389931e-02
2.59686424e-02
2.58988288e-02
2.58308441e-02
2.57633584e-02
2.56960254e-02
2.56300619e-02
2.55655092e-02
2.54989005e-02
2.54258080e-02
2.53522730e-02
2.52822463e-02
2.52147288e-02
2.51479904e-02
2.50809444e-02
2.50108538e-02
2.49406998e-02
2.48718077e-02
2.48054460e-02
2.47411620e-02
2.46779941e-02
2.46140820e-02
2.45504375e-02
2.44874447e-02
2.44252139e-02
2.43628706e-02
2.43012977e-02
2.42391699e-02
2.41765700e-02
2.41137588e-02
2.40514331e-02
2.39912547e-02
2.39321664e-02
2.38714461e-02
2.38096421e-02
2.37482399e-02
2.36869635e-02
2.36252522e-02
2.35643034e-02
2.35044730e-02
2.34455660e-02
2.33837616e-02
2.33225786e-02
2.32616125e-02
2.31991337e-02
2.31386694e-02
2.30798947e-02
2.30223022e-02
2.29654078e-02
2.29084154e-02
2.28521305e-02
2.27948060e-02
2.27360918e-02
2.26769912e-02
2.26197528e-02
2.25647851e-02
2.25112999e-02
2.24578747e-02
2.24028727e-02
2.23470006e-02
2.22908202e-02
2.22351417e-02
2.21809138e-02
2.21244139e-02
2.20662987e-02
2.20090970e-02
2.19533632e-02
2.18998258e-02
2.18457347e-02
2.17897386e-02
2.17327030e-02
2.16759654e-02
2.16196565e-02
2.15618692e-02
2.15026868e-02
2.14431822e-02
2.13838296e-02
2.13271754e-02
2.12736392e-02
2.12219228e-02
2.11701581e-02
2.11178242e-02
2.10654551e-02
2.10136522e-02
2.09632172e-02
2.09137972e-02
2.08646448e-02
2.08159770e-02
2.07635904e-02
2.07033649e-02
2.06398456e-02
2.05813653e-02
2.05280397e-02
2.04758532e-02
2.04252930e-02
2.03747265e-02
2.03241609e-02
2.02710303e-02
2.02183183e-02
2.01676629e-02
2.01182276e-02
2.00702249e-02
2.00232570e-02
1.99771207e-02
1.99289794e-02
1.98789637e-02
1.98297051e-02
1.97818475e-02
1.97354723e-02
1.96902194e-02
1.96442912e-02
1.95955367e-02
1.95462479e-02
1.94992453e-02
1.94551340e-02
1.94126643e-02
1.93695400e-02
1.93245976e-02
1.92779880e-02
1.92287140e-02
1.91793939e-02
1.91333996e-02
1.90901102e-02
1.90477151e-02
1.90054909e-02
1.89625406e-02
1.89196928e-02
1.88745966e-02
1.88288060e-02
1.87843292e-02
1.87401672e-02
1.86957411e-02
1.86504203e-02
1.86050022e-02
1.85587408e-02
1.85140184e-02
1.84679712e-02
1.84223422e-02
1.83797916e-02
1.83402323e-02
1.83013268e-02
1.82613673e-02
1.82197431e-02
1.81761680e-02
1.81315791e-02
1.80871054e-02
1.80444642e-02
1.80033824e-02
1.79587218e-02
1.79110564e-02
1.78654343e-02
1.78226891e-02
1.77823411e-02
1.77415124e-02
1.76989801e-02
1.76563747e-02
1.76146014e-02
1.75737479e-02
1.75330711e-02
1.74926178e-02
1.74534865e-02
1.74157941e-02
1.73769472e-02
1.73374638e-02
1.72986074e-02
1.72613425e-02
1.72253785e-02
1.71885313e-02
1.71506174e-02
1.71125199e-02
1.70744176e-02
1.70367188e-02
1.69985650e-02
1.69602212e-02
1.69224177e-02
1.68857702e-02
1.68492828e-02
1.68123298e-02
1.67731389e-02
1.67337368e-02
1.66938699e-02
1.66555719e-02
1.66186638e-02
1.65836118e-02
1.65492347e-02
1.65144387e-02
1.64796779e-02
1.64447425e-02
1.64098931e-02
1.63752554e-02
1.63408368e-02
1.63047347e-02
1.62693377e-02
1.62353504e-02
1.62012947e-02
1.61666256e-02
1.61321875e-02
1.60982478e-02
1.60655791e-02
1.60335782e-02
1.60001191e-02
1.59658255e-02
1.59308459e-02
1.58965957e-02
1.58626678e-02
1.58296300e-02
1.57976343e-02
1.57662950e-02
1.57352759e-02
1.57030168e-02
1.56699525e-02
1.56373798e-02
1.56058521e-02
1.55754797e-02
1.55450785e-02
1.55135838e-02
1.54815876e-02
1.54502887e-02
1.54195722e-02
1.53878321e-02
1.53545913e-02
1.53204773e-02
1.52868061e-02
1.52535111e-02
1.52217328e-02
1.51914575e-02
1.51624511e-02
1.51337972e-02
1.51043851e-02
1.50742671e-02
1.50438971e-02
1.50141633e-02
1.49854524e-02
1.49569720e-02
1.49276500e-02
1.48968087e-02
1.48664200e-02
1.48345954e-02
1.48035103e-02
1.47725593e-02
1.47430990e-02
1.47154458e-02
1.46876313e-02
1.46578262e-02
1.46262869e-02
1.45958512e-02
1.45668461e-02
1.45389700e-02
1.45117129e-02
1.44836714e-02
1.44547035e-02
1.44257996e-02
1.43972424e-02
1.43684263e-02
1.43396754e-02
1.43108336e-02
1.42821669e-02
1.42546720e-02
1.42283279e-02
1.42020918e-02
1.41750163e-02
1.41475008e-02
1.41200925e-02
1.40938306e-02
1.40687847e-02
1.40417433e-02
1.40123710e-02
1.39836886e-02
1.39572189e-02
1.39288716e-02
1.38992012e-02
1.38707949e-02
1.38442043e-02
1.38189863e-02
1.37937680e-02
1.37678600e-02
1.37421103e-02
1.37149020e-02
1.36876645e-02
1.36608753e-02
1.36350859e-02
1.36090088e-02
1.35813539e-02
1.35539800e-02
1.35273308e-02
1.35017073e-02
1.34767027e-02
1.34523407e-02
1.34281711e-02
1.34036431e-02
1.33773609e-02
1.33509193e-02
1.33261930e-02
1.33030588e-02
1.32803413e-02
1.32573585e-02
1.32333291e-02
1.32089235e-02
1.31853171e-02
1.31624135e-02
1.31394958e-02
1.31162412e-02
1.30929903e-02
1.30696908e-02
1.30463449e-02
1.30231562e-02
1.29997935e-02
1.29766627e-02
1.29541894e-02
1.29320312e-02
1.29098409e-02
1.28876361e-02
1.28658012e-02
1.28444829e-02
1.28227075e-02
1.28003602e-02
1.27747247e-02
1.27488157e-02
1.27248667e-02
1.27028049e-02
1.26801866e-02
1.26576008e-02
1.26357399e-02
1.26145602e-02
1.25931238e-02
1.25711212e-02
1.25494030e-02
1.25283644e-02
1.25072518e-02
1.24853290e-02
1.24624072e-02
1.24394931e-02
1.24177691e-02
1.23973046e-02
1.23773062e-02
1.23569879e-02
1.23365048e-02
1.23160560e-02
1.22942524e-02
1.22721010e-02
1.22502585e-02
1.22294562e-02
1.22090075e-02
1.21881762e-02
1.21672180e-02
1.21465219e-02
1.21262784e-02
1.21064556e-02
1.20863378e-02
1.20654610e-02
1.20420181e-02
1.20188357e-02
1.19970925e-02
1.19746968e-02
1.19515513e-02
1.19292883e-02
1.19086234e-02
1.18893336e-02
1.18707433e-02
1.18519634e-02
1.18325567e-02
1.18131263e-02
1.17940713e-02
1.17745595e-02
1.17531331e-02
1.17293449e-02
1.17023320e-02
1.16736272e-02
1.16472766e-02
1.16252500e-02
1.16037237e-02
1.15821197e-02
1.15609140e-02
1.15408281e-02
1.15215038e-02
1.15022577e-02
1.14816942e-02
1.14609256e-02
1.14404782e-02
1.14196687e-02
1.13991691e-02
1.13794153e-02
1.13603649e-02
1.13419671e-02
1.13240712e-02
1.13062520e-02
1.12867043e-02
1.12654327e-02
1.12440083e-02
1.12229704e-02
1.12030176e-02
1.11844588e-02
1.11641666e-02
1.11412451e-02
1.11186431e-02
1.10987802e-02
1.10808948e-02
1.10628937e-02
1.10434999e-02
1.10238486e-02
1.10040322e-02
1.09838031e-02
1.09646877e-02
1.09465588e-02
1.09286773e-02
1.09105447e-02
1.08920303e-02
1.08732841e-02
1.08553248e-02
1.08382889e-02
1.08208274e-02
1.08018676e-02
1.07828059e-02
1.07632188e-02
1.07420909e-02
1.07220334e-02
1.07030471e-02
1.06843201e-02
1.06650679e-02
1.06448672e-02
1.06245415e-02
1.06061704e-02
1.05900015e-02
1.05748042e-02
1.05590410e-02
1.05420662e-02
1.05245639e-02
1.05061857e-02
1.04862768e-02
1.04669268e-02
1.04492692e-02
1.04333575e-02
1.04177948e-02
1.04015888e-02
1.03842746e-02
1.03661150e-02
1.03472813e-02
1.03281570e-02
1.03100701e-02
1.02932776e-02
1.02769551e-02
1.02610182e-02
1.02448217e-02
1.02277339e-02
1.02106906e-02
1.01940253e-02
1.01775655e-02
1.01617536e-02
1.01467096e-02
1.01309303e-02
1.01140463e-02
1.00963213e-02
1.00795884e-02
1.00626811e-02
1.00462284e-02
1.00306689e-02
1.00145991e-02
9.99744782e-03
