1.40369769e+00
9.24251783e-01
5.88210894e-01
5.63625907e-01
6.34641870e-01
6.53046169e-01
6.07062987e-01
5.26240229e-01
4.48470312e-01
3.97983051e-01
3.70496464e-01
3.47984188e-01
3.20665275e-01
2.91108335e-01
2.65832729e-01
2.47418907e-01
2.32674176e-01
2.17538737e-01
2.01526074e-01
1.87143578e-01
1.76434995e-01
1.68907511e-01
1.62640687e-01
1.56110386e-01
1.49103468e-01
1.42405968e-01
1.36689422e-01
1.31959735e-01
1.27704179e-01
1.23484677e-01
1.19202505e-01
1.14527556e-01
1.09578597e-01
1.05271812e-01
1.01824719e-01
9.87194436e-02
9.57544866e-02
9.29066924e-02
9.02001723e-02
8.76520963e-02
8.52497537e-02
8.29661301e-02
8.07783463e-02
7.86770158e-02
7.66595226e-02
7.47148374e-02
7.28480172e-02
7.10549939e-02
6.93343082e-02
6.76806598e-02
6.61051817e-02
6.46065535e-02
6.31710022e-02
6.17844644e-02
6.04390636e-02
5.91442308e-02
5.79110135e-02
5.67310856e-02
5.55988033e-02
5.45088962e-02
5.34572717e-02
5.24461311e-02
5.14781578e-02
5.05488941e-02
4.96491069e-02
4.87723832e-02
4.79243098e-02
4.71027342e-02
4.63043466e-02
4.55383491e-02
4.48041171e-02
4.40862326e-02
4.33850716e-02
4.27077178e-02
4.20558704e-02
4.14257483e-02
4.08114773e-02
4.02071055e-02
3.96184373e-02
3.90475026e-02
3.84974902e-02
3.79634758e-02
3.74401314e-02
3.69275944e-02
3.64266043e-02
3.59393182e-02
3.54683440e-02
3.50145828e-02
3.45745058e-02
3.41470657e-02
3.37302155e-02
3.33236030e-02
3.29274188e-02
3.25411187e-02
3.21652462e-02
3.17945457e-02
3.14263584e-02
3.10678773e-02
3.07225589e-02
3.03868654e-02
3.00616023e-02
2.97467099e-02
2.94402369e-02
2.91406391e-02
2.88415119e-02
2.85434330e-02
2.82419123e-02
2.79424185e-02
2.76566441e-02
2.73825726e-02
2.71141477e-02
2.68498824e-02
2.65911734e-02
2.63395155e-02
2.60982660e-02
2.58669041e-02
2.56408836e-02
2.54168113e-02
2.51942506e-02
2.49730695e-02
2.47450167e-02
2.45215905e-02
2.43062911e-02
2.40989684e-02
2.38977926e-02
2.36889341e-02
2.34811969e-02
2.32802961e-02
2.30909602e-02
2.29131477e-02
2.27426229e-02
2.25720052e-02
2.24018012e-02
2.22345825e-02
2.20711965e-02
2.19121566e-02
2.17573180e-02
2.16063752e-02
2.14589755e-02
2.13145607e-02
2.11694749e-02
2.10258344e-02
2.08822305e-02
2.07400005e-02
2.05995564e-02
2.04618489e-02
2.03240985e-02
2.01905069e-02
2.00621213e-02
1.99387363e-02
1.98181524e-02
1.96982463e-02
1.95785145e-02
1.94590437e-02
1.93379342e-02
1.92167071e-02
1.90987323e-02
1.89850508e-02
1.88756359e-02
1.87694335e-02
1.86652696e-02
1.85623605e-02
1.84587768e-02
1.83524702e-02
1.82458158e-02
1.81415001e-02
1.80408268e-02
1.79417293e-02
1.78417058e-02
1.77401759e-02
1.76414486e-02
1.75446431e-02
1.74506801e-02
1.73583098e-02
1.72678184e-02
1.71795835e-02
1.70937829e-02
1.70073431e-02
1.69207921e-02
1.68338047e-02
1.67453976e-02
1.66565267e-02
1.65705680e-02
1.64897482e-02
1.64129226e-02
1.63367810e-02
1.62597207e-02
1.61830437e-02
1.61082453e-02
1.60278009e-02
1.59380902e-02
1.58481943e-02
1.57662394e-02
1.56935210e-02
1.56258308e-02
1.55585147e-02
1.54813865e-02
1.53961966e-02
1.53109502e-02
1.52325455e-02
1.51631464e-02
1.50999869e-02
1.50329856e-02
1.49598172e-02
1.48789527e-02
1.47832813e-02
1.46841719e-02
1.45981114e-02
1.45295654e-02
1.44727948e-02
1.44191359e-02
1.43630427e-02
1.43034477e-02
1.42410439e-02
1.41781237e-02
1.41172957e-02
1.40600410e-02
1.40060171e-02
1.39539943e-02
1.39024754e-02
1.38503371e-02
1.37967675e-02
1.37433955e-02
1.36916635e-02
1.36417785e-02
1.35927115e-02
1.35426791e-02
1.34931107e-02
1.34442397e-02
1.33802781e-02
1.32965487e-02
1.32155597e-02
1.31521865e-02
1.31000293e-02
1.30502699e-02
1.30005770e-02
1.29512995e-02
1.29022621e-02
1.28525824e-02
1.28036698e-02
1.27568980e-02
1.27127613e-02
1.26706924e-02
1.26296668e-02
1.25890098e-02
1.25484488e-02
1.25064173e-02
1.24635811e-02
1.24220813e-02
1.23829099e-02
1.23456734e-02
1.23093586e-02
1.22731678e-02
1.22368752e-02
1.22006818e-02
1.21625884e-02
1.21222703e-02
1.20828476e-02
1.20461214e-02
1.20107194e-02
1.19758372e-02
1.19404771e-02
1.19033576e-02
1.18656649e-02
1.18291416e-02
1.17944258e-02
1.17615488e-02
1.17296886e-02
1.16980332e-02
1.16661748e-02
1.16341482e-02
1.16025537e-02
1.15716411e-02
1.15413013e-02
1.15113338e-02
1.14816393e-02
1.14521315e-02
1.14214378e-02
1.13893156e-02
1.13564836e-02
1.13251478e-02
1.12955821e-02
1.12646921e-02
1.12338795e-02
1.12012687e-02
1.11685356e-02
1.11378956e-02
1.11097046e-02
1.10825670e-02
1.10536945e-02
1.10244964e-02
1.09955795e-02
1.09669541e-02
1.09391406e-02
1.09112563e-02
1.08808442e-02
1.08502498e-02
1.08197618e-02
1.07913868e-02
1.07644137e-02
1.07377122e-02
1.07118500e-02
1.06863896e-02
1.06617697e-02
1.06378653e-02
1.06132957e-02
1.05866637e-02
1.05601148e-02
1.05330750e-02
1.05055742e-02
1.04790779e-02
1.04530735e-02
1.04287257e-02
1.04059943e-02
1.03837694e-02
1.03616501e-02
1.03380547e-02
1.03135500e-02
1.02879936e-02
1.02627048e-02
1.02378120e-02
1.02145505e-02
1.01931869e-02
1.01710946e-02
1.01469335e-02
1.01225315e-02
1.00996934e-02
1.00781561e-02
1.00576273e-02
1.00377518e-02
1.00181032e-02
9.99850913e-03
