-0.19778147
-0.011438817
-0.061367373
-0.28871695
-0.60111042
-0.91137703
-1.0912889
-1.1332602
-1.1611775
-1.2226442
-1.3150568
-1.4173141
-1.4930691
-1.5430547
-1.5866566
-1.6286745
-1.6670616
-1.6961658
-1.7143942
-1.7284216
-1.7480513
-1.7734664
-1.8002549
-1.8219341
-1.8336214
-1.8436871
-1.8554948
-1.8688174
-1.8822325
-1.8932547
-1.9006879
-1.9065624
-1.912784
-1.919917
-1.9276186
-1.9346747
-1.9396838
-1.944391
-1.9492769
-1.9543503
-1.9593597
-1.9638474
-1.9674733
-1.9707431
-1.9739872
-1.9772188
-1.9803159
-1.983134
-1.985726
-1.9881397
-1.9905071
-1.9928187
-1.9950242
-1.997077
-1.99895
-2.0007249
-2.0024678
-2.0041546
-2.0058154
-2.0074295
-2.0089792
-2.0104591
-2.0119283
-2.0133663
-2.0147525
-2.0160833
-2.0173696
-2.0186013
-2.019773
-2.0209308
-2.0220524
-2.0230838
-2.0240647
-2.0250355
-2.0259821
-2.0268839
-2.0277394
-2.0285418
-2.0293177
-2.0300754
-2.0308462
-2.0316067
-2.0323414
-2.0330605
-2.0337582
-2.0344433
-2.0351113
-2.0357735
-2.0364209
-2.0370656
-2.0376962
-2.0383021
-2.0388879
-2.0394505
-2.039993
-2.0405045
-2.0409923
-2.0414799
-2.0419609
-2.0424289
-2.0428928
-2.0433575
-2.0438157
-2.0442657
-2.0446858
-2.0450965
-2.0454733
-2.0458461
-2.0462352
-2.0466198
-2.0469972
-2.047374
-2.0477518
-2.0481245
-2.0484982
-2.0488709
-2.0492335
-2.0495807
-2.0499163
-2.05024
-2.0505432
-2.0508506
-2.0511417
-2.0514158
-2.0516936
-2.0519601
-2.0522355
-2.0525009
-2.0527804
-2.0530721
-2.0533696
-2.0536628
-2.0539471
-2.0542207
-2.0544886
-2.0547562
-2.0550257
-2.0552948
-2.0555656
-2.0558346
-2.0560868
-2.0563241
-2.0565378
-2.0567414
-2.0569385
-2.0571381
-2.057334
-2.0575384
-2.0577458
-2.057954
-2.0581631
-2.0583744
-2.0585804
-2.0587757
-2.0589577
-2.0591311
-2.0593061
-2.0594842
-2.0596667
-2.0598548
-2.0600479
-2.0602439
-2.0604343
-2.0606096
-2.0607787
-2.0609443
-2.061107
-2.0612682
-2.0614292
-2.0615885
-2.0617478
-2.0618961
-2.0620457
-2.0621907
-2.0623409
-2.0624928
-2.0626482
-2.062795
-2.06294
-2.0630825
-2.0632218
-2.0633567
-2.06349
-2.0636247
-2.0637631
-2.0639026
-2.0640399
-2.0641782
-2.0643177
-2.0644492
-2.0645705
-2.0646851
-2.064805
-2.0649292
-2.0650569
-2.0651894
-2.065319
-2.0654456
-2.0655647
-2.0656726
-2.0657758
-2.0658822
-2.0659918
-2.0661035
-2.0662088
-2.0662988
-2.0663876
-2.0664805
-2.0665806
-2.0666914
-2.0668148
-2.0669498
-2.0670837
-2.0672043
-2.0673132
-2.0674127
-2.0675088
-2.0676069
-2.0677076
-2.0678104
-2.0679116
-2.0680097
-2.0681078
-2.0682081
-2.0683092
-2.0684101
-2.0685069
-2.0686036
-2.0687002
-2.0687817
-2.068849
-2.0689168
-2.0689901
-2.0690646
-2.0691411
-2.0692263
-2.0693209
-2.0694115
-2.069502
-2.0695963
-2.0696906
-2.0697784
-2.0698647
-2.06995
-2.0700322
-2.0701106
-2.0701824
-2.0702543
-2.0703299
-2.0704102
-2.0704948
-2.0705841
-2.0706756
-2.0707623
-2.0708452
-2.0709178
-2.0709823
-2.0710455
-2.0711121
-2.0711772
-2.0712449
-2.0713172
-2.0713881
-2.0714595
-2.0715335
-2.0716071
-2.0716818
-2.0717572
-2.0718318
-2.0719045
-2.0719769
-2.0720504
-2.0721228
-2.0721908
-2.0722575
-2.0723254
-2.0723929
-2.0724592
-2.0725234
-2.0725842
-2.0726455
-2.0727055
-2.0727623
-2.0728198
-2.072874
-2.0729292
-2.0729906
-2.0730552
-2.0731206
-2.0731832
-2.0732496
-2.0733167
-2.0733825
-2.0734472
-2.0735084
-2.073558
-2.0736082
-2.0736574
-2.0737122
-2.0737684
-2.0738249
-2.0738868
-2.0739491
-2.0740132
-2.0740766
-2.0741359
-2.0741904
-2.0742455
-2.0743008
-2.074353
-2.0744063
-2.07446
-2.0745134
-2.0745693
-2.0746254
-2.0746838
-2.0747388
-2.0747942
-2.0748488
-2.0749031
-2.0749554
-2.0750081
-2.075061
-2.0751089
-2.0751561
-2.0752052
-2.0752573
-2.07531
-2.0753658
-2.0754228
-2.0754792
-2.0755339
