59	29	110
31	68	143
16	82	124
200	36	250
151	36	200
180	5	242
7	167	240
8	171	241
124	315	473
152	347	481
167	83	387
171	102	388
91	180	384
287	91	408
337	152	435
195	337	435
16	124	291
290	123	472
291	124	473
83	290	472
102	293	474
110	487	572
32	498	684
488	143	587
489	35	675
608	319	767
759	751	164
817	773	375
751	759	567
773	817	662
31	143	488
235	163	530
200	250	553
176	110	572
316	358	615
293	32	684
110	29	487
177	261	509
160	200	553
143	166	587
332	434	612
374	314	614
375	317	616
35	287	675
236	187	594
553	250	742
615	358	768
236	594	733
142	165	586
188	264	606
586	165	809
599	258	814
606	264	806
614	25	816
616	34	817
641	376	775
319	609	815
374	614	816
375	616	817
60	819	858
28	823	843
85	826	1272
88	827	1273
103	828	1219
170	831	1548
257	836	1553
242	837	1554
261	838	1555
262	839	1224
263	840	1225
260	842	1217
237	837	1548
240	839	1549
241	840	1550
234	842	1552
141	844	1270
61	846	1221
140	848	857
160	849	1317
225	851	1318
176	852	1301
140	857	1553
60	858	1220
166	861	1319
77	864	1556
51	875	1557
52	876	1558
41	877	1452
42	878	1453
56	883	1559
57	884	1560
56	885	1561
57	886	1562
54	887	1563
55	888	1564
69	889	1565
78	890	1566
69	891	1567
78	892	1568
80	893	1569
81	894	1570
133	895	1571
134	896	1572
133	901	1573
134	902	1574
138	906	1577
139	907	1578
145	909	1579
146	910	1580
129	912	1284
105	914	1581
106	915	1582
107	916	1583
108	917	1584
116	922	1587
117	923	1588
104	926	1589
113	929	1590
128	933	1454
87	938	1451
33	940	1593
22	941	1594
195	949	1450
208	950	1595
230	955	1596
267	887	1597
268	888	1598
269	885	1599
270	886	1600
273	881	1601
274	882	1602
277	893	1603
278	894	1604
279	889	1605
282	890	1606
283	956	1607
284	957	1608
279	877	1613
282	878	1614
277	875	1615
278	876	1616
294	914	1617
295	915	1618
298	918	1619
299	919	1620
302	922	1621
303	923	1622
306	926	1623
309	927	1626
310	928	1627
311	929	1628
312	930	1629
313	931	1630
314	932	1231
317	934	1232
300	962	1635
301	963	1636
304	901	1639
305	902	1640
306	903	1641
311	908	1642
312	909	1643
313	910	1644
314	911	1645
315	964	1646
317	913	1647
318	939	1648
320	941	1649
321	940	1650
324	943	1653
324	938	1656
338	971	1660
339	972	1661
351	973	1662
352	974	1663
353	975	1664
446	978	1573
447	979	1574
448	982	1575
449	983	1576
450	984	1577
451	985	1578
452	986	1571
453	987	1572
454	992	1581
455	993	1582
456	994	1583
457	995	1584
458	996	1585
459	997	1586
462	1000	1587
463	1001	1588
452	1006	1557
453	1007	1558
356	1008	1665
357	1009	1666
456	1024	1559
457	1025	1560
460	1028	1563
461	1029	1564
462	1030	1565
463	1031	1566
464	1032	1667
465	1033	1668
466	1034	1567
469	1035	1568
470	1036	1569
471	1037	1570
473	1039	1669
389	1042	1670
385	1043	1671
429	1044	1443
430	1045	1444
377	1046	1672
378	1047	1673
379	1048	1674
479	1053	1579
480	1054	1580
334	1056	1258
443	1057	1675
444	1058	1676
445	1059	1677
481	1060	1595
486	1062	1596
348	1063	1243
390	978	1597
391	979	1598
396	984	1601
397	985	1602
400	986	1603
401	987	1604
411	994	1609
412	995	1610
413	996	1611
414	997	1612
417	1000	1613
418	1001	1614
371	1006	1617
372	1007	1618
417	1008	1619
418	1009	1620
423	1014	1623
409	1015	1624
410	1016	1625
411	1017	1626
412	1018	1627
424	1019	1628
425	1020	1629
426	1021	1630
392	1024	1631
393	1025	1632
396	1028	1635
397	1029	1636
398	1030	1637
399	1031	1638
400	1032	1639
401	1033	1640
402	1034	1641
405	1035	1642
406	1036	1643
407	1037	1644
373	1042	1648
386	1043	1229
423	1044	1649
424	1045	1650
325	1046	1651
326	1047	1652
433	1053	1654
434	1054	1655
436	1057	1657
437	1058	1658
438	1059	1659
441	1061	1660
442	1062	1661
19	847	1455
212	866	1290
213	1070	1291
85	1072	1456
88	1073	1457
87	1074	1458
86	831	1459
87	1075	1460
229	1076	1461
230	1077	1462
217	1072	1464
218	1073	1465
219	1074	1466
107	1083	916
108	1084	917
178	826	951
179	827	952
256	1075	953
230	1088	955
86	1087	1277
87	1088	1431
103	862	1670
138	1069	1107
217	1095	1110
218	1096	1111
219	1097	1112
275	891	1470
276	892	1471
292	942	1297
323	1117	1478
322	1118	1479
80	956	1667
81	957	1668
210	1148	1679
149	1151	1527
25	1152	1168
34	1153	1169
94	1157	1513
101	1158	1514
86	1163	1524
40	1167	1546
495	1162	1683
525	1139	1685
499	1172	1686
535	1142	1687
536	1143	1688
574	1158	1690
575	1157	1691
490	1130	1692
491	1131	1693
588	1160	1696
572	1179	1698
573	1180	1176
757	1186	1517
758	1187	1518
782	1191	1680
639	1194	1699
640	1195	1700
799	1201	1678
720	1210	1516
681	1215	1701
714	1189	1685
532	1192	1686
693	1196	1687
694	1197	1688
753	1203	1690
754	1204	1691
761	1210	1696
613	1215	1697
195	1071	1535
226	1086	1538
318	1233	1540
385	1241	1542
334	1258	1543
181	1263	1164
149	835	1151
141	1270	1150
40	1255	1167
49	1287	1699
819	30	845
823	65	848
826	178	1307
827	179	1308
831	86	1223
835	149	1310
836	235	1311
837	237	1271
838	239	1312
839	240	1313
840	241	1314
842	234	1315
837	242	1306
839	262	1307
840	263	1308
842	260	1309
844	66	1268
846	112	1222
847	19	1316
848	65	1267
849	79	1315
852	75	1298
854	160	1317
858	111	863
863	111	1312
864	166	1319
866	212	1320
875	277	1325
876	278	1326
877	279	1327
878	282	1328
883	271	1329
884	272	1330
885	269	1331
886	270	1332
887	267	1333
888	268	1334
889	279	1335
890	282	1336
891	275	1337
892	276	1338
893	277	1339
894	278	1340
895	294	1341
896	295	1342
901	304	1345
902	305	1346
903	306	1347
906	309	1350
907	310	1351
908	311	1352
909	312	1353
910	313	1354
912	316	1278
914	294	1355
915	295	1356
916	296	1357
917	297	1358
922	302	1361
923	303	1362
926	306	1365
929	311	1366
930	312	1367
931	313	1368
933	316	1369
938	324	1373
939	318	1279
940	321	1374
941	320	1375
944	340	1378
945	341	1379
946	342	1380
949	350	1383
950	350	1384
955	355	1385
887	54	1386
888	55	1387
885	56	1388
886	57	1389
881	54	1390
882	55	1391
893	80	1392
894	81	1393
889	69	1394
890	78	1395
956	80	1396
957	81	1397
877	41	1398
878	42	1399
875	51	1400
876	52	1401
914	105	1246
915	106	1247
918	116	1402
919	117	1403
922	116	1404
923	117	1405
926	104	1406
927	107	1409
928	108	1410
929	113	1411
932	123	1253
934	132	1254
962	138	1418
963	139	1419
901	133	1420
902	134	1421
909	145	1424
910	146	1425
911	125	1426
913	126	1427
941	22	1429
940	33	1430
938	87	1431
973	217	1434
974	218	1435
975	219	1436
978	390	1414
979	391	1415
982	394	1416
983	395	1417
984	396	1418
985	397	1419
986	400	1420
987	401	1421
992	409	1407
993	410	1408
994	411	1409
995	412	1410
996	413	1404
997	414	1405
1000	417	1402
1001	418	1403
1006	371	1437
1007	372	1438
1008	417	1398
1009	418	1399
1024	392	1388
1025	393	1389
1028	396	1390
1029	397	1391
1030	398	1439
1031	399	1440
1032	400	1392
1033	401	1393
1034	402	1394
1035	405	1395
1036	406	1396
1037	407	1397
1039	370	1286
1042	373	1441
1043	386	1442
1044	423	1406
1045	424	1411
1046	325	1294
1047	326	1295
1053	433	1445
1054	434	1446
1057	436	1434
1058	437	1435
1059	438	1436
1060	349	1127
1062	442	1449
1063	342	946
978	446	1321
979	447	1322
984	450	1323
985	451	1324
986	452	1325
987	453	1326
994	456	1329
995	457	1330
996	458	1331
997	459	1332
1000	462	1335
1001	463	1336
1006	452	1341
1007	453	1342
1008	356	1343
1009	357	1344
1014	477	1347
1015	448	1348
1016	449	1349
1017	450	1350
1018	451	1351
1019	478	1352
1020	479	1353
1021	480	1354
1024	456	1357
1025	457	1358
1028	460	1359
1029	461	1360
1030	462	1361
1031	463	1362
1032	464	1363
1033	465	1364
1034	466	1365
1035	469	1366
1036	470	1367
1037	471	1368
1042	389	1370
1043	385	1274
1044	429	1371
1045	430	1372
1046	377	1275
1047	378	1276
1048	379	1373
1053	479	1374
1054	480	1375
1056	334	1377
1057	443	1378
1058	444	1379
1059	445	1380
1062	486	1382
1069	138	962
1072	217	973
1073	218	974
1074	219	975
831	170	976
1075	256	977
828	103	1441
1072	85	1227
1073	88	1228
1074	87	1451
851	225	1237
1086	226	1238
826	85	1456
827	88	1457
1075	87	1458
1087	86	1459
1088	87	1460
1088	230	1462
1095	217	1464
1096	218	1465
1097	219	1466
891	69	1439
892	78	1440
1108	322	1472
1109	323	1473
1083	107	1115
1084	108	1116
1076	229	1122
1117	135	1474
1118	144	1475
965	285	1261
966	286	1262
956	283	1476
957	284	1477
1130	490	1480
1131	491	1481
1132	492	1482
1133	493	1483
1137	518	1484
1138	525	1485
1141	503	1487
1147	537	1490
1148	538	1491
1149	539	1492
1151	568	1493
1152	574	1494
1153	575	1495
1157	575	1496
1158	574	1497
1163	592	1499
1167	608	1500
1170	592	1501
1139	157	1503
1142	222	1505
1158	101	1508
1157	94	1509
1179	585	1159
1180	587	1515
1186	693	1505
1187	694	1506
1191	720	1516
1194	730	1510
1195	731	1511
1201	714	1503
1210	761	1519
1215	613	1522
1181	619	1480
1182	620	1481
1188	506	1484
1189	751	1485
1200	782	1492
1203	661	1494
1204	662	1495
1210	720	1498
1215	681	1501
1071	172	1173
1222	112	1177
1233	332	1178
1258	93	1531
1259	94	1532
1260	101	1533
1263	259	1534
1255	386	1539
1287	288	1541
1302	289	1305
858	845	111
843	848	140
1272	1307	262
1273	1308	263
1219	1309	260
1548	1223	237
1552	1310	234
1553	1311	140
1554	1271	128
1555	1312	111
1224	1313	125
1225	1314	126
1556	1264	77
1217	1315	79
1548	1306	170
1549	1307	178
1550	1308	179
1552	1309	182
1317	1315	234
1318	1216	257
1301	1298	258
1310	1317	234
1553	1318	257
1319	1218	259
1320	1312	239
1556	1319	259
1265	1320	239
1557	1325	452
1558	1326	453
1452	1327	380
1453	1328	381
1559	1329	456
1560	1330	457
1561	1331	458
1562	1332	459
1563	1333	460
1564	1334	461
1565	1335	462
1566	1336	463
1567	1337	466
1568	1338	469
1569	1339	470
1570	1340	471
1571	1341	452
1572	1342	453
1573	1345	446
1574	1346	447
1474	1347	477
1577	1350	450
1578	1351	451
1475	1352	478
1579	1353	479
1580	1354	480
1284	1278	362
1581	1355	454
1582	1356	455
1583	1357	456
1584	1358	457
1587	1361	462
1588	1362	463
1589	1365	466
1590	1366	469
1591	1367	470
1592	1368	471
1454	1369	384
1451	1373	379
1303	1279	376
1593	1374	479
1594	1375	480
1450	1383	348
1595	1384	481
1596	1385	486
1597	1386	390
1598	1387	391
1599	1388	392
1600	1389	393
1601	1390	396
1602	1391	397
1603	1392	400
1604	1393	401
1605	1394	402
1606	1395	405
1607	1396	406
1608	1397	407
1613	1398	417
1614	1399	418
1615	1400	360
1616	1401	361
1617	1246	371
1618	1247	372
1619	1402	417
1620	1403	418
1621	1404	413
1622	1405	414
1623	1406	423
1626	1409	411
1627	1410	412
1628	1411	424
1629	1412	425
1630	1413	426
1231	1253	382
1232	1254	383
1633	1416	394
1634	1417	395
1635	1418	396
1636	1419	397
1639	1420	400
1640	1421	401
1641	1422	402
1642	1423	405
1643	1424	406
1644	1425	407
1645	1426	387
1646	1245	370
1647	1427	388
1648	1428	373
1649	1429	423
1650	1430	424
1656	1431	369
1662	1434	436
1663	1435	437
1664	1436	438
1573	1414	133
1574	1415	134
1577	1418	138
1578	1419	139
1571	1420	133
1572	1421	134
1583	1409	107
1584	1410	108
1585	1404	116
1586	1405	117
1587	1402	116
1588	1403	117
1557	1437	51
1558	1438	52
1665	1398	41
1666	1399	42
1559	1388	56
1560	1389	57
1563	1390	54
1564	1391	55
1565	1439	69
1566	1440	78
1667	1392	80
1668	1393	81
1567	1394	69
1568	1395	78
1569	1396	80
1570	1397	81
1669	1286	84
1670	1441	103
1443	1406	104
1444	1411	113
1579	1445	145
1580	1446	146
1258	1448	93
1675	1434	217
1676	1435	218
1677	1436	219
1595	1127	208
1596	1449	230
1597	1321	267
1598	1322	268
1601	1323	273
1602	1324	274
1603	1325	277
1604	1326	278
1605	1327	279
1606	1328	282
1609	1329	271
1610	1330	272
1611	1331	269
1612	1332	270
1613	1335	279
1614	1336	282
1615	1339	277
1616	1340	278
1617	1341	294
1618	1342	295
1619	1343	298
1620	1344	299
1623	1347	306
1624	1348	307
1625	1349	308
1626	1350	309
1627	1351	310
1628	1352	311
1629	1353	312
1630	1354	313
1631	1357	296
1632	1358	297
1635	1359	300
1636	1360	301
1637	1361	302
1638	1362	303
1639	1363	304
1640	1364	305
1641	1365	306
1642	1366	311
1643	1367	312
1644	1368	313
1648	1370	318
1229	1274	319
1649	1371	320
1650	1372	321
1653	1373	324
1654	1374	321
1655	1375	320
1656	1377	324
1657	1378	340
1658	1379	341
1659	1380	342
1660	1381	338
1661	1382	339
1289	962	300
1290	971	338
1456	973	351
1457	974	352
1458	975	353
1459	976	354
1460	977	355
1463	1441	373
1292	1102	363
1464	1227	377
1465	1228	378
1466	1451	379
916	1234	296
917	1235	297
951	1456	351
952	1457	352
953	1458	353
954	1459	354
955	1460	355
1277	1461	368
1672	1464	377
1673	1465	378
1674	1466	379
1670	1242	389
1110	1248	363
1111	1249	364
1112	1250	365
1470	1439	398
1471	1440	399
1297	1100	327
1287	1115	288
1285	1122	366
1478	1474	477
1479	1475	478
1126	1261	336
1125	1262	335
1667	1476	464
1668	1477	465
1678	1487	799
1679	1491	781
1527	1493	658
1168	1494	661
1169	1495	662
1513	1496	762
1514	1497	763
1524	1499	598
1546	1500	776
1528	1501	681
1685	1503	714
1687	1505	693
1690	1508	753
1691	1509	754
1692	1510	730
1693	1511	731
1696	1512	761
1698	1159	75
1176	1515	77
1699	1510	49
1700	1511	50
1678	1503	157
1516	1519	211
1701	1522	292
1681	1480	490
1682	1481	491
1684	1484	518
1685	1485	525
1686	1486	499
1687	1488	535
1688	1489	536
1689	1492	539
1690	1494	574
1691	1495	575
1694	1496	575
1695	1497	574
1696	1498	588
1697	1501	592
1535	1173	548
1537	1177	577
1538	1174	567
1540	1178	618
1542	1299	597
1543	1531	686
1544	1532	687
1545	1533	688
1164	1534	511
1150	1538	567
1167	1539	608
1699	1541	639
1137	1304	518
1700	1305	640
845	858	819
848	843	823
1307	1272	826
1308	1273	827
1309	1219	828
1223	1548	831
1310	1552	835
1311	1553	836
1271	1554	837
1312	1555	838
1313	1224	839
1314	1225	840
1264	1556	841
1315	1217	842
1306	1548	837
1307	1549	839
1308	1550	840
1309	1552	842
1315	1317	849
1216	1318	851
1298	1301	852
1317	1310	854
1318	1553	857
1218	1319	861
1312	1320	863
1319	1556	864
1320	1265	866
1325	1557	875
1326	1558	876
1327	1452	877
1328	1453	878
1329	1559	883
1330	1560	884
1331	1561	885
1332	1562	886
1333	1563	887
1334	1564	888
1335	1565	889
1336	1566	890
1337	1567	891
1338	1568	892
1339	1569	893
1340	1570	894
1341	1571	895
1342	1572	896
1345	1573	901
1346	1574	902
1347	1474	903
1350	1577	906
1351	1578	907
1352	1475	908
1353	1579	909
1354	1580	910
1278	1284	912
1355	1581	914
1356	1582	915
1357	1583	916
1358	1584	917
1361	1587	922
1362	1588	923
1365	1589	926
1366	1590	929
1367	1591	930
1368	1592	931
1369	1454	933
1373	1451	938
1279	1303	939
1374	1593	940
1375	1594	941
1383	1450	949
1384	1595	950
1385	1596	955
1386	1597	887
1387	1598	888
1388	1599	885
1389	1600	886
1390	1601	881
1391	1602	882
1392	1603	893
1393	1604	894
1394	1605	889
1395	1606	890
1396	1607	956
1397	1608	957
1398	1613	877
1399	1614	878
1400	1615	875
1401	1616	876
1246	1617	914
1247	1618	915
1402	1619	918
1403	1620	919
1404	1621	922
1405	1622	923
1406	1623	926
1409	1626	927
1410	1627	928
1411	1628	929
1412	1629	930
1413	1630	931
1253	1231	932
1254	1232	934
1416	1633	897
1417	1634	898
1418	1635	962
1419	1636	963
1420	1639	901
1421	1640	902
1422	1641	903
1423	1642	908
1424	1643	909
1425	1644	910
1426	1645	911
1245	1646	964
1427	1647	913
1428	1648	939
1429	1649	941
1430	1650	940
1431	1656	938
1434	1662	973
1435	1663	974
1436	1664	975
1414	1573	978
1415	1574	979
1418	1577	984
1419	1578	985
1420	1571	986
1421	1572	987
1409	1583	994
1410	1584	995
1404	1585	996
1405	1586	997
1402	1587	1000
1403	1588	1001
1437	1557	1006
1438	1558	1007
1398	1665	1008
1399	1666	1009
1388	1559	1024
1389	1560	1025
1390	1563	1028
1391	1564	1029
1439	1565	1030
1440	1566	1031
1392	1667	1032
1393	1668	1033
1394	1567	1034
1395	1568	1035
1396	1569	1036
1397	1570	1037
1286	1669	1039
1441	1670	1042
1406	1443	1044
1411	1444	1045
1445	1579	1053
1446	1580	1054
1448	1258	1056
1434	1675	1057
1435	1676	1058
1436	1677	1059
1127	1595	1060
1449	1596	1062
1321	1597	978
1322	1598	979
1323	1601	984
1324	1602	985
1325	1603	986
1326	1604	987
1327	1605	988
1328	1606	989
1329	1609	994
1330	1610	995
1331	1611	996
1332	1612	997
1335	1613	1000
1336	1614	1001
1339	1615	1004
1340	1616	1005
1341	1617	1006
1342	1618	1007
1343	1619	1008
1344	1620	1009
1347	1623	1014
1348	1624	1015
1349	1625	1016
1350	1626	1017
1351	1627	1018
1352	1628	1019
1353	1629	1020
1354	1630	1021
1357	1631	1024
1358	1632	1025
1359	1635	1028
1360	1636	1029
1361	1637	1030
1362	1638	1031
1363	1639	1032
1364	1640	1033
1365	1641	1034
1366	1642	1035
1367	1643	1036
1368	1644	1037
1370	1648	1042
1274	1229	1043
1371	1649	1044
1372	1650	1045
1373	1653	1048
1374	1654	1053
1375	1655	1054
1377	1656	1056
1378	1657	1057
1379	1658	1058
1380	1659	1059
1381	1660	1061
1382	1661	1062
962	1289	1069
971	1290	866
973	1456	1072
974	1457	1073
975	1458	1074
976	1459	831
977	1460	1075
1441	1463	828
1102	1292	1080
1227	1464	1072
1228	1465	1073
1451	1466	1074
1234	916	1083
1235	917	1084
1456	951	826
1457	952	827
1458	953	1075
1459	954	1087
1460	955	1088
1461	1277	1087
1464	1672	1095
1465	1673	1096
1466	1674	1097
1242	1670	862
1248	1110	1095
1249	1111	1096
1250	1112	1097
1439	1470	891
1440	1471	892
1100	1297	942
1115	1287	1083
1122	1285	1076
1474	1478	1117
1475	1479	1118
1261	1126	965
1262	1125	966
1476	1667	956
1477	1668	957
1487	1678	1141
1491	1679	1148
1493	1527	1151
1494	1168	1152
1495	1169	1153
1496	1513	1157
1497	1514	1158
1499	1524	1163
1500	1546	1167
1501	1528	1170
1503	1685	1139
1505	1687	1142
1508	1690	1158
1509	1691	1157
1510	1692	1130
1511	1693	1131
1512	1696	1160
1159	1698	1179
1515	1176	1180
1510	1699	1194
1511	1700	1195
1503	1678	1201
1519	1516	1210
1522	1701	1215
1480	1681	1181
1481	1682	1182
1484	1684	1188
1485	1685	1189
1486	1686	1192
1488	1687	1196
1489	1688	1197
1492	1689	1200
1494	1690	1203
1495	1691	1204
1496	1694	1208
1497	1695	1209
1498	1696	1210
1501	1697	1215
1173	1535	1071
1177	1537	1222
1174	1538	1086
1178	1540	1233
1299	1542	1241
1531	1543	1258
1532	1544	1259
1533	1545	1260
1534	1164	1263
1538	1150	1270
1539	1167	1255
1541	1699	1287
1304	1137	1080
1305	1700	1302
163	235	836
448	26	871
449	27	872
454	54	881
455	55	882
467	107	927
468	108	928
472	123	932
474	132	934
482	178	951
483	179	952
484	256	953
394	271	883
395	272	884
409	273	873
410	274	874
415	267	867
416	268	868
421	304	924
422	305	925
358	316	933
408	316	912
432	332	967
435	350	949
440	355	977
118	460	998
119	461	999
14	475	1010
15	476	1011
17	446	1012
18	447	1013
26	448	1015
27	449	1016
26	450	1017
27	451	1018
83	472	1038
91	384	1040
102	474	1041
152	481	1064
206	482	1065
207	483	1066
208	484	1067
204	486	1068
271	394	982
272	395	983
273	409	992
274	410	993
332	432	1052
347	349	1060
337	195	829
403	138	1107
441	366	1122
476	15	1125
475	14	1126
484	208	1127
664	96	1154
665	97	1155
813	75	1159
766	181	1164
816	25	1168
817	34	1169
642	525	1138
656	535	1145
655	536	1146
730	537	1147
731	538	1148
529	573	1176
760	577	1177
164	751	1189
168	658	1202
209	664	1205
281	776	1214
488	587	1180
525	642	1190
537	730	1194
538	731	1195
508	260	1217
554	60	1220
555	61	1221
609	385	1226
614	314	1231
616	317	1232
624	340	1237
625	341	1238
636	366	1239
646	389	1242
647	300	920
648	301	921
649	338	947
650	339	948
664	363	1248
670	382	1253
671	383	1254
672	386	1255
673	275	1105
674	276	1106
529	77	1264
595	128	1271
609	319	1274
613	86	1277
615	362	1278
638	84	1286
664	209	1292
766	597	1299
599	176	1301
261	177	838
269	427	869
270	428	870
271	448	871
272	449	872
283	431	879
284	432	880
273	454	881
274	455	882
302	475	899
303	476	900
314	374	911
317	375	913
314	472	932
317	474	934
351	482	951
352	483	952
353	484	953
56	394	883
57	395	884
26	409	873
27	410	874
138	403	906
139	404	907
129	408	912
195	435	949
170	439	976
256	440	977
392	130	980
393	131	981
413	14	1010
414	15	1011
421	17	1012
422	18	1013
409	26	1015
410	27	1016
411	26	1017
412	27	1018
387	83	1038
408	91	1040
388	102	1041
435	152	1064
436	206	1065
437	207	1066
438	208	1067
440	204	1068
448	271	982
449	272	983
454	273	992
455	274	993
419	329	1049
420	330	1050
434	332	1052
481	347	1060
36	337	829
17	421	1100
18	422	1101
280	403	1107
107	467	1115
108	468	1116
349	484	1127
525	781	1139
535	804	1142
536	805	1143
539	643	1144
567	759	1150
490	664	1154
491	665	1155
585	813	1159
662	817	1169
210	731	1148
172	508	1173
77	529	1176
332	612	1178
731	210	1206
572	487	1179
781	525	1190
761	492	1207
125	604	1224
126	605	1225
382	614	1231
383	616	1232
201	646	1242
105	659	1246
106	660	1247
96	664	1248
97	665	1249
233	529	1264
65	560	1267
66	561	1268
385	609	1274
316	615	1278
296	619	960
297	620	961
301	621	963
340	624	968
341	625	969
362	635	1284
366	636	1285
389	646	1288
300	647	1289
338	649	1290
339	650	1291
363	664	1292
386	672	1293
283	682	1113
284	683	1114
75	528	1298
160	553	849
181	766	1299
258	599	1301
376	641	1303
518	780	1171
82	3	821
124	82	822
242	5	825
250	36	829
183	28	843
240	167	859
241	171	860
446	17	867
447	18	868
450	26	873
451	27	874
460	118	920
461	119	921
464	121	924
465	122	925
486	204	948
390	294	895
391	295	896
342	350	950
145	431	990
146	432	991
22	477	1014
33	478	1019
54	454	1022
55	455	1023
104	419	1049
113	420	1050
267	415	998
268	416	999
275	419	1002
276	420	1003
304	421	1012
305	422	1013
294	390	1022
295	391	1023
316	408	1040
350	342	1063
350	435	1064
355	440	1068
384	180	855
315	124	1085
443	363	1102
444	364	1103
445	365	1104
398	147	1105
399	148	1106
442	367	1123
477	22	1099
478	33	1098
751	567	1174
608	767	1214
506	257	1216
587	166	864
619	296	1234
620	297	1235
621	301	1236
658	370	1245
682	283	879
683	284	880
776	621	1300
780	518	1304
821	19	822
822	19	1085
824	66	844
829	195	1269
843	140	850
850	140	1311
859	125	1313
860	126	1314
867	267	1321
868	268	1322
873	273	1323
874	274	1324
920	300	1359
921	301	1360
924	304	1363
925	305	1364
936	320	1371
937	321	1372
942	292	1376
943	324	1377
947	338	1381
948	339	1382
895	133	1414
896	134	1415
950	208	970
990	406	1424
991	407	1425
1014	423	1429
1019	424	1430
1022	390	1386
1023	391	1387
1049	429	1443
1050	430	1444
998	460	1333
999	461	1334
1002	466	1337
1003	469	1338
1012	446	1345
1013	447	1346
1022	454	1355
1023	455	1356
1040	384	1369
1063	348	1383
1064	481	1384
1068	486	1385
1071	195	1450
855	128	1454
1085	19	1455
1105	275	1470
1106	276	1471
1077	230	1123
1123	230	1449
1099	323	1478
1098	322	1479
1140	499	1486
1145	535	1488
1146	536	1489
1161	588	1498
1135	94	1513
1136	101	1514
1183	682	1482
1184	683	1483
1193	799	1487
1198	780	1490
1199	781	1491
1202	658	1493
1213	598	1499
1214	776	1500
864	77	1515
1223	86	1524
1230	292	1522
1245	149	1527
1256	99	1528
1269	195	1535
1070	213	1537
1279	318	1540
1226	385	1542
1119	334	1543
1120	335	1544
1121	336	1545
1300	40	1546
82	821	822
124	822	1085
141	824	844
242	825	1306
250	829	1269
183	843	850
235	850	1311
240	859	1313
241	860	1314
446	867	1321
447	868	1322
450	873	1323
451	874	1324
460	920	1359
461	921	1360
464	924	1363
465	925	1364
429	936	1371
430	937	1372
485	947	1381
486	948	1382
390	895	1414
391	896	1415
342	950	970
145	990	1424
146	991	1425
22	1014	1429
33	1019	1430
54	1022	1386
55	1023	1387
104	1049	1443
113	1050	1444
267	998	1333
268	999	1334
275	1002	1337
276	1003	1338
304	1012	1345
305	1013	1346
294	1022	1355
295	1023	1356
316	1040	1369
350	1063	1383
350	1064	1384
355	1068	1385
348	1071	1450
371	1078	1437
380	1081	1452
381	1082	1453
384	855	1454
315	1085	1455
443	1102	1467
444	1103	1468
445	1104	1469
398	1105	1470
399	1106	1471
442	1123	1449
477	1099	1478
478	1098	1479
789	1140	1486
778	1145	1488
779	1146	1489
720	1161	1498
751	1174	1507
762	1135	1513
763	1136	1514
493	1184	1483
568	1202	1493
592	1213	1499
608	1214	1500
506	1216	1523
587	864	1515
598	1223	1524
613	1230	1522
619	1234	1525
620	1235	1526
621	1236	1300
658	1245	1527
682	879	1529
683	880	1530
548	1269	1535
577	1070	1537
618	1279	1540
597	1226	1542
776	1300	1546
780	1304	1547
200	160	830
7	240	832
8	241	833
30	184	845
3	151	821
151	200	853
180	242	855
298	458	918
299	459	919
26	411	871
27	412	872
14	413	869
15	414	870
130	392	960
131	393	961
147	398	899
148	399	900
206	436	968
207	437	969
208	438	970
419	104	1002
420	113	1003
425	33	1020
426	22	1021
394	56	1026
395	57	1027
431	145	1051
432	146	1052
427	269	980
428	270	981
431	283	990
432	284	991
475	302	1010
476	303	1011
458	298	1026
459	299	1027
472	314	1038
473	315	1039
474	317	1041
482	351	1065
483	352	1066
484	353	1067
167	387	859
171	388	860
33	425	1098
22	426	1099
363	443	1110
364	444	1111
365	445	1112
121	464	1113
122	465	1114
291	473	1124
366	441	1128
367	442	1129
492	761	1156
220	697	1144
86	613	1163
664	490	1205
665	491	1206
319	608	1229
239	532	1265
176	572	852
301	648	1236
820	112	846
830	160	1316
832	240	1549
833	241	1550
845	184	865
821	151	853
853	200	830
855	242	1554
865	261	1555
918	458	1585
919	459	1586
871	411	1609
872	412	1610
869	413	1611
870	414	1612
960	392	1631
961	393	1632
899	398	1637
900	399	1638
937	433	1654
936	434	1655
968	436	1657
969	437	1658
970	438	1659
1002	104	1589
1003	113	1590
1020	33	1593
1021	22	1594
1026	56	1561
1027	57	1562
1051	145	1445
1052	146	1446
980	269	1599
981	270	1600
990	283	1607
991	284	1608
1010	302	1621
1011	303	1622
1026	298	1633
1027	299	1634
1038	314	1645
1039	315	1646
1041	317	1647
1065	351	1662
1066	352	1663
1067	353	1664
1089	356	1665
1090	357	1666
859	387	1426
860	388	1427
1098	425	1472
1099	426	1473
1110	443	1675
1111	444	1676
1112	445	1677
1113	464	1476
1114	465	1477
1124	473	1669
1128	441	1432
1129	442	1433
1134	686	1531
1135	687	1532
1136	688	1533
1156	761	1512
1165	753	1508
1166	754	1509
1154	676	1681
1155	677	1682
1171	707	1684
1144	697	1689
1153	757	1694
1152	758	1695
1163	613	1697
1190	210	1679
1207	211	1519
1185	495	1683
1205	490	1692
1206	491	1693
1218	511	1534
1229	608	1539
1240	639	1541
1265	532	1504
852	572	1698
1236	648	1502
1297	681	1701
61	820	846
19	830	1316
111	845	865
19	821	853
19	853	830
128	855	1554
111	865	1555
116	918	1585
117	919	1586
271	871	1609
272	872	1610
269	869	1611
270	870	1612
296	960	1631
297	961	1632
302	899	1637
303	900	1638
285	965	1651
286	966	1652
321	937	1654
320	936	1655
340	968	1657
341	969	1658
342	970	1659
466	1002	1589
469	1003	1590
479	1020	1593
480	1021	1594
458	1026	1561
459	1027	1562
433	1051	1445
434	1052	1446
392	980	1599
393	981	1600
406	990	1607
407	991	1608
413	1010	1621
414	1011	1622
394	1026	1633
395	1027	1634
387	1038	1645
370	1039	1646
388	1041	1647
436	1065	1662
437	1066	1663
438	1067	1664
125	859	1426
126	860	1427
322	1098	1472
323	1099	1473
217	1110	1675
218	1111	1676
219	1112	1677
283	1113	1476
284	1114	1477
93	1134	1531
94	1135	1532
101	1136	1533
99	1156	1512
101	1165	1508
94	1166	1509
490	1154	1681
491	1155	1682
518	1171	1684
539	1144	1689
575	1153	1694
574	1152	1695
592	1163	1697
781	1190	1679
761	1207	1519
648	1185	1683
730	1205	1692
731	1206	1693
259	1218	1534
386	1229	1539
75	852	1698
292	1297	1701
43	1715	2115
74	1720	2057
184	1723	2592
62	1727	2593
329	1730	2337
330	1731	2338
331	1732	2339
468	1735	2053
485	1736	2545
403	1734	2332
404	1735	2333
439	1736	2334
265	1738	2066
266	1739	2067
5	1740	2456
9	1741	2621
256	1742	1755
325	1744	2622
326	1745	2623
130	1750	2335
131	1751	2336
121	1752	2450
122	1753	2451
9	1742	2619
333	1757	2624
72	1761	3037
17	1762	2448
18	1763	2449
112	1766	1849
95	1767	1864
92	1768	2515
34	1769	2600
25	1770	2601
12	1771	2765
13	1772	2831
11	1773	2766
21	1774	2832
11	1775	2733
6	1776	2727
6	1777	2728
12	1778	2729
12	1779	2730
37	1780	2808
6	1781	2732
6	1782	2731
10	1783	2466
11	1784	2726
153	1785	3038
154	1786	2376
155	1787	2377
158	1788	2379
172	1789	2852
156	1793	3039
158	1797	3040
155	1798	3041
154	1799	3042
221	1800	3043
192	1801	2603
193	1802	2144
255	1803	2744
248	1807	2742
249	1808	2743
161	1810	3044
162	1811	3045
214	1814	3046
215	1815	3047
168	1820	2806
243	1821	2738
199	1823	3048
236	1824	2845
173	1826	2846
174	1827	2847
175	1828	2848
177	1829	2374
248	1832	3050
255	1838	3052
224	1839	2849
225	1840	2501
226	1841	2502
227	1842	2850
228	1843	2375
231	1844	3053
232	1845	3054
244	1846	2851
112	1849	2468
72	1850	2809
100	1851	2508
62	1852	2810
135	1853	2509
144	1854	2510
123	1855	2511
132	1856	2512
70	1857	3055
71	1858	3056
21	1859	1774
12	1860	2723
11	1861	2724
63	1862	3057
64	1863	3058
39	1865	3059
45	1866	3060
48	1867	3061
281	1868	2811
376	1869	3062
359	1870	2853
189	1871	2833
193	1872	2834
73	1873	2812
53	1874	3063
85	1875	2499
88	1876	2500
487	1877	2382
493	1851	2550
494	1865	3064
496	1866	3065
497	1867	3066
498	1878	3067
500	1799	2383
501	1798	2384
502	1793	3068
504	1797	3069
515	1785	3075
522	1788	3076
526	1787	3079
527	1786	3080
515	1779	3081
527	1784	3082
526	1783	3083
522	1780	2385
531	1880	3084
507	1775	3085
523	1781	3086
524	1782	3087
502	1771	3088
514	1778	3089
512	1776	3090
513	1777	3091
504	1773	3092
503	1772	2551
501	1770	3093
500	1769	3094
534	1823	3095
543	1825	3096
544	1826	3097
545	1827	3098
546	1828	3099
551	1832	3103
552	1833	3104
558	1838	3107
559	1839	3108
562	1842	3109
563	1843	3110
566	1846	3113
534	1800	3114
537	1801	2552
538	1802	2553
543	1804	3115
547	1808	3116
549	1810	3117
550	1811	3118
551	1812	3119
552	1813	3120
554	1881	3121
555	1882	3122
556	1814	3123
557	1815	3124
558	1816	3125
563	1819	2386
564	1820	3128
565	1821	3129
569	1885	3131
570	1886	3132
576	1860	3133
578	1861	3134
579	1887	3135
580	1888	3136
583	1891	3137
584	1892	3138
585	1893	3139
576	1850	3140
578	1852	3141
589	1894	3142
590	1895	3143
591	1896	3144
494	1768	3145
600	1875	3147
601	1876	3148
617	1870	3149
617	1868	3150
628	1898	3151
629	1873	3152
661	1899	3153
629	1872	3154
631	1901	3155
591	1902	1896
685	1903	3156
687	1904	2557
688	1905	2558
684	1906	3157
755	1907	2794
653	1908	2095
729	1911	2784
725	1914	2782
726	1915	2783
657	1916	3158
752	1919	2482
722	1920	2781
777	1921	3048
778	1922	2547
779	1923	2548
785	1925	3049
792	1928	3050
793	1929	3051
796	1932	3052
800	1933	3053
801	1934	3054
803	1935	3059
804	1936	3060
805	1937	3061
643	1938	3160
742	1945	3161
777	1959	3038
789	1965	2546
792	1968	3039
622	1970	3164
623	1971	3165
796	1974	3040
624	1976	2417
625	1977	2418
800	1979	3041
801	1980	3042
802	1981	3166
659	1982	3167
660	1983	3168
663	1985	2430
667	1987	3170
668	1988	3171
669	1989	3172
807	1992	3044
808	1993	3045
764	1996	2485
718	1997	2779
719	1998	2780
810	1999	3046
811	2000	3047
803	2002	3043
672	2003	2431
766	2004	3173
753	2005	2483
754	2006	2484
680	2007	3174
818	2008	3063
771	2011	3175
691	2013	3176
610	2015	2414
611	2016	2415
647	1903	3064
674	1904	3065
673	1905	3066
695	1907	3068
696	1908	2356
697	1909	3069
698	1910	3070
699	1911	3071
701	1912	3072
702	1913	3073
703	1914	3074
704	1915	3075
711	1916	3076
712	1917	3077
713	1918	3078
715	1919	3079
716	1920	3080
718	1921	3081
719	1922	3082
641	1923	3083
721	1924	3084
722	1925	3085
723	1926	3086
724	1927	3087
725	1928	3088
726	1929	3089
727	1930	3090
728	1931	3091
729	1932	3092
644	1933	3093
645	1934	3094
654	1935	3095
735	1941	3097
736	1942	3098
737	1943	3099
509	1944	3100
508	1945	2358
738	1946	3101
739	1947	3102
740	1948	3103
743	1950	3105
744	1951	3106
745	1952	3107
746	1953	3108
747	1954	3109
528	1955	3110
748	1956	3111
749	1957	3112
692	1959	3114
704	1965	3116
707	1968	3119
649	1970	3121
650	1971	3122
711	1974	3125
651	1976	3126
652	1977	3127
715	1979	3128
716	1980	3129
717	1981	3130
735	1982	3131
736	1983	3132
755	1985	3133
646	1986	2361
756	1987	3134
746	1988	3135
747	1989	3136
626	1992	3137
627	1993	3138
628	1996	2362
630	1997	3140
632	1998	3141
633	1999	3142
634	2000	3143
636	2002	3145
637	2003	2363
750	2004	3146
602	2005	3147
603	2006	3148
769	2007	3149
612	2008	2365
767	2009	3150
768	2010	3151
769	2011	3152
772	2012	3153
774	2013	3154
775	2014	3155
689	2015	2366
690	2016	2367
90	2021	2518
183	1720	2813
237	2024	2519
262	2027	2521
263	2028	2522
307	2030	2524
308	2031	2525
356	2034	2526
357	2035	2527
280	2036	2817
329	2037	2818
330	2038	2819
360	2039	2528
361	2040	2529
367	2042	2820
370	2043	2530
364	2044	2531
365	2045	2532
331	2046	2821
382	2047	2822
383	2048	2823
343	1764	2824
344	1765	2825
329	1725	2826
330	1726	2827
362	2049	2828
288	1761	2533
331	1727	2829
325	1750	2534
326	1751	2535
327	1752	2536
328	1753	2537
323	2051	2538
322	2052	2539
238	2058	2136
189	2024	2381
76	1723	2137
185	2027	2142
186	2028	2143
203	1746	3164
204	1747	3165
72	1743	2769
53	1730	1874
62	1731	2770
93	2062	2469
46	1732	3160
25	2063	2735
34	2064	2736
70	2030	1857
71	2031	1858
123	2065	1855
172	2068	1789
199	2036	2737
202	2037	2463
205	2038	2462
216	2041	3158
196	2042	2830
173	2069	3167
174	2070	3168
210	2044	2380
201	2045	3169
220	2046	3170
224	2071	3171
227	2072	3172
63	2052	1862
64	2051	1863
118	1757	3156
159	2019	2105
245	2079	2108
244	2080	2109
359	2082	2112
281	1748	2113
510	2083	2835
519	2086	2838
528	2089	2841
489	1767	2842
596	2093	2843
595	2094	2844
221	2096	2748
264	2097	2752
161	2098	2755
162	2099	2756
165	2100	2757
214	2101	2758
215	2102	2759
13	2080	2734
260	2056	2497
201	2118	2807
13	2082	2498
510	2121	2854
520	2122	2855
521	2123	2856
519	2124	2857
516	2125	2858
517	2126	2859
533	2127	2860
542	2128	2861
169	2083	3162
194	2086	3163
228	2135	3166
238	2136	3159
98	1878	2140
120	2138	2139
38	2141	2725
185	2142	2774
186	2143	2775
193	2144	2776
233	2149	3177
149	2150	2151
136	2154	2945
137	2155	2946
136	2157	3178
137	2158	3179
47	2162	2947
23	2164	3025
24	2165	3026
38	2166	3027
380	2172	2943
381	2173	2944
368	2182	3020
196	2187	2948
23	2188	2164
24	2189	2165
10	2192	2911
90	2196	3186
114	2197	2907
115	2198	2908
50	2200	2227
49	2204	3032
50	2205	3033
46	2206	3034
47	2207	3035
23	2208	3031
24	2209	3028
209	2211	3036
211	2212	3187
762	2214	3029
763	2215	3030
182	2222	2924
958	2232	3193
959	2233	3194
935	2162	3195
971	2236	3196
972	2237	3197
1055	2182	3202
847	2150	3203
1070	2239	3204
1093	2242	3206
1094	2222	3207
834	2146	3208
1162	2245	3209
1172	2246	3210
1143	2247	3211
1270	2256	2253
1221	2257	3215
857	2259	2228
1220	2260	3216
1653	2271	3182
1251	2277	3217
1252	2278	3218
1591	2281	3180
1592	2282	3181
1672	2284	3183
1673	2285	3184
1674	2286	3185
1257	2287	3219
1243	2288	3220
1462	2295	2935
1518	2319	2938
1520	2321	3221
1521	2322	3222
1536	2323	2940
1263	2255	3188
1343	2261	3189
1344	2262	3190
1348	2263	3191
1349	2264	3192
1407	2269	3193
1408	2270	3194
967	2272	3195
1422	2277	3198
1423	2278	3199
1282	2281	3200
1283	2282	3201
1447	2287	3202
1442	2296	3205
1463	2301	3207
1241	2302	3208
1517	2321	3212
1518	2322	3213
1175	2323	3214
245	2021	2953
238	2118	2954
485	2331	2955
229	2331	2956
345	1754	2957
764	2353	2962
672	2354	2963
119	2372	2973
177	2374	2975
154	2376	2977
155	2377	2978
583	2394	2983
584	2395	2984
654	2398	2987
593	2138	2991
610	2414	2992
611	2415	2993
569	1847	2994
570	1848	2995
676	2432	2997
677	2433	2998
516	2098	3002
517	2099	3003
520	2101	3004
521	2102	3005
520	2439	3006
521	2440	3007
516	2441	3008
517	2442	3009
196	2079	2187
178	1758	2608
179	1759	2609
148	2330	3023
147	2329	3024
157	2461	2210
211	2465	2212
46	2467	2206
47	2426	2207
99	2353	2213
676	2470	2216
677	2471	2217
678	2472	3014
679	2473	3015
707	2475	2218
533	2135	3016
695	2480	3017
696	2461	3018
697	2481	2219
764	2485	3019
136	1891	2157
137	1892	2158
84	1889	2614
38	1880	3220
39	2507	2920
114	1894	2197
115	1895	2198
92	2515	3219
307	2524	2167
308	2525	2168
288	2533	2617
327	2536	3021
336	2409	2225
335	2410	2224
41	2441	2610
42	2442	2611
51	2439	2612
52	2440	2613
173	2122	3010
174	2123	3011
224	2125	3012
227	2126	3013
333	1762	2577
334	1763	2578
372	2070	2579
367	2062	2580
492	2355	2583
503	2551	2584
537	2552	2585
538	2553	2586
681	2555	2587
686	2372	2588
687	2557	2589
688	2558	2590
499	2096	2591
14	1744	2202
15	1745	2203
214	2039	2951
215	2040	2952
1715	109	2077
1720	183	2542
1723	76	2018
1727	331	2455
1730	53	2543
1731	62	2544
1732	46	2327
1735	404	2073
1736	439	2620
1734	467	2445
1735	468	2446
1736	485	2447
1738	7	2342
1739	8	2343
1740	251	2032
1741	252	2033
1742	9	2621
1744	14	2325
1745	15	2326
1750	325	2622
1751	326	2623
1752	327	2340
1753	328	2341
1742	256	1760
1757	118	2452
1761	288	2344
1762	333	2624
1763	334	2345
1766	488	2487
1767	489	2625
1768	494	2626
1769	500	2488
1770	501	2489
1771	502	2627
1772	503	2628
1773	504	2629
1774	505	2630
1775	507	2631
1776	512	2632
1777	513	2633
1778	514	2634
1779	515	2635
1780	522	2636
1781	523	2637
1782	524	2638
1783	526	2639
1784	527	2640
1785	515	2641
1786	527	2642
1787	526	2643
1788	522	2490
1789	531	2644
1793	502	2648
1797	504	2652
1798	501	2653
1799	500	2654
1800	534	2655
1801	537	2491
1802	538	2492
1803	541	2656
1807	546	2659
1808	547	2660
1810	549	2662
1811	550	2663
1814	556	2665
1815	557	2666
1820	564	2671
1821	565	2672
1823	534	2673
1824	541	2674
1826	544	2675
1827	545	2676
1828	546	2677
1829	547	2678
1832	551	2679
1838	558	2682
1839	559	2683
1840	560	2684
1841	561	2685
1842	562	2686
1843	563	2493
1844	564	2687
1845	565	2688
1846	566	2689
1849	573	2692
1850	576	2693
1851	493	2694
1852	578	2695
1853	579	2696
1854	580	2697
1855	581	2698
1856	582	2699
1857	583	2700
1858	584	2701
1859	577	2702
1860	576	2703
1861	578	2704
1862	589	2705
1863	590	2706
1865	494	2707
1866	496	2494
1867	497	2495
1868	617	2708
1869	618	2709
1870	617	2710
1871	628	2711
1872	629	2712
1873	629	2713
1874	631	2714
1875	600	2715
1876	601	2716
1877	141	1893
1851	100	2435
1865	39	2427
1866	45	2717
1867	48	2718
1878	98	1890
1799	154	2478
1798	155	2479
1793	156	2480
1797	158	2481
1785	153	2719
1788	158	2720
1787	155	2721
1786	154	2722
1779	12	2723
1784	11	2724
1783	10	2443
1780	37	2549
1880	38	2725
1775	11	2726
1781	6	2727
1782	6	2728
1771	12	2729
1778	12	2730
1776	6	2731
1777	6	2732
1773	11	2733
1772	13	2734
1770	25	2735
1769	34	2736
1823	199	2737
1825	243	2738
1826	173	2739
1827	174	2740
1828	175	2741
1832	248	2742
1833	249	2743
1838	255	2744
1839	224	2745
1842	227	2746
1843	228	2089
1846	244	2747
1800	221	2748
1801	192	2749
1802	193	2750
1804	264	2752
1808	249	2754
1810	161	2755
1811	162	2756
1812	163	2475
1813	165	2757
1881	212	2428
1882	213	2429
1814	214	2758
1815	215	2759
1816	216	2760
1819	164	2476
1820	168	2761
1821	243	2762
1885	70	2763
1886	71	2764
1860	12	2765
1861	11	2766
1887	64	2767
1888	63	2768
1891	136	2419
1892	137	2420
1893	141	2352
1850	72	2769
1852	62	2770
1894	114	2421
1895	115	2422
1896	129	2423
1768	92	2424
1875	85	2412
1876	88	2413
1870	359	2771
1868	281	2486
1898	37	2772
1873	73	2773
1899	185	2774
1872	193	2776
1901	202	2777
1902	675	2778
1903	647	2504
1904	674	2514
1905	673	2513
1906	582	1856
1907	695	2749
1908	696	2750
1911	699	2751
1914	703	2753
1915	704	2754
1916	711	2760
1919	715	2761
1920	716	2762
1921	718	2779
1922	719	2780
1923	641	2145
1925	722	2781
1928	725	2782
1929	726	2783
1932	729	2784
1933	644	2785
1934	645	2786
1935	654	2507
1936	656	2787
1937	655	2788
1938	732	2467
1945	508	2496
1959	692	2540
1965	704	2719
1968	707	2599
1970	649	2505
1971	650	2506
1974	711	2720
1976	651	2791
1977	652	2792
1979	715	2721
1980	716	2722
1981	717	2793
1982	735	2739
1983	736	2740
1985	755	2794
1987	756	2795
1988	746	2745
1989	747	2746
1992	626	2796
1993	627	2797
1996	628	1871
1997	630	2798
1998	632	2799
1999	633	2800
2000	634	2801
2002	636	2503
2003	637	2802
2004	750	2747
2005	602	2803
2006	603	2804
2007	769	2773
2008	612	2805
2011	769	2771
2013	774	2541
2015	689	2516
2016	690	2517
1903	685	2626
1904	687	2595
1905	688	2596
1907	755	2627
1908	653	2628
1909	756	2629
1910	765	2630
1911	729	2631
1912	723	2632
1913	724	2633
1914	725	2634
1915	726	2635
1916	657	2636
1917	728	2637
1918	727	2638
1919	752	2639
1920	722	2640
1921	777	2641
1922	778	2642
1923	779	2643
1924	784	2644
1925	785	2645
1926	790	2646
1927	791	2647
1928	792	2648
1929	793	2649
1930	794	2650
1931	795	2651
1932	796	2652
1933	800	2653
1934	801	2654
1935	803	2655
1941	738	2657
1942	739	2658
1943	740	2659
1944	741	2660
1945	742	2661
1946	807	2662
1947	808	2663
1948	530	2664
1950	810	2665
1951	811	2666
1952	812	2667
1953	744	2668
1954	743	2669
1955	813	2670
1956	638	2671
1957	734	2672
1959	777	2673
1965	789	2678
1968	792	2679
1970	622	2680
1971	623	2681
1974	796	2682
1976	624	2684
1977	625	2685
1979	800	2687
1980	801	2688
1981	802	2689
1982	659	2690
1983	660	2691
1985	663	2693
1986	666	2694
1987	667	2695
1988	668	2696
1989	669	2697
1992	807	2700
1993	808	2701
1996	764	2457
1997	718	2703
1998	719	2704
1999	810	2705
2000	811	2706
2002	803	2707
2003	672	2458
2004	766	2459
2005	753	2597
2006	754	2598
2007	680	2708
2008	818	2709
2009	815	2710
2010	770	2711
2011	771	2712
2012	816	2460
2013	691	2713
2014	818	2714
2015	610	2715
2016	611	2716
2021	245	2090
1720	74	2091
2024	189	2094
2027	185	2803
2028	186	2804
2030	70	1885
2031	71	1886
2034	161	2796
2035	162	2797
2036	199	2798
2037	202	1901
2038	205	2799
2039	214	2800
2040	215	2801
2042	196	2802
2043	168	2806
2044	210	2602
2045	201	2807
2046	220	2351
2047	231	2785
2048	232	2786
1764	206	2791
1765	207	2792
1725	48	2788
1726	45	2787
2049	37	2808
1761	72	2809
1727	62	2810
1750	130	2470
1751	131	2471
1752	121	2472
1753	122	2473
2051	64	1887
2052	63	1888
2058	103	2389
2024	237	2554
1723	184	2814
2027	262	2390
2028	263	2391
1746	345	2815
1747	346	2816
1743	280	2817
1730	329	2818
1731	330	2819
2062	367	2820
1732	331	2821
2063	382	2822
2064	383	2823
2030	307	2394
2031	308	2395
2065	291	2396
2068	348	2397
2036	280	2398
2037	329	2826
2038	330	2827
2041	362	2828
2042	367	2399
2069	371	2400
2070	372	2401
2044	364	2402
2045	365	2403
2046	331	2829
2071	380	2404
2072	381	2405
2052	322	2406
2051	323	2407
1757	333	2408
2019	233	2411
2079	196	2830
2080	13	2556
2082	13	2831
1748	139	2416
2083	169	2789
2086	194	2790
2089	228	2793
1767	95	2092
2093	21	2832
2094	189	2833
2096	499	2438
2097	510	2835
2098	516	2836
2099	517	2837
2100	519	2838
2101	520	2839
2102	521	2840
2080	244	2127
2056	172	2128
2118	238	2131
2082	359	2132
2121	236	2845
2122	173	2846
2123	174	2847
2124	175	2848
2125	224	2849
2126	227	2850
2127	244	2851
2128	172	2852
2083	510	2854
2086	519	2857
2135	533	2860
2136	542	2861
1878	498	2862
2138	593	2863
2141	607	2864
2142	604	2865
2143	605	2866
2144	640	2444
2149	841	2867
2150	847	2868
2154	897	2869
2155	898	2870
2157	904	2871
2158	905	2872
2162	935	2873
2164	944	2874
2165	945	2875
2166	946	2876
2172	988	2880
2173	989	2881
2182	1055	2885
2187	856	2886
2188	851	2887
2189	1086	2888
2192	1094	2889
2196	834	2890
2197	1108	2891
2198	1109	2892
2200	1084	2893
2204	1130	2894
2205	1131	2895
2206	1132	2896
2207	1133	2897
2208	1137	2898
2209	1138	2899
2211	1147	2900
2212	1149	2901
2214	1208	2902
2215	1209	2903
2222	1094	2904
2232	105	2905
2233	106	2906
2162	47	2912
2236	20	2913
2237	21	2914
2182	368	2915
2150	149	2234
2239	21	2237
2242	221	2918
2222	182	2919
2146	181	2252
2245	40	2921
2246	20	2922
2247	223	2923
2256	1268	2925
2257	1222	2223
2259	1267	2926
2260	863	2152
2271	1101	2927
2277	1422	2909
2278	1423	2910
2281	1282	2928
2282	1283	2929
2284	1294	2930
2285	1295	2931
2286	1296	2932
2287	1447	2917
2288	946	2166
2295	1448	2916
2319	1506	2923
2321	1517	2937
2322	1518	2938
2323	1175	2939
2255	1551	2867
2261	1280	2869
2262	1281	2870
2263	1575	2871
2264	1576	2872
2269	1624	2877
2270	1625	2878
2272	1233	2879
2277	1251	2880
2278	1252	2881
2281	1591	2882
2282	1592	2883
2287	1257	2884
2296	1293	2886
2301	1428	2889
2302	1671	2890
2321	1520	2902
2322	1521	2903
2323	1536	2904
2021	90	2241
2118	201	2243
2331	229	2941
2331	485	2238
1754	170	2559
2353	99	2248
2354	40	2245
2372	686	2942
2374	789	2249
2376	778	2250
2377	779	2251
2394	307	2230
2395	308	2231
2398	280	2936
2138	120	2229
2414	285	2933
2415	286	2934
1847	105	2232
1848	106	2233
2432	96	2930
2433	97	2931
2098	161	2949
2099	162	2950
2101	214	2951
2102	215	2952
2439	51	2560
2440	52	2561
2441	41	2562
2442	42	2563
2079	245	2953
1758	343	2958
1759	344	2959
2330	476	2960
2329	475	2961
2461	696	2964
2465	732	2965
2467	732	2966
2426	646	2967
2353	764	2968
2470	130	2969
2471	131	2970
2472	121	2971
2473	122	2972
2475	163	2974
2135	228	2976
2480	156	2979
2461	157	2980
2481	158	2981
2485	189	2982
1891	583	2983
1892	584	2984
1889	581	2985
1880	531	2986
2507	654	2987
1894	589	2988
1895	590	2989
2515	685	2990
2524	569	2994
2525	570	2995
2533	663	2996
2536	678	2999
2409	689	3000
2410	690	3001
2441	516	3002
2442	517	3003
2439	520	3004
2440	521	3005
2122	520	3006
2123	521	3007
2125	516	3008
2126	517	3009
1762	17	2244
1763	18	2235
2070	174	3011
2062	93	2240
2355	678	3014
2551	533	3016
2552	695	3017
2553	696	3018
2555	327	3021
2372	119	3022
2557	148	3023
2558	147	3024
2096	221	2242
1744	325	2604
1745	326	2605
2039	360	2606
2040	361	2607
2115	2077	175
2057	2542	235
2592	2018	261
2593	2455	433
2337	2543	429
2338	2544	430
2339	2327	431
2053	2073	73
2545	2620	203
2332	2445	309
2333	2446	310
2334	2447	354
2066	2342	343
2067	2343	344
2456	2032	345
2621	2033	346
1755	2621	346
2622	2325	427
2623	2326	428
2335	2622	427
2336	2623	428
2450	2340	421
2451	2341	422
2619	1760	349
2624	2452	415
3037	2344	467
2448	2624	415
2449	2345	416
1849	2487	573
1864	2625	591
2515	2626	685
2600	2488	757
2601	2489	758
2765	2627	755
2831	2628	653
2766	2629	756
2832	2630	765
2733	2631	729
2727	2632	723
2728	2633	724
2729	2634	725
2730	2635	726
2808	2636	657
2732	2637	728
2731	2638	727
2466	2639	752
2726	2640	722
3038	2641	777
2376	2642	778
2377	2643	779
2379	2490	782
2852	2644	784
3039	2648	792
3040	2652	796
3041	2653	800
3042	2654	801
3043	2655	803
2603	2491	639
2144	2492	640
2744	2656	745
2742	2659	740
2743	2660	741
3044	2662	807
3045	2663	808
3046	2665	810
3047	2666	811
2806	2671	638
2738	2672	734
3048	2673	777
2845	2674	783
2846	2675	786
2847	2676	787
2848	2677	788
2374	2678	789
3050	2679	792
3052	2682	796
2849	2683	797
2501	2684	624
2502	2685	625
2850	2686	798
2375	2493	799
3053	2687	800
3054	2688	801
2851	2689	802
2468	2692	760
2809	2693	663
2508	2694	666
2810	2695	667
2509	2696	668
2510	2697	669
2511	2698	670
2512	2699	671
3055	2700	807
3056	2701	808
1774	2702	505
2723	2703	718
2724	2704	719
3057	2705	810
3058	2706	811
3059	2707	803
3060	2494	804
3061	2495	805
2811	2708	680
3062	2709	818
2853	2710	815
2833	2711	770
2834	2712	771
2812	2713	691
3063	2714	818
2499	2715	610
2500	2716	611
2382	1893	585
2550	2435	679
3064	2427	647
3065	2717	674
3066	2718	673
3067	1890	582
2383	2478	693
2384	2479	694
3068	2480	695
3069	2481	697
3075	2719	704
3076	2720	711
3079	2721	715
3080	2722	716
3081	2723	718
3082	2724	719
3083	2443	641
2385	2549	720
3084	2725	721
3085	2726	722
3086	2727	723
3087	2728	724
3088	2729	725
3089	2730	726
3090	2731	727
3091	2732	728
3092	2733	729
2551	2734	533
3093	2735	644
3094	2736	645
3095	2737	654
3096	2738	734
3097	2739	735
3098	2740	736
3099	2741	737
3103	2742	740
3104	2743	741
3107	2744	745
3108	2745	746
3109	2746	747
3110	2089	528
3113	2747	750
3114	2748	692
2552	2749	695
2553	2750	696
3115	2752	700
3116	2754	704
3117	2755	705
3118	2756	706
3119	2475	707
3120	2757	708
3121	2428	649
3122	2429	650
3123	2758	709
3124	2759	710
3125	2760	711
2386	2476	714
3128	2761	715
3129	2762	716
3131	2763	735
3132	2764	736
3133	2765	755
3134	2766	756
3135	2767	746
3136	2768	747
3137	2419	626
3138	2420	627
3139	2352	759
3140	2769	630
3141	2770	632
3142	2421	633
3143	2422	634
3144	2423	635
3145	2424	636
3147	2412	602
3148	2413	603
3149	2771	769
3150	2486	767
3151	2772	768
3152	2773	769
3153	2774	772
3154	2776	774
3155	2777	775
1896	2778	129
3156	2504	118
2557	2514	148
2558	2513	147
3157	1856	132
2794	2749	192
2095	2750	193
2784	2751	255
2782	2753	248
2783	2754	249
3158	2760	216
2482	2761	168
2781	2762	243
3048	2779	199
2547	2780	205
2548	2145	202
3049	2781	243
3050	2782	248
3051	2783	249
3052	2784	255
3053	2785	231
3054	2786	232
3059	2507	39
3060	2787	45
3061	2788	48
3160	2467	46
3161	2496	79
3038	2540	153
2546	2719	153
3039	2599	156
3164	2505	203
3165	2506	204
3040	2720	158
2417	2791	206
2418	2792	207
3041	2721	155
3042	2722	154
3166	2793	228
3167	2739	173
3168	2740	174
2430	2794	192
3170	2795	220
3171	2745	224
3172	2746	227
3044	2796	161
3045	2797	162
2485	1871	189
2779	2798	199
2780	2799	205
3046	2800	214
3047	2801	215
3043	2503	221
2431	2802	196
3173	2747	244
2483	2803	185
2484	2804	186
3174	2773	73
3063	2805	53
3175	2771	359
3176	2541	289
2414	2516	285
2415	2517	286
3064	2626	494
3065	2595	496
3066	2596	497
3068	2627	502
2356	2628	503
3069	2629	504
3070	2630	505
3071	2631	507
3072	2632	512
3073	2633	513
3074	2634	514
3075	2635	515
3076	2636	522
3077	2637	523
3078	2638	524
3079	2639	526
3080	2640	527
3081	2641	515
3082	2642	527
3083	2643	526
3084	2644	531
3085	2645	507
3086	2646	523
3087	2647	524
3088	2648	502
3089	2649	514
3090	2650	512
3091	2651	513
3092	2652	504
3093	2653	501
3094	2654	500
3095	2655	534
3097	2657	544
3098	2658	545
3099	2659	546
3100	2660	547
2358	2661	548
3101	2662	549
3102	2663	550
3103	2664	551
3105	2665	556
3106	2666	557
3107	2667	558
3108	2668	559
3109	2669	562
3110	2670	563
3111	2671	564
3112	2672	565
3114	2673	534
3116	2678	547
3119	2679	551
3121	2680	554
3122	2681	555
3125	2682	558
3126	2684	560
3127	2685	561
3128	2687	564
3129	2688	565
3130	2689	566
3131	2690	569
3132	2691	570
3133	2693	576
2361	2694	493
3134	2695	578
3135	2696	579
3136	2697	580
3137	2700	583
3138	2701	584
2362	2457	588
3140	2703	576
3141	2704	578
3142	2705	589
3143	2706	590
3145	2707	494
2363	2458	495
3146	2459	511
3147	2597	600
3148	2598	601
3149	2708	617
2365	2709	618
3150	2710	617
3151	2711	628
3152	2712	629
3153	2460	661
3154	2713	629
3155	2714	631
2366	2715	600
2367	2716	601
2518	2090	540
2813	2091	571
2519	2094	595
2521	2803	602
2522	2804	603
2524	1885	569
2525	1886	570
2526	2796	626
2527	2797	627
2817	2798	630
2818	1901	631
2819	2799	632
2528	2800	633
2529	2801	634
2820	2802	637
2530	2806	638
2531	2602	642
2532	2807	607
2821	2351	643
2822	2785	644
2823	2786	645
2824	2791	651
2825	2792	652
2826	2788	655
2827	2787	656
2828	2808	657
2533	2809	663
2829	2810	667
2534	2470	676
2535	2471	677
2536	2472	678
2537	2473	679
2538	1887	579
2539	1888	580
2136	2389	542
2381	2554	598
2137	2814	586
2142	2390	604
2143	2391	605
3164	2815	622
3165	2816	623
2769	2817	630
1874	2818	631
2770	2819	632
2469	2820	637
3160	2821	643
2735	2822	644
2736	2823	645
1857	2394	583
1858	2395	584
1855	2396	581
1789	2397	531
2737	2398	654
2463	2826	655
2462	2827	656
3158	2828	657
2830	2399	596
3167	2400	659
3168	2401	660
2380	2402	665
3169	2403	666
3170	2829	667
3171	2404	668
3172	2405	669
1862	2406	589
1863	2407	590
3156	2408	685
2105	2411	540
2108	2830	596
2109	2556	597
2112	2831	653
2113	2416	621
2835	2789	700
2838	2790	708
2841	2793	717
2842	2092	594
2843	2832	765
2844	2833	770
2748	2438	692
2752	2835	700
2755	2836	705
2756	2837	706
2757	2838	708
2758	2839	709
2759	2840	710
2734	2127	533
2497	2128	542
2807	2131	607
2498	2132	609
2854	2845	783
2855	2846	786
2856	2847	787
2857	2848	788
2858	2849	797
2859	2850	798
2860	2851	802
2861	2852	784
3162	2854	783
3163	2857	788
3166	2860	802
3159	2861	784
2140	2862	606
2139	2863	599
2725	2864	721
2774	2865	772
2775	2866	773
2776	2444	774
3177	2867	1551
2151	2868	854
2945	2869	1280
2946	2870	1281
3178	2871	1575
3179	2872	1576
2947	2873	1288
3025	2874	1467
3026	2875	1468
3027	2876	1469
2943	2880	1251
2944	2881	1252
3020	2885	1230
2948	2886	1293
2164	2887	944
2165	2888	945
2911	2889	1428
3186	2890	1671
2907	2891	1412
2908	2892	1413
2227	2893	1302
3032	2894	1525
3033	2895	1526
3034	2896	1529
3035	2897	1530
3031	2898	1523
3028	2899	1507
3036	2900	1547
3187	2901	1680
3029	2902	1520
3030	2903	1521
2924	2904	1536
3193	2905	1407
3194	2906	1408
3195	2912	967
3196	2913	1432
3197	2914	1433
3202	2915	1447
3203	2234	964
3204	2237	972
3206	2918	1239
3207	2919	1463
3208	2252	1241
3209	2921	1502
3210	2922	1504
3211	2923	1506
2253	2925	226
3215	2223	213
2228	2926	225
3216	2152	212
3182	2927	328
3217	2909	135
3218	2910	144
3180	2928	114
3181	2929	115
3183	2930	96
3184	2931	97
3185	2932	100
3219	2917	92
3220	2166	38
2935	2916	369
2938	2923	223
3221	2937	222
3222	2938	223
2940	2939	568
3188	2867	841
3189	2869	897
3190	2870	898
3191	2871	904
3192	2872	905
3193	2877	958
3194	2878	959
3195	2879	935
3198	2880	988
3199	2881	989
3200	2882	1004
3201	2883	1005
3202	2884	1055
3205	2886	856
3207	2889	1094
3208	2890	834
3212	2902	1208
3213	2903	1209
3214	2904	1094
2953	2241	856
2954	2243	862
2955	2941	954
2956	2238	1061
2957	2559	825
2962	2248	1160
2963	2245	1162
2973	2942	1185
2975	2249	1192
2977	2250	1196
2978	2251	1197
2983	2230	904
2984	2231	905
2987	2936	1244
2991	2229	861
2992	2933	1275
2993	2934	1276
2994	2232	958
2995	2233	959
2997	2930	1294
2998	2931	1295
3002	2949	1089
3003	2950	1090
3004	2951	1091
3005	2952	1092
3006	2560	1078
3007	2561	1079
3008	2562	1081
3009	2563	1082
2187	2953	856
2608	2958	832
2609	2959	833
3023	2960	1120
3024	2961	1121
2210	2964	1141
2212	2965	1149
2206	2966	1132
2207	2967	1133
2213	2968	1170
2216	2969	1181
2217	2970	1182
3014	2971	1183
3015	2972	1184
2218	2974	1188
3016	2976	1193
3017	2979	1198
3018	2980	1199
2219	2981	1200
3019	2982	1213
2157	2983	904
2158	2984	905
2614	2985	1124
3220	2986	1243
2920	2987	1244
2197	2988	1108
2198	2989	1109
3219	2990	1257
2167	2994	958
2168	2995	959
2617	2996	1240
3021	2999	1256
2225	3000	1260
2224	3001	1259
2610	3002	1089
2611	3003	1090
2612	3004	1091
2613	3005	1092
3010	3006	1078
3011	3007	1079
3012	3008	1081
3013	3009	1082
2577	2244	942
2578	2235	943
2579	3011	1079
2580	2240	1077
2583	3014	1183
2584	3016	1193
2585	3017	1198
2586	3018	1199
2587	3021	1256
2588	3022	1119
2589	3023	1120
2590	3024	1121
2591	2242	1093
2202	2604	965
2203	2605	966
2951	2606	1091
2952	2607	1092
2077	2115	1715
2542	2057	1720
2018	2592	1723
2455	2593	1727
2543	2337	1730
2544	2338	1731
2327	2339	1732
2073	2053	1735
2620	2545	1736
2445	2332	1734
2446	2333	1735
2447	2334	1736
2342	2066	1738
2343	2067	1739
2032	2456	1740
2033	2621	1741
2621	1755	1742
2325	2622	1744
2326	2623	1745
2622	2335	1750
2623	2336	1751
2340	2450	1752
2341	2451	1753
1760	2619	1742
2452	2624	1757
2344	3037	1761
2624	2448	1762
2345	2449	1763
2487	1849	1766
2625	1864	1767
2626	2515	1768
2488	2600	1769
2489	2601	1770
2627	2765	1771
2628	2831	1772
2629	2766	1773
2630	2832	1774
2631	2733	1775
2632	2727	1776
2633	2728	1777
2634	2729	1778
2635	2730	1779
2636	2808	1780
2637	2732	1781
2638	2731	1782
2639	2466	1783
2640	2726	1784
2641	3038	1785
2642	2376	1786
2643	2377	1787
2490	2379	1788
2644	2852	1789
2648	3039	1793
2652	3040	1797
2653	3041	1798
2654	3042	1799
2655	3043	1800
2491	2603	1801
2492	2144	1802
2656	2744	1803
2659	2742	1807
2660	2743	1808
2662	3044	1810
2663	3045	1811
2665	3046	1814
2666	3047	1815
2671	2806	1820
2672	2738	1821
2673	3048	1823
2674	2845	1824
2675	2846	1826
2676	2847	1827
2677	2848	1828
2678	2374	1829
2679	3050	1832
2682	3052	1838
2683	2849	1839
2684	2501	1840
2685	2502	1841
2686	2850	1842
2493	2375	1843
2687	3053	1844
2688	3054	1845
2689	2851	1846
2692	2468	1849
2693	2809	1850
2694	2508	1851
2695	2810	1852
2696	2509	1853
2697	2510	1854
2698	2511	1855
2699	2512	1856
2700	3055	1857
2701	3056	1858
2702	1774	1859
2703	2723	1860
2704	2724	1861
2705	3057	1862
2706	3058	1863
2707	3059	1865
2494	3060	1866
2495	3061	1867
2708	2811	1868
2709	3062	1869
2710	2853	1870
2711	2833	1871
2712	2834	1872
2713	2812	1873
2714	3063	1874
2715	2499	1875
2716	2500	1876
1893	2382	1877
2435	2550	1851
2427	3064	1865
2717	3065	1866
2718	3066	1867
1890	3067	1878
2478	2383	1799
2479	2384	1798
2480	3068	1793
2481	3069	1797
2719	3075	1785
2720	3076	1788
2721	3079	1787
2722	3080	1786
2723	3081	1779
2724	3082	1784
2443	3083	1783
2549	2385	1780
2725	3084	1880
2726	3085	1775
2727	3086	1781
2728	3087	1782
2729	3088	1771
2730	3089	1778
2731	3090	1776
2732	3091	1777
2733	3092	1773
2734	2551	1772
2735	3093	1770
2736	3094	1769
2737	3095	1823
2738	3096	1825
2739	3097	1826
2740	3098	1827
2741	3099	1828
2742	3103	1832
2743	3104	1833
2744	3107	1838
2745	3108	1839
2746	3109	1842
2089	3110	1843
2747	3113	1846
2748	3114	1800
2749	2552	1801
2750	2553	1802
2752	3115	1804
2754	3116	1808
2755	3117	1810
2756	3118	1811
2475	3119	1812
2757	3120	1813
2428	3121	1881
2429	3122	1882
2758	3123	1814
2759	3124	1815
2760	3125	1816
2476	2386	1819
2761	3128	1820
2762	3129	1821
2763	3131	1885
2764	3132	1886
2765	3133	1860
2766	3134	1861
2767	3135	1887
2768	3136	1888
2419	3137	1891
2420	3138	1892
2352	3139	1893
2769	3140	1850
2770	3141	1852
2421	3142	1894
2422	3143	1895
2423	3144	1896
2424	3145	1768
2412	3147	1875
2413	3148	1876
2771	3149	1870
2486	3150	1868
2772	3151	1898
2773	3152	1873
2774	3153	1899
2776	3154	1872
2777	3155	1901
2778	1896	1902
2504	3156	1903
2514	2557	1904
2513	2558	1905
1856	3157	1906
2749	2794	1907
2750	2095	1908
2751	2784	1911
2753	2782	1914
2754	2783	1915
2760	3158	1916
2761	2482	1919
2762	2781	1920
2779	3048	1921
2780	2547	1922
2145	2548	1923
2781	3049	1925
2782	3050	1928
2783	3051	1929
2784	3052	1932
2785	3053	1933
2786	3054	1934
2507	3059	1935
2787	3060	1936
2788	3061	1937
2467	3160	1938
2496	3161	1945
2540	3038	1959
2719	2546	1965
2599	3039	1968
2505	3164	1970
2506	3165	1971
2720	3040	1974
2791	2417	1976
2792	2418	1977
2721	3041	1979
2722	3042	1980
2793	3166	1981
2739	3167	1982
2740	3168	1983
2794	2430	1985
2795	3170	1987
2745	3171	1988
2746	3172	1989
2796	3044	1992
2797	3045	1993
1871	2485	1996
2798	2779	1997
2799	2780	1998
2800	3046	1999
2801	3047	2000
2503	3043	2002
2802	2431	2003
2747	3173	2004
2803	2483	2005
2804	2484	2006
2773	3174	2007
2805	3063	2008
2771	3175	2011
2541	3176	2013
2516	2414	2015
2517	2415	2016
2626	3064	1903
2595	3065	1904
2596	3066	1905
2627	3068	1907
2628	2356	1908
2629	3069	1909
2630	3070	1910
2631	3071	1911
2632	3072	1912
2633	3073	1913
2634	3074	1914
2635	3075	1915
2636	3076	1916
2637	3077	1917
2638	3078	1918
2639	3079	1919
2640	3080	1920
2641	3081	1921
2642	3082	1922
2643	3083	1923
2644	3084	1924
2645	3085	1925
2646	3086	1926
2647	3087	1927
2648	3088	1928
2649	3089	1929
2650	3090	1930
2651	3091	1931
2652	3092	1932
2653	3093	1933
2654	3094	1934
2655	3095	1935
2657	3097	1941
2658	3098	1942
2659	3099	1943
2660	3100	1944
2661	2358	1945
2662	3101	1946
2663	3102	1947
2664	3103	1948
2665	3105	1950
2666	3106	1951
2667	3107	1952
2668	3108	1953
2669	3109	1954
2670	3110	1955
2671	3111	1956
2672	3112	1957
2673	3114	1959
2678	3116	1965
2679	3119	1968
2680	3121	1970
2681	3122	1971
2682	3125	1974
2684	3126	1976
2685	3127	1977
2687	3128	1979
2688	3129	1980
2689	3130	1981
2690	3131	1982
2691	3132	1983
2693	3133	1985
2694	2361	1986
2695	3134	1987
2696	3135	1988
2697	3136	1989
2700	3137	1992
2701	3138	1993
2457	2362	1996
2703	3140	1997
2704	3141	1998
2705	3142	1999
2706	3143	2000
2707	3145	2002
2458	2363	2003
2459	3146	2004
2597	3147	2005
2598	3148	2006
2708	3149	2007
2709	2365	2008
2710	3150	2009
2711	3151	2010
2712	3152	2011
2460	3153	2012
2713	3154	2013
2714	3155	2014
2715	2366	2015
2716	2367	2016
2090	2518	2021
2091	2813	1720
2094	2519	2024
2803	2521	2027
2804	2522	2028
1885	2524	2030
1886	2525	2031
2796	2526	2034
2797	2527	2035
2798	2817	2036
1901	2818	2037
2799	2819	2038
2800	2528	2039
2801	2529	2040
2802	2820	2042
2806	2530	2043
2602	2531	2044
2807	2532	2045
2351	2821	2046
2785	2822	2047
2786	2823	2048
2791	2824	1764
2792	2825	1765
2788	2826	1725
2787	2827	1726
2808	2828	2049
2809	2533	1761
2810	2829	1727
2470	2534	1750
2471	2535	1751
2472	2536	1752
2473	2537	1753
1887	2538	2051
1888	2539	2052
2389	2136	2058
2554	2381	2024
2814	2137	1723
2390	2142	2027
2391	2143	2028
2815	3164	1746
2816	3165	1747
2817	2769	1743
2818	1874	1730
2819	2770	1731
2820	2469	2062
2821	3160	1732
2822	2735	2063
2823	2736	2064
2394	1857	2030
2395	1858	2031
2396	1855	2065
2397	1789	2068
2398	2737	2036
2826	2463	2037
2827	2462	2038
2828	3158	2041
2399	2830	2042
2400	3167	2069
2401	3168	2070
2402	2380	2044
2403	3169	2045
2829	3170	2046
2404	3171	2071
2405	3172	2072
2406	1862	2052
2407	1863	2051
2408	3156	1757
2411	2105	2019
2830	2108	2079
2556	2109	2080
2831	2112	2082
2416	2113	1748
2789	2835	2083
2790	2838	2086
2793	2841	2089
2092	2842	1767
2832	2843	2093
2833	2844	2094
2438	2748	2096
2835	2752	2097
2836	2755	2098
2837	2756	2099
2838	2757	2100
2839	2758	2101
2840	2759	2102
2127	2734	2080
2128	2497	2056
2131	2807	2118
2132	2498	2082
2845	2854	2121
2846	2855	2122
2847	2856	2123
2848	2857	2124
2849	2858	2125
2850	2859	2126
2851	2860	2127
2852	2861	2128
2854	3162	2083
2857	3163	2086
2860	3166	2135
2861	3159	2136
2862	2140	1878
2863	2139	2138
2864	2725	2141
2865	2774	2142
2866	2775	2143
2444	2776	2144
2867	3177	2149
2868	2151	2150
2869	2945	2154
2870	2946	2155
2871	3178	2157
2872	3179	2158
2873	2947	2162
2874	3025	2164
2875	3026	2165
2876	3027	2166
2880	2943	2172
2881	2944	2173
2885	3020	2182
2886	2948	2187
2887	2164	2188
2888	2165	2189
2889	2911	2192
2890	3186	2196
2891	2907	2197
2892	2908	2198
2893	2227	2200
2894	3032	2204
2895	3033	2205
2896	3034	2206
2897	3035	2207
2898	3031	2208
2899	3028	2209
2900	3036	2211
2901	3187	2212
2902	3029	2214
2903	3030	2215
2904	2924	2222
2905	3193	2232
2906	3194	2233
2912	3195	2162
2913	3196	2236
2914	3197	2237
2915	3202	2182
2234	3203	2150
2237	3204	2239
2918	3206	2242
2919	3207	2222
2252	3208	2146
2921	3209	2245
2922	3210	2246
2923	3211	2247
2925	2253	2256
2223	3215	2257
2926	2228	2259
2152	3216	2260
2927	3182	2271
2909	3217	2277
2910	3218	2278
2928	3180	2281
2929	3181	2282
2930	3183	2284
2931	3184	2285
2932	3185	2286
2917	3219	2287
2166	3220	2288
2916	2935	2295
2923	2938	2319
2937	3221	2321
2938	3222	2322
2939	2940	2323
2867	3188	2255
2869	3189	2261
2870	3190	2262
2871	3191	2263
2872	3192	2264
2877	3193	2269
2878	3194	2270
2879	3195	2272
2880	3198	2277
2881	3199	2278
2882	3200	2281
2883	3201	2282
2884	3202	2287
2886	3205	2296
2889	3207	2301
2890	3208	2302
2902	3212	2321
2903	3213	2322
2904	3214	2323
2241	2953	2021
2243	2954	2118
2941	2955	2331
2238	2956	2331
2559	2957	1754
2248	2962	2353
2245	2963	2354
2942	2973	2372
2249	2975	2374
2250	2977	2376
2251	2978	2377
2230	2983	2394
2231	2984	2395
2936	2987	2398
2229	2991	2138
2933	2992	2414
2934	2993	2415
2232	2994	1847
2233	2995	1848
2930	2997	2432
2931	2998	2433
2949	3002	2098
2950	3003	2099
2951	3004	2101
2952	3005	2102
2560	3006	2439
2561	3007	2440
2562	3008	2441
2563	3009	2442
2953	2187	2079
2958	2608	1758
2959	2609	1759
2960	3023	2330
2961	3024	2329
2964	2210	2461
2965	2212	2465
2966	2206	2467
2967	2207	2426
2968	2213	2353
2969	2216	2470
2970	2217	2471
2971	3014	2472
2972	3015	2473
2974	2218	2475
2976	3016	2135
2979	3017	2480
2980	3018	2461
2981	2219	2481
2982	3019	2485
2983	2157	1891
2984	2158	1892
2985	2614	1889
2986	3220	1880
2987	2920	2507
2988	2197	1894
2989	2198	1895
2990	3219	2515
2994	2167	2524
2995	2168	2525
2996	2617	2533
2999	3021	2536
3000	2225	2409
3001	2224	2410
3002	2610	2441
3003	2611	2442
3004	2612	2439
3005	2613	2440
3006	3010	2122
3007	3011	2123
3008	3012	2125
3009	3013	2126
2244	2577	1762
2235	2578	1763
3011	2579	2070
2240	2580	2062
3014	2583	2355
3016	2584	2551
3017	2585	2552
3018	2586	2553
3021	2587	2555
3022	2588	2372
3023	2589	2557
3024	2590	2558
2242	2591	2096
2604	2202	1744
2605	2203	1745
2606	2951	2039
2607	2952	2040
419	48	1725
420	45	1726
419	275	1728
420	276	1729
403	280	1743
440	346	1747
408	129	1749
439	170	1754
440	256	1755
290	16	1737
474	293	1756
482	343	1758
483	344	1759
484	349	1760
482	206	1764
483	207	1765
806	264	1804
809	165	1813
814	258	1822
790	246	1830
791	247	1831
794	253	1836
795	254	1837
812	95	1864
733	541	1824
701	544	1805
702	545	1806
712	559	1817
713	562	1818
748	581	1889
749	582	1890
245	765	1910
246	723	1912
247	724	1913
254	728	1917
253	727	1918
246	790	1926
247	791	1927
253	794	1930
254	795	1931
95	745	1939
98	806	1940
74	740	1943
76	741	1944
74	530	1948
76	809	1949
95	812	1952
75	813	1955
84	638	1956
98	734	1957
120	814	1958
190	786	1962
191	787	1963
197	790	1966
198	791	1967
190	794	1972
191	795	1973
197	797	1975
198	798	1978
159	760	1984
231	670	1990
232	671	1991
164	813	1994
216	812	2001
319	815	2009
358	770	2010
374	816	2012
535	656	1936
536	655	1937
509	261	2018
529	233	2019
635	362	2041
508	172	2056
530	74	2057
658	168	2043
670	231	2047
671	232	2048
698	540	2090
737	571	2091
733	594	2092
698	159	2105
776	281	2113
614	382	2063
616	383	2064
809	76	2137
814	120	2139
806	98	2140
1551	181	2146
1552	182	2147
1556	259	2148
1310	149	2151
1320	212	2152
1474	135	2156
1475	144	2159
1303	10	2163
1633	298	2169
1634	299	2170
1605	402	2177
1606	405	2178
1615	360	2179
1616	361	2180
1656	369	2183
1289	39	2184
1292	209	2186
1287	49	2199
1285	92	2201
1126	14	2202
1125	15	2203
1678	157	2210
1528	99	2213
1681	676	2216
1682	677	2217
1684	707	2218
1689	697	2219
1694	757	2220
1695	758	2221
1537	213	2223
1544	335	2224
1545	336	2225
1700	50	2227
1309	828	2185
1266	834	2196
1264	841	2149
1318	857	2228
1218	861	2229
1370	935	2171
1416	897	2154
1417	898	2155
1245	964	2234
1101	943	2235
1296	1048	2181
1327	988	2172
1328	989	2173
1339	1004	2174
1340	1005	2175
1376	1055	2176
1381	1061	2238
1448	1077	2240
1461	1087	2190
1242	862	2243
1248	1095	2193
1249	1096	2194
1250	1097	2195
1100	942	2244
1510	1130	2204
1511	1131	2205
1512	1160	2248
1486	1192	2249
1488	1196	2250
1489	1197	2251
1496	1208	2214
1497	1209	2215
1299	1241	2252
1538	1270	2253
181	1551	2255
160	854	2258
356	1280	2261
357	1281	2262
448	1575	2263
449	1576	2264
389	1288	2265
443	1467	2266
444	1468	2267
445	1469	2268
409	1624	2269
410	1625	2270
332	1233	2272
441	1660	2273
442	1661	2274
292	1230	2291
315	1455	2292
339	1291	2293
386	1293	2296
340	944	2297
341	945	2298
366	1128	2299
373	1428	2301
385	1671	2302
425	1412	2304
426	1413	2305
289	1302	2306
619	1525	2307
620	1526	2308
682	1529	2309
683	1530	2310
506	1523	2311
751	1507	2312
780	1547	2313
782	1680	2314
648	1683	2315
532	1686	2316
694	1688	2317
834	1266	2254
844	1268	2256
846	1222	2257
848	1267	2259
858	863	2260
943	1101	2271
982	1416	2275
983	1417	2276
992	1407	2279
993	1408	2280
1043	1442	2283
1046	1294	2284
1047	1295	2285
1048	1296	2286
1063	946	2288
1046	1275	2289
1047	1276	2290
1076	1447	2294
1077	1448	2295
1088	1462	2300
1069	1244	2303
1186	1505	2318
1187	1506	2319
1191	1516	2320
835	1536	2324
838	177	2020
869	427	2325
870	428	2326
899	475	2329
900	476	2330
911	374	2119
913	375	2120
906	403	2332
907	404	2333
976	439	2334
980	130	2335
981	131	2336
1049	329	2337
1050	330	2338
1051	331	2339
1100	421	2340
1115	467	2344
1116	468	2074
1119	416	2345
1139	781	2348
1142	804	2349
1144	643	2351
1150	759	2352
1156	678	2355
1173	508	2358
1161	628	2362
1134	637	2363
1178	612	2365
1165	689	2366
1166	690	2367
1203	185	1899
1204	186	1900
1206	210	2380
1179	487	2382
1186	500	2383
1187	501	2384
1191	522	2385
1201	563	2386
1207	492	2360
1219	542	2389
1224	604	2390
1225	605	2391
1227	610	2392
1228	611	2393
1129	596	2399
1246	659	2400
1247	660	2401
1249	665	2402
1250	666	2403
1261	689	2409
1262	690	2410
1266	540	2411
1272	602	2412
1273	603	2413
960	619	2368
961	620	2369
963	621	2416
968	624	2417
969	625	2418
1284	635	2423
1285	636	2424
1289	647	2427
1290	649	2428
1291	650	2429
1113	682	2370
1114	683	2371
1117	579	1853
1118	580	1854
1298	528	2103
849	553	2104
1140	692	2438
1303	641	2443
1305	774	2444
1171	780	2378
836	257	2055
927	309	2445
928	310	2446
867	17	2448
868	18	2449
924	121	2450
925	122	2451
933	128	2081
998	415	2452
999	416	2453
1051	433	2455
1122	229	2454
1125	335	2346
1126	336	2347
1164	511	2459
1168	661	2460
1156	99	2434
1145	205	2462
1146	202	2463
1175	10	2466
1177	112	2468
1161	37	1898
1134	93	2469
1165	101	2436
1166	94	2437
1189	714	2476
1202	752	2482
1203	753	2483
1204	754	2484
1205	730	2464
1214	767	2486
1180	573	2487
1186	757	2488
1187	758	2489
1191	782	2490
1194	639	2491
1195	640	2492
1201	799	2493
1211	804	2494
1212	805	2495
1217	79	2496
1219	260	2497
1226	13	2498
1227	85	2499
1228	88	2500
1237	225	2501
1238	226	2502
920	118	2504
921	119	2474
947	203	2505
948	204	2506
1250	100	2508
1253	123	2511
1254	132	2512
1255	40	2354
1105	147	2513
1106	148	2514
1261	285	2516
1262	286	2517
1266	90	2518
1271	237	2519
1272	262	2521
1273	263	2522
1277	368	2523
1280	356	2526
1281	357	2527
1282	360	2528
1283	361	2529
1286	370	2530
1103	364	2531
1104	365	2532
1296	328	2537
1117	323	2538
1118	322	2539
1140	153	2540
1305	289	2541
824	141	2017
850	235	2542
936	429	2543
937	430	2544
947	485	2545
1071	348	2068
1140	789	2546
1145	778	2547
1146	779	2548
1161	720	2549
1135	762	2387
1136	763	2388
1202	568	2359
1223	598	2554
1269	548	1809
1279	618	1869
1226	597	2556
1306	825	2559
1437	1078	2560
1438	1079	2561
1452	1081	2562
1453	1082	2563
1300	1236	2573
1376	333	2577
1377	334	2578
1438	372	2579
1123	367	2580
1482	492	2583
1487	503	2584
1490	537	2585
1491	538	2586
1528	681	2587
1543	686	2588
1544	687	2589
1545	688	2590
1172	499	2591
820	31	2054
865	184	2592
937	62	2593
936	53	2029
1134	495	2594
1135	496	2595
1136	497	2596
1165	600	2597
1166	601	2598
1154	96	2432
1155	97	2433
1171	156	2599
1153	34	2600
1152	25	2601
1190	642	2602
1207	732	2465
1218	120	1897
1240	192	2603
1297	327	2555
1651	965	2604
1652	966	2605
1400	1091	2606
1401	1092	2607
1549	178	2608
1550	179	2609
1665	41	2610
1666	42	2611
1400	51	2612
1401	52	2613
1669	84	2614
1541	288	2617
329	419	1725
330	420	1726
48	419	1728
45	420	1729
72	403	1743
204	440	1747
287	408	1749
345	439	1754
346	440	1755
123	290	1737
132	474	1756
178	482	1758
179	483	1759
256	484	1760
343	482	1764
344	483	1765
543	806	1804
552	809	1813
566	814	1822
549	790	1830
550	791	1831
556	794	1836
557	795	1837
591	812	1864
236	733	1824
246	701	1805
247	702	1806
254	712	1817
253	713	1818
84	748	1889
98	749	1890
698	245	1910
701	246	1912
702	247	1913
712	254	1917
713	253	1918
723	246	1926
724	247	1927
727	253	1930
728	254	1931
733	95	1939
734	98	1940
737	74	1943
509	76	1944
740	74	1948
741	76	1949
745	95	1952
528	75	1955
748	84	1956
749	98	1957
750	120	1958
701	190	1962
702	191	1963
705	197	1966
706	198	1967
709	190	1972
710	191	1973
712	197	1975
713	198	1978
529	159	1984
748	231	1990
749	232	1991
759	164	1994
635	216	2001
767	319	2009
768	358	2010
772	374	2012
804	535	1936
805	536	1937
76	509	2018
159	529	2019
216	635	2041
260	508	2056
235	530	2057
370	658	2043
382	670	2047
383	671	2048
245	698	2090
74	737	2091
95	733	2092
540	698	2105
621	776	2113
25	614	2063
34	616	2064
586	809	2137
599	814	2139
606	806	2140
834	1551	2146
835	1552	2147
841	1556	2148
854	1310	2151
863	1320	2152
903	1474	2156
908	1475	2159
939	1303	2163
897	1633	2169
898	1634	2170
988	1605	2177
989	1606	2178
1004	1615	2179
1005	1616	2180
1056	1656	2183
1069	1289	2184
1080	1292	2186
1083	1287	2199
1076	1285	2201
965	1126	2202
966	1125	2203
1141	1678	2210
1170	1528	2213
1181	1681	2216
1182	1682	2217
1188	1684	2218
1200	1689	2219
1208	1694	2220
1209	1695	2221
1222	1537	2223
1259	1544	2224
1260	1545	2225
1302	1700	2227
182	1309	2185
90	1266	2196
233	1264	2149
225	1318	2228
120	1218	2229
318	1370	2171
136	1416	2154
137	1417	2155
149	1245	2234
18	1101	2235
328	1296	2181
380	1327	2172
381	1328	2173
470	1339	2174
471	1340	2175
333	1376	2176
485	1381	2238
93	1448	2240
229	1461	2190
201	1242	2243
96	1248	2193
97	1249	2194
100	1250	2195
17	1100	2244
49	1510	2204
50	1511	2205
99	1512	2248
789	1486	2249
778	1488	2250
779	1489	2251
762	1496	2214
763	1497	2215
181	1299	2252
226	1538	2253
1263	181	2255
1316	160	2258
1343	356	2261
1344	357	2262
1348	448	2263
1349	449	2264
1370	389	2265
1378	443	2266
1379	444	2267
1380	445	2268
1407	409	2269
1408	410	2270
967	332	2272
1432	441	2273
1433	442	2274
1376	292	2291
964	315	2292
972	339	2293
1442	386	2296
1237	340	2297
1238	341	2298
1239	366	2299
1463	373	2301
1241	385	2302
1472	425	2304
1473	426	2305
1116	289	2306
1480	619	2307
1481	620	2308
1482	682	2309
1483	683	2310
1484	506	2311
1485	751	2312
1490	780	2313
1492	782	2314
1502	648	2315
1504	532	2316
1506	694	2317
1551	834	2254
1270	844	2256
1221	846	2257
857	848	2259
1220	858	2260
1653	943	2271
1575	982	2275
1576	983	2276
1581	992	2279
1582	993	2280
1671	1043	2283
1672	1046	2284
1673	1047	2285
1674	1048	2286
1243	1063	2288
1651	1046	2289
1652	1047	2290
1461	1076	2294
1462	1077	2295
1431	1088	2300
1107	1069	2303
1517	1186	2318
1518	1187	2319
1680	1191	2320
1151	835	2324
239	838	2020
14	869	2325
15	870	2326
147	899	2329
148	900	2330
125	911	2119
126	913	2120
309	906	2332
310	907	2333
354	976	2334
427	980	2335
428	981	2336
429	1049	2337
430	1050	2338
431	1051	2339
327	1100	2340
288	1115	2344
289	1116	2074
334	1119	2345
157	1139	2348
222	1142	2349
220	1144	2351
141	1150	2352
492	1156	2355
548	1173	2358
588	1161	2362
495	1134	2363
618	1178	2365
600	1165	2366
601	1166	2367
661	1203	1899
662	1204	1900
665	1206	2380
585	1179	2382
693	1186	2383
694	1187	2384
720	1191	2385
714	1201	2386
732	1207	2360
103	1219	2389
262	1224	2390
263	1225	2391
377	1227	2392
378	1228	2393
367	1129	2399
371	1246	2400
372	1247	2401
364	1249	2402
365	1250	2403
336	1261	2409
335	1262	2410
233	1266	2411
85	1272	2412
88	1273	2413
130	960	2368
131	961	2369
139	963	2416
206	968	2417
207	969	2418
129	1284	2423
92	1285	2424
39	1289	2427
212	1290	2428
213	1291	2429
121	1113	2370
122	1114	2371
135	1117	1853
144	1118	1854
258	1298	2103
79	849	2104
499	1140	2438
10	1303	2443
640	1305	2444
156	1171	2378
163	836	2055
467	927	2445
468	928	2446
415	867	2448
416	868	2449
421	924	2450
422	925	2451
358	933	2081
118	998	2452
119	999	2453
331	1051	2455
441	1122	2454
476	1125	2346
475	1126	2347
766	1164	2459
816	1168	2460
678	1156	2434
656	1145	2462
655	1146	2463
752	1175	2466
760	1177	2468
628	1161	1898
637	1134	2469
689	1165	2436
690	1166	2437
164	1189	2476
168	1202	2482
185	1203	2483
186	1204	2484
209	1205	2464
281	1214	2486
488	1180	2487
500	1186	2488
501	1187	2489
522	1191	2490
537	1194	2491
538	1195	2492
563	1201	2493
496	1211	2494
497	1212	2495
508	1217	2496
542	1219	2497
609	1226	2498
610	1227	2499
611	1228	2500
624	1237	2501
625	1238	2502
647	920	2504
648	921	2474
649	947	2505
650	948	2506
666	1250	2508
670	1253	2511
671	1254	2512
672	1255	2354
673	1105	2513
674	1106	2514
689	1261	2516
690	1262	2517
540	1266	2518
595	1271	2519
602	1272	2521
603	1273	2522
613	1277	2523
626	1280	2526
627	1281	2527
633	1282	2528
634	1283	2529
638	1286	2530
642	1103	2531
607	1104	2532
679	1296	2537
579	1117	2538
580	1118	2539
692	1140	2540
774	1305	2541
29	824	2017
183	850	2542
53	936	2543
62	937	2544
203	947	2545
172	1071	2068
153	1140	2546
205	1145	2547
202	1146	2548
37	1161	2549
496	1135	2387
497	1136	2388
752	1202	2359
237	1223	2554
250	1269	1809
376	1279	1869
13	1226	2556
170	1306	2559
51	1437	2560
52	1438	2561
41	1452	2562
42	1453	2563
40	1300	2573
942	1376	2577
943	1377	2578
1079	1438	2579
1077	1123	2580
1183	1482	2583
1193	1487	2584
1198	1490	2585
1199	1491	2586
1256	1528	2587
1119	1543	2588
1120	1544	2589
1121	1545	2590
1093	1172	2591
112	820	2054
261	865	2592
433	937	2593
434	936	2029
686	1134	2594
687	1135	2595
688	1136	2596
753	1165	2597
754	1166	2598
676	1154	2432
677	1155	2433
707	1171	2599
757	1153	2600
758	1152	2601
210	1190	2602
211	1207	2465
511	1218	1897
639	1240	2603
681	1297	2555
325	1651	2604
326	1652	2605
360	1400	2606
361	1401	2607
832	1549	2608
833	1550	2609
1089	1665	2610
1090	1666	2611
1091	1400	2612
1092	1401	2613
1124	1669	2614
1240	1541	2617
150	1	1702
109	58	1705
67	2	1703
68	4	1704
142	67	1708
143	68	1709
165	142	1711
166	143	1712
184	30	1713
187	127	1718
188	150	1722
264	188	1724
349	347	1733
439	345	1746
404	139	1748
785	169	1790
790	197	1791
791	198	1792
793	194	1794
794	190	1795
795	191	1796
738	246	1805
739	247	1806
742	250	1809
530	163	1812
812	216	1816
744	254	1817
743	253	1818
813	164	1819
622	251	1834
623	252	1835
659	105	1847
660	106	1848
699	541	1803
703	546	1807
773	662	1900
70	738	1941
71	739	1942
64	744	1953
63	743	1954
169	785	1961
194	793	1969
489	675	1902
541	733	1939
541	699	1960
544	701	1962
545	702	1963
546	703	1964
559	712	1975
562	713	1978
573	529	1984
581	748	1990
582	749	1991
577	760	1995
487	29	2017
532	239	2020
560	65	2022
561	66	2023
612	434	2029
675	287	1749
680	404	2050
691	468	2053
571	109	2061
651	265	2066
652	266	2067
771	653	2095
717	258	2103
594	187	2107
765	245	2108
770	358	2111
510	89	2114
519	43	2115
498	32	2116
593	44	2117
604	125	2119
605	126	2120
815	609	2132
786	190	2087
787	191	2088
797	197	2084
798	198	2085
1624	307	2167
1625	308	2168
1233	318	2171
1591	470	2174
1592	471	2175
1257	333	2176
1216	851	2188
1412	930	2160
1413	931	2161
1422	903	2156
1423	908	2159
1428	939	2163
1448	1056	2183
971	866	2153
1447	1076	2201
1102	1080	2226
1234	1083	2199
1235	1084	2200
1244	1069	2184
1174	1086	2189
1536	835	2147
1304	1080	2186
105	1581	2279
106	1582	2280
285	1651	2289
286	1652	2290
368	1461	2294
369	1431	2300
280	1107	2303
568	1151	2324
847	1316	2258
935	1370	2265
944	1378	2266
945	1379	2267
946	1380	2268
1055	1376	2291
851	1237	2297
1086	1238	2298
1108	1472	2304
1109	1473	2305
1084	1116	2306
1130	1480	2307
1131	1481	2308
1132	1482	2309
1133	1483	2310
1137	1484	2311
1138	1485	2312
1147	1490	2313
1149	1492	2314
879	431	2327
880	432	2328
1101	422	2341
1143	805	2350
1175	752	2359
1211	496	2387
1212	497	2388
1251	668	2404
1252	669	2405
1267	560	1840
1268	561	1841
1280	626	2419
1281	627	2420
1282	633	2421
1283	634	2422
1103	642	2425
1104	607	2141
1288	646	2426
1293	672	2431
1296	679	2435
862	103	2058
954	354	2447
1061	441	2454
825	5	2456
1160	588	2457
1162	495	2458
1185	648	2474
1192	532	2477
1196	693	2478
1197	694	2479
861	166	2520
1275	377	2392
1276	378	2393
1294	325	2534
1295	326	2535
1078	371	2069
1081	380	2071
1082	381	2072
1184	493	2550
1213	592	2364
1230	613	2523
1070	577	1859
1467	1102	2564
1468	1103	2565
1469	1104	2566
1507	1174	2567
1520	1211	2568
1521	1212	2569
1523	1216	2570
1525	1234	2571
1526	1235	2572
1529	879	2574
1530	880	2575
1172	1093	2191
1547	1304	2576
1702	89	1722
1705	28	1717
1703	43	1708
1704	44	1709
1708	43	1711
1709	44	1712
1711	43	2076
1712	44	2025
1713	142	2026
1718	35	2078
1722	89	1724
1724	89	2075
1733	9	2619
1746	203	2620
1748	281	2050
1790	507	2645
1791	523	2646
1792	524	2647
1794	514	2649
1795	512	2650
1796	513	2651
1805	544	2657
1806	545	2658
1809	548	2661
1812	551	2664
1816	558	2667
1817	559	2668
1818	562	2669
1819	563	2670
1834	554	2680
1835	555	2681
1847	569	2690
1848	570	2691
1803	255	2751
1807	248	2753
1900	186	2775
1941	735	2763
1942	736	2764
1953	746	2767
1954	747	2768
1961	700	2789
1969	708	2790
1902	591	2625
1939	745	2656
1960	783	2674
1962	786	2675
1963	787	2676
1964	788	2677
1975	797	2683
1978	798	2686
1984	760	2692
1990	670	2698
1991	671	2699
1995	505	2702
2017	141	1877
2020	177	2477
2022	265	1883
2023	266	1884
2029	53	2805
1749	129	2778
2050	281	2811
2053	73	2812
2061	183	2813
2066	343	2824
2067	344	2825
2095	193	2834
2103	528	2841
2107	489	2842
2108	596	2843
2111	595	2844
2114	236	2121
2115	175	2124
2116	188	2129
2117	176	2130
2119	374	2133
2120	375	2134
2132	359	2853
2087	520	2855
2088	521	2856
2084	516	2858
2085	517	2859
2167	958	2877
2168	959	2878
2171	935	2879
2174	1004	2882
2175	1005	2883
2176	1055	2884
2188	23	2570
2160	114	2907
2161	115	2908
2156	135	2909
2159	144	2910
2163	10	2911
2183	369	2916
2153	20	2236
2201	92	2917
2226	23	2564
2199	49	2571
2200	50	2572
2184	39	2920
2189	24	2567
2147	182	2924
2186	209	2576
2279	1407	2905
2280	1408	2906
2289	1275	2933
2290	1276	2934
2294	1447	2915
2300	1462	2935
2303	1244	2936
2324	1536	2940
2258	854	2868
2265	1288	2873
2266	1467	2874
2267	1468	2875
2268	1469	2876
2291	1230	2885
2297	944	2887
2298	945	2888
2304	1412	2891
2305	1413	2892
2306	1302	2893
2307	1525	2894
2308	1526	2895
2309	1529	2896
2310	1530	2897
2311	1523	2898
2312	1507	2899
2313	1547	2900
2314	1680	2901
2327	46	2574
2328	47	2575
2341	328	2927
2350	223	2247
2359	568	2939
2387	762	2568
2388	763	2569
2404	380	2943
2405	381	2944
1840	225	2926
1841	226	2925
2419	136	2945
2420	137	2946
2421	114	2928
2422	115	2929
2425	24	2565
2141	38	2566
2426	47	2947
2431	196	2948
2435	100	2932
2058	238	2954
2447	485	2955
2454	229	2956
2456	345	2957
2457	764	2962
2458	672	2963
2474	119	2973
2477	177	2975
2478	154	2977
2479	155	2978
2520	593	2991
2392	610	2992
2393	611	2993
2534	676	2997
2535	677	2998
2069	173	3010
2071	224	3012
2072	227	3013
2550	679	3015
2364	764	3019
2523	368	3020
1859	21	2239
2564	23	3025
2565	24	3026
2566	38	3027
2567	24	3028
2568	762	3029
2569	763	3030
2570	23	3031
2571	49	3032
2572	50	3033
2574	46	3034
2575	47	3035
2191	20	2246
2576	209	3036
150	1702	1722
109	1705	1717
67	1703	1708
68	1704	1709
142	1708	1711
143	1709	1712
165	1711	2076
166	1712	2025
184	1713	2026
187	1718	2078
188	1722	1724
264	1724	2075
349	1733	2619
439	1746	2620
404	1748	2050
785	1790	2645
790	1791	2646
791	1792	2647
793	1794	2649
794	1795	2650
795	1796	2651
738	1805	2657
739	1806	2658
742	1809	2661
530	1812	2664
812	1816	2667
744	1817	2668
743	1818	2669
813	1819	2670
622	1834	2680
623	1835	2681
659	1847	2690
660	1848	2691
699	1803	2751
703	1807	2753
773	1900	2775
70	1941	2763
71	1942	2764
64	1953	2767
63	1954	2768
169	1961	2789
194	1969	2790
489	1902	2625
541	1939	2656
541	1960	2674
544	1962	2675
545	1963	2676
546	1964	2677
559	1975	2683
562	1978	2686
573	1984	2692
581	1990	2698
582	1991	2699
577	1995	2702
487	2017	1877
532	2020	2477
560	2022	1883
561	2023	1884
612	2029	2805
675	1749	2778
680	2050	2811
691	2053	2812
571	2061	2813
651	2066	2824
652	2067	2825
771	2095	2834
717	2103	2841
594	2107	2842
765	2108	2843
770	2111	2844
510	2114	2121
519	2115	2124
498	2116	2129
593	2117	2130
604	2119	2133
605	2120	2134
815	2132	2853
786	2087	2855
787	2088	2856
797	2084	2858
798	2085	2859
1624	2167	2877
1625	2168	2878
1233	2171	2879
1591	2174	2882
1592	2175	2883
1257	2176	2884
1216	2188	2570
1412	2160	2907
1413	2161	2908
1422	2156	2909
1423	2159	2910
1428	2163	2911
1448	2183	2916
971	2153	2236
1447	2201	2917
1102	2226	2564
1234	2199	2571
1235	2200	2572
1244	2184	2920
1174	2189	2567
1536	2147	2924
1304	2186	2576
105	2279	2905
106	2280	2906
285	2289	2933
286	2290	2934
368	2294	2915
369	2300	2935
280	2303	2936
568	2324	2940
847	2258	2868
935	2265	2873
944	2266	2874
945	2267	2875
946	2268	2876
1055	2291	2885
851	2297	2887
1086	2298	2888
1108	2304	2891
1109	2305	2892
1084	2306	2893
1130	2307	2894
1131	2308	2895
1132	2309	2896
1133	2310	2897
1137	2311	2898
1138	2312	2899
1147	2313	2900
1149	2314	2901
879	2327	2574
880	2328	2575
1101	2341	2927
1143	2350	2247
1175	2359	2939
1211	2387	2568
1212	2388	2569
1251	2404	2943
1252	2405	2944
1267	1840	2926
1268	1841	2925
1280	2419	2945
1281	2420	2946
1282	2421	2928
1283	2422	2929
1103	2425	2565
1104	2141	2566
1288	2426	2947
1293	2431	2948
1296	2435	2932
862	2058	2954
954	2447	2955
1061	2454	2956
825	2456	2957
1160	2457	2962
1162	2458	2963
1185	2474	2973
1192	2477	2975
1196	2478	2977
1197	2479	2978
861	2520	2991
1275	2392	2992
1276	2393	2993
1294	2534	2997
1295	2535	2998
1078	2069	3010
1081	2071	3012
1082	2072	3013
1184	2550	3015
1213	2364	3019
1230	2523	3020
1070	1859	2239
1467	2564	3025
1468	2565	3026
1469	2566	3027
1507	2567	3028
1520	2568	3029
1521	2569	3030
1523	2570	3031
1525	2571	3032
1526	2572	3033
1529	2574	3034
1530	2575	3035
1172	2191	2246
1547	2576	3036
1	127	1702
2	58	1703
4	59	1704
58	109	1706
59	110	1707
67	142	1710
150	188	1714
110	176	1716
28	183	1717
127	187	1719
187	236	1721
403	72	1734
16	291	1737
543	785	1825
552	793	1833
159	698	1879
169	699	1790
190	701	1795
191	702	1796
194	703	1794
197	712	1791
198	713	1792
177	509	1829
246	738	1830
247	739	1831
253	743	1836
254	744	1837
231	748	1844
232	749	1845
265	651	1883
266	652	1884
258	717	1822
120	750	1897
697	220	1909
721	238	1924
738	70	1946
739	71	1947
743	63	1950
744	64	1951
699	169	1960
703	194	1964
646	201	1986
760	159	1995
775	376	2014
684	498	1906
643	539	1938
806	543	1940
809	552	1949
814	566	1958
785	543	1961
790	549	1966
791	550	1967
793	552	1969
794	556	1972
795	557	1973
813	585	1994
812	591	2001
44	593	2025
142	586	2026
251	622	2032
252	623	2033
31	488	2054
257	506	2055
60	554	2059
61	555	2060
275	673	1728
276	674	1729
404	680	2073
293	684	1756
468	691	2074
89	510	2075
43	519	2076
109	571	2077
35	489	2078
362	615	2049
128	595	2081
197	705	2084
198	706	2085
190	709	2087
191	710	2088
553	742	2104
571	737	2106
597	766	2109
615	768	2110
653	771	2112
188	606	2129
176	599	2130
238	721	2131
374	772	2133
375	773	2134
641	775	2145
866	1265	2153
930	1591	2160
931	1592	2161
1048	1653	2181
828	1463	2185
1087	954	2190
1093	1128	2191
1095	1672	2193
1096	1673	2194
1097	1674	2195
1080	1137	2226
259	1263	2148
298	1343	2169
299	1344	2170
307	1348	2230
308	1349	2231
402	1422	2177
405	1423	2178
360	1282	2179
361	1283	2180
90	1442	2241
757	1517	2220
758	1518	2221
10	1175	2192
1266	233	2254
1416	136	2275
1417	137	2276
1442	90	2283
1505	222	2318
1516	211	2320
1660	971	2273
1661	972	2274
1455	847	2292
1291	1070	2293
1128	1093	2299
1683	1162	2315
1686	1172	2316
1688	1143	2317
7	832	2342
8	833	2343
335	1120	2346
336	1121	2347
503	1141	2356
539	1149	2357
492	1132	2360
493	1133	2361
592	1170	2364
619	1181	2368
620	1182	2369
682	1183	2370
683	1184	2371
506	1188	2373
799	1193	2375
780	1198	2378
781	1199	2348
782	1200	2379
598	1213	2381
291	1124	2396
348	1243	2397
322	1108	2406
323	1109	2407
333	1257	2408
192	1240	2430
99	1256	2434
101	1260	2436
94	1259	2437
432	967	2328
416	1119	2453
642	1138	2425
730	1147	2464
554	1220	1881
555	1221	1882
636	1239	2503
596	1129	2093
668	1251	2509
669	1252	2510
804	1211	2349
805	1212	2350
1211	1520	2581
1212	1521	2582
356	1089	2034
357	1090	2035
495	1185	2594
1128	1432	2615
1129	1433	2616
1265	1504	2618
1236	1502	2573
1702	127	1719
1703	58	1706
1704	59	1707
1706	109	1715
1707	110	1716
1710	142	1713
1714	188	2116
1716	176	2117
1717	183	2061
1719	187	1721
1721	236	2114
1734	72	3037
1737	291	2065
1825	785	3049
1833	793	3051
1879	698	3070
1790	699	3071
1795	701	3072
1796	702	3073
1794	703	3074
1791	712	3077
1792	713	3078
1829	509	3100
1830	738	3101
1831	739	3102
1836	743	3105
1837	744	3106
1844	748	3111
1845	749	3112
1883	651	3126
1884	652	3127
1822	717	3130
1897	750	3146
1909	220	2795
1924	238	3159
1946	70	3055
1947	71	3056
1950	63	3057
1951	64	3058
1960	169	3162
1964	194	3163
1986	201	3169
1995	159	1879
2014	376	3062
1906	498	3067
1938	539	2357
1940	543	3096
1949	552	3104
1958	566	3113
1961	543	3115
1966	549	3117
1967	550	3118
1969	552	3120
1972	556	3123
1973	557	3124
1994	585	3139
2001	591	3144
2025	593	2520
2026	586	2814
2032	622	2815
2033	623	2816
2054	488	1766
2055	506	2373
2059	554	1834
2060	555	1835
1728	673	2718
1729	674	2717
2073	680	3174
1756	684	3157
2074	691	3176
2075	510	2097
2076	519	2100
2077	571	2106
2078	489	2107
2049	615	2110
2081	595	2111
2084	705	2836
2085	706	2837
2087	709	2839
2088	710	2840
2104	742	3161
2106	737	2741
2109	766	3173
2110	768	2772
2112	771	3175
2129	606	2862
2130	599	2863
2131	721	2864
2133	772	2865
2134	773	2866
2145	775	2777
2153	1265	2618
2160	1591	3180
2161	1592	3181
2181	1653	3182
2185	1463	2919
2190	954	2941
2191	1128	2615
2193	1672	3183
2194	1673	3184
2195	1674	3185
2226	1137	2208
2148	1263	3188
2169	1343	3189
2170	1344	3190
2230	1348	3191
2231	1349	3192
2177	1422	3198
2178	1423	3199
2179	1282	3200
2180	1283	3201
2241	1442	3205
2220	1517	3212
2221	1518	3213
2192	1175	3214
2254	233	3177
2275	136	3178
2276	137	3179
2283	90	3186
2318	222	2937
2320	211	3187
2273	971	3196
2274	972	3197
2292	847	3203
2293	1070	3204
2299	1093	3206
2315	1162	3209
2316	1172	3210
2317	1143	3211
2342	832	2958
2343	833	2959
2346	1120	2960
2347	1121	2961
2356	1141	2964
2357	1149	2965
2360	1132	2966
2361	1133	2967
2364	1170	2968
2368	1181	2969
2369	1182	2970
2370	1183	2971
2371	1184	2972
2373	1188	2974
2375	1193	2976
2378	1198	2979
2348	1199	2980
2379	1200	2981
2381	1213	2982
2396	1124	2985
2397	1243	2986
2406	1108	2988
2407	1109	2989
2408	1257	2990
2430	1240	2996
2434	1256	2999
2436	1260	3000
2437	1259	3001
2328	967	2912
2453	1119	3022
2425	1138	2209
2464	1147	2211
1881	1220	3216
1882	1221	3215
2503	1239	2918
2093	1129	2616
2509	1251	3217
2510	1252	3218
2349	1211	2581
2350	1212	2582
2581	1520	3221
2582	1521	3222
2034	1089	2949
2035	1090	2950
2594	1185	2942
2615	1432	2913
2616	1433	2914
2618	1504	2922
2573	1502	2921
89	1702	1719
43	1703	1706
44	1704	1707
43	1706	1715
44	1707	1716
30	1710	1713
32	1714	2116
44	1716	2117
109	1717	2061
89	1719	1721
89	1721	2114
467	1734	3037
123	1737	2065
243	1825	3049
249	1833	3051
505	1879	3070
507	1790	3071
512	1795	3072
513	1796	3073
514	1794	3074
523	1791	3077
524	1792	3078
547	1829	3100
549	1830	3101
550	1831	3102
556	1836	3105
557	1837	3106
564	1844	3111
565	1845	3112
560	1883	3126
561	1884	3127
566	1822	3130
511	1897	3146
756	1909	2795
784	1924	3159
807	1946	3055
808	1947	3056
810	1950	3057
811	1951	3058
783	1960	3162
788	1964	3163
666	1986	3169
505	1995	1879
818	2014	3062
582	1906	3067
732	1938	2357
734	1940	3096
741	1949	3104
750	1958	3113
700	1961	3115
705	1966	3117
706	1967	3118
708	1969	3120
709	1972	3123
710	1973	3124
759	1994	3139
635	2001	3144
166	2025	2520
184	2026	2814
345	2032	2815
346	2033	2816
112	2054	1766
163	2055	2373
251	2059	1834
252	2060	1835
48	1728	2718
45	1729	2717
73	2073	3174
132	1756	3157
289	2074	3176
264	2075	2097
165	2076	2100
175	2077	2106
187	2078	2107
37	2049	2110
358	2081	2111
516	2084	2836
517	2085	2837
520	2087	2839
521	2088	2840
79	2104	3161
175	2106	2741
244	2109	3173
37	2110	2772
359	2112	3175
498	2129	2862
593	2130	2863
607	2131	2864
604	2133	2865
605	2134	2866
202	2145	2777
20	2153	2618
114	2160	3180
115	2161	3181
328	2181	3182
182	2185	2919
229	2190	2941
20	2191	2615
96	2193	3183
97	2194	3184
100	2195	3185
23	2226	2208
841	2148	3188
897	2169	3189
898	2170	3190
904	2230	3191
905	2231	3192
988	2177	3198
989	2178	3199
1004	2179	3200
1005	2180	3201
856	2241	3205
1208	2220	3212
1209	2221	3213
1094	2192	3214
1551	2254	3177
1575	2275	3178
1576	2276	3179
1671	2283	3186
1517	2318	2937
1680	2320	3187
1432	2273	3196
1433	2274	3197
964	2292	3203
972	2293	3204
1239	2299	3206
1502	2315	3209
1504	2316	3210
1506	2317	3211
343	2342	2958
344	2343	2959
476	2346	2960
475	2347	2961
696	2356	2964
732	2357	2965
732	2360	2966
646	2361	2967
764	2364	2968
130	2368	2969
131	2369	2970
121	2370	2971
122	2371	2972
163	2373	2974
228	2375	2976
156	2378	2979
157	2348	2980
158	2379	2981
189	2381	2982
581	2396	2985
531	2397	2986
589	2406	2988
590	2407	2989
685	2408	2990
663	2430	2996
678	2434	2999
689	2436	3000
690	2437	3001
47	2328	2912
119	2453	3022
24	2425	2209
209	2464	2211
212	1881	3216
213	1882	3215
221	2503	2918
21	2093	2616
135	2509	3217
144	2510	3218
222	2349	2581
223	2350	2582
222	2581	3221
223	2582	3222
161	2034	2949
162	2035	2950
686	2594	2942
20	2615	2913
21	2616	2914
20	2618	2922
40	2573	2921
