8.5632606e-05
0.085824661
0.17232555
0.25767316
0.34032814
0.41872119
0.49127777
0.55645277
0.61277422
0.65889317
0.69363437
0.71604149
0.72541057
0.72130806
0.7035723
0.67230078
0.62782728
0.57069342
0.5022062
0.42411523
0.33737425
0.24386114
0.14640525
0.044382127
-0.061149748
-0.16922772
-0.27877448
-0.38852665
-0.49692459
-0.60189243
-0.70038554
-0.7870475
-0.85023195
-0.87777857
-0.87847949
-0.8639975
-0.84179008
-0.81650968
-0.78701206
-0.74740224
-0.69817383
-0.64766317
-0.60165667
-0.56339817
-0.53389463
-0.51369951
-0.50315986
-0.50246128
-0.51163333
-0.53051514
-0.55850426
-0.59232184
-0.62623074
-0.66478683
-0.71140643
-0.76604864
-0.82809042
-0.89667156
-0.97069497
-1.0486619
-1.1287173
-1.2081587
-1.2836739
-1.3525293
-1.3957482
-1.4046858
-1.4007711
-1.3963921
-1.3930983
-1.3918714
-1.3934116
-1.3982006
-1.4065114
-1.4183215
-1.4330521
-1.4493314
-1.4663031
-1.486101
-1.5086267
-1.5322478
-1.5553228
-1.5783029
-1.6028512
-1.6300488
-1.6603706
-1.6939817
-1.7308547
-1.7708127
-1.8135386
-1.858571
-1.9052855
-1.9528508
-2.000124
-2.0453709
-2.0852684
-2.1097427
-2.0985596
-2.0715393
-2.041832
-2.0117995
-1.9824208
-1.9541422
-1.9277583
-1.9041176
-1.8837878
-1.8672425
-1.8548697
-1.8466795
-1.841778
-1.8396368
-1.8415809
-1.8478282
-1.8559626
-1.8655774
-1.879246
-1.8978982
-1.9214647
-1.9496429
-1.9819953
-2.0179487
-2.0567594
-2.0974443
-2.1386771
-2.1786854
-2.2152973
-2.2462767
-2.2696722
-2.2839772
-2.2886547
-2.2848649
-2.2754204
-2.2632216
-2.2503694
-2.2382579
-2.2277974
-2.2195811
-2.2139848
-2.2112212
-2.2113317
-2.2131344
-2.2170507
-2.2236209
-2.2327039
-2.2445938
-2.2589794
-2.2743373
-2.2900992
-2.3077556
-2.3278379
-2.3502542
-2.374707
-2.400776
-2.4279175
-2.4554294
-2.4823829
-2.5072207
-2.5224649
-2.5289188
-2.5273
-2.5159546
-2.4972346
-2.4747115
-2.4506957
-2.4265617
-2.403235
-2.3813874
-2.361495
-2.3438464
-2.3285731
-2.3157624
-2.3055964
-2.298407
-2.2945135
-2.2941233
-2.297297
-2.3038095
-2.3122841
-2.3223213
-2.3351518
-2.3511148
-2.3700609
-2.3917051
-2.415681
-2.4415448
-2.4687644
-2.4966986
-2.5245516
-2.5512259
-2.5746536
-2.5899311
-2.5939594
-2.5899077
-2.582048
-2.5729216
-2.5633984
-2.5537394
-2.5450427
-2.5376231
-2.5314867
-2.5263432
-2.5222449
-2.5195838
-2.5183522
-2.5179543
-2.5190994
-2.5224079
-2.5280003
-2.5358636
-2.5459198
-2.5580412
-2.5720522
-2.5877258
-2.6047759
-2.6228526
-2.6415488
-2.6604001
-2.6788383
-2.6960969
-2.7111022
-2.7224096
-2.7283928
-2.7279322
-2.7210541
-2.7091477
-2.6940648
-2.6774805
-2.6605562
-2.6436944
-2.626984
-2.6114745
-2.5977245
-2.5860173
-2.5765054
-2.5676032
-2.5605576
-2.5560822
-2.553055
-2.5513253
-2.5522657
-2.5558614
-2.5620493
-2.5707307
-2.5817711
-2.5949985
-2.6101984
-2.6271043
-2.6453788
-2.6645755
-2.6840561
-2.7027964
-2.7189018
-2.7290465
-2.7312063
-2.7267105
-2.7186291
-2.7089514
-2.6987784
-2.6888172
-2.6795308
-2.6712273
-2.6641131
-2.6583202
-2.6539203
-2.6509479
-2.6494377
-2.6494326
-2.6509267
-2.6537644
-2.6575835
-2.662232
-2.6677438
-2.6742123
-2.6819298
-2.6910128
-2.7014199
-2.7130345
-2.7256898
-2.7391681
-2.7531795
-2.7673093
-2.7809318
-2.7932748
-2.8037175
-2.8099711
-2.8085218
-2.8022903
-2.7938298
-2.7844951
-2.7739832
-2.763829
-2.7531839
-2.7425132
-2.7320492
-2.7221355
-2.7134487
-2.706246
-2.7006681
-2.6968005
-2.6946904
-2.6934684
-2.6933084
-2.6944385
-2.6963178
-2.6998302
-2.7049157
-2.7114606
-2.7193482
-2.7284488
-2.7385883
-2.7495149
-2.7608376
-2.7718173
-2.7811153
-2.7882516
-2.7930384
-2.7944274
-2.7921456
-2.7878519
-2.7829242
-2.7780017
-2.7732409
-2.7681306
-2.7633955
-2.7594993
-2.7565685
-2.7546479
-2.7537009
-2.753526
-2.7538199
-2.7545322
-2.7556608
-2.7574411
-2.7601086
-2.7637438
-2.7683404
-2.7738427
-2.7801652
-2.7872287
-2.7949855
-2.8033872
-2.8123502
-2.8217457
-2.831381
-2.8409318
-2.8497065
-2.8559537
-2.8564905
-2.8514213
-2.8432638
-2.833869
-2.8243957
-2.8153138
-2.8067218
-2.7986759
-2.7914737
-2.7852212
-2.7799637
-2.7757102
-2.772447
-2.7701702
-2.7688882
-2.7685996
-2.7693222
-2.7710822
-2.7733909
-2.7748686
-2.7772407
-2.7806898
-2.7851808
-2.7906504
-2.797016
-2.8041754
-2.8120025
-2.820335
-2.8289349
-2.8367384
-2.8420525
-2.8445296
-2.8441957
-2.8419008
-2.8382856
-2.8334169
-2.8280786
-2.8226576
-2.817642
-2.8131749
-2.8093552
-2.8062512
-2.8039093
-2.8023582
-2.8016121
-2.8016725
-2.8025295
-2.8041632
-2.8065445
-2.8096344
-2.8133841
-2.8177316
-2.8225956
-2.8278557
-2.8333176
-2.8387949
-2.8442356
-2.8495886
-2.8548079
-2.8597929
-2.8643223
-2.8680108
-2.8702938
-2.8707119
-2.8686628
-2.8645797
-2.859796
-2.8548084
-2.8498816
-2.84519
-2.8408562
-2.8369607
-2.8335287
-2.8305581
-2.828119
-2.8262413
-2.8248999
-2.8241585
-2.8240756
-2.8246319
-2.8257362
-2.8272885
-2.829269
-2.8315816
-2.8341127
-2.8370006
-2.8403179
-2.8440188
-2.8480064
-2.8521481
-2.8562753
-2.8601781
-2.8635906
-2.8661861
-2.8675191
-2.8665093
-2.8633537
-2.8594175
-2.8553489
-2.8514241
-2.8477843
-2.84452
-2.8416926
-2.8393315
-2.837292
-2.8355185
-2.834214
-2.8331289
-2.8324282
-2.8322571
-2.8326215
-2.8335135
-2.8349183
-2.8368148
-2.8391759
-2.8419692
-2.8451561
-2.8486918
-2.8525245
-2.8565933
-2.8608237
-2.8651189
-2.8693348
-2.8730609
-2.8753342
-2.8755992
-2.8739831
-2.8717194
-2.869009
-2.8660526
-2.8630202
-2.8600485
-2.8572473
-2.8547049
-2.8524915
-2.8506619
-2.8492541
-2.8481033
-2.8473138
-2.8470084
-2.8471781
-2.8477925
-2.8487966
-2.8501195
-2.8517075
-2.8535517
-2.8556779
-2.8581136
-2.8608664
-2.8639187
-2.8672277
-2.8707172
-2.8742323
-2.8774335
-2.8801278
-2.8820887
-2.8828691
-2.8819068
-2.8798165
-2.877161
-2.874234
-2.8712466
-2.8683459
-2.8656335
-2.8631806
-2.8610378
-2.8592416
-2.8578178
-2.8567837
-2.8561496
-2.8559194
-2.8560912
-2.8566577
-2.8576063
-2.8589193
-2.8605741
-2.8625426
-2.864791
-2.8672793
-2.8699582
-2.8727634
-2.8756001
-2.8783475
-2.8809475
-2.8833772
-2.8855719
-2.8874193
-2.8887412
-2.889273
-2.8888378
-2.8875741
-2.885767
-2.8836696
-2.8814615
-2.8792663
-2.8771709
-2.8752374
-2.8735099
-2.8720158
-2.8707658
-2.8697714
-2.869059
-2.8686364
-2.8684754
-2.8685577
-2.8688866
-2.8694206
-2.8700725
-2.8709025
-2.8719886
-2.8733313
-2.8749065
-2.8766792
-2.8786044
-2.8806259
-2.8826714
-2.8846421
-2.886392
-2.8877091
-2.8884007
-2.8884564
-2.8878242
-2.8864241
-2.8845881
-2.8826758
-2.8808387
-2.8791448
-2.8776297
-2.8763081
-2.8751742
-2.8742057
-2.8733905
-2.8727507
-2.8723209
-2.8721264
-2.8721801
-2.8724858
-2.8730409
-2.8738381
-2.874866
-2.8761097
-2.877551
-2.8791681
-2.8809356
-2.8828232
-2.8847943
-2.8868015
-2.8887742
-2.8905822
-2.8919802
-2.8927005
-2.892412
-2.8913681
-2.8901216
-2.8887907
-2.8874413
-2.8861228
-2.8848764
-2.8837372
-2.8827354
-2.8818959
-2.8812385
-2.8807763
-2.8804037
-2.8801984
-2.8802085
-2.8804266
-2.8808379
-2.881423
-2.8821633
-2.883045
-2.8840572
-2.8851908
-2.8864433
-2.8878123
-2.8892857
-2.8908357
-2.8923978
-2.893784
-2.8949265
-2.8958471
-2.8963705
-2.896398
-2.8960035
-2.8951446
-2.8938494
-2.8923751
-2.8908992
-2.889504
-2.8882335
-2.8871146
-2.886165
-2.8853966
-2.884817
-2.88443
-2.8842363
-2.8842329
-2.8844093
-2.8847275
-2.8851251
-2.8856446
-2.8863089
-2.8871098
-2.888031
-2.889052
-2.8901483
-2.8912902
-2.8924385
-2.8935335
-2.8944654
-2.8951021
-2.8954672
-2.8956392
-2.895628
-2.8954015
-2.8949431
-2.8943136
-2.8935866
-2.8928131
-2.8920318
-2.8912755
-2.8905721
-2.8899457
-2.889416
-2.8889986
-2.888706
-2.8885472
-2.8885286
-2.8886535
-2.8889213
-2.8893229
-2.8898211
-2.8903862
-2.8910351
-2.8917416
-2.8924406
-2.8931943
-2.8940142
-2.8948388
-2.8956996
-2.8965619
-2.8973831
-2.8981214
-2.8986797
-2.8989175
-2.8989222
-2.8984128
-2.8977398
-2.8970162
-2.8962601
-2.8954925
-2.8947443
-2.8940466
-2.8934231
-2.8928898
-2.8924562
-2.8921274
-2.8919047
-2.8917875
-2.8917725
-2.8918542
-2.8920255
-2.8922797
-2.8926131
-2.8930212
-2.893489
-2.8940019
-2.8945687
-2.8951919
-2.8958639
-2.8965716
-2.8972982
-2.8980223
-2.8987146
-2.8993281
-2.899771
-2.8999252
-2.8998085
-2.8994207
-2.8987918
-2.8981419
-2.8975075
-2.8969059
-2.8963508
-2.8958538
-2.8954252
-2.8950739
-2.8948077
-2.8946327
-2.8945537
-2.8945737
-2.8946938
-2.8949131
-2.8952285
-2.895634
-2.896121
-2.8966781
-2.897292
-2.8979498
-2.8986408
-2.8993556
-2.9000783
-2.9007463
-2.9012666
-2.9016182
-2.9018386
-2.9019357
-2.9019051
-2.9017396
-2.9014662
-2.9011237
-2.9006817
-2.900086
-2.8994897
-2.8989235
-2.8984049
-2.8979472
-2.8975603
-2.8972514
-2.8970253
-2.8968847
-2.8968305
-2.896862
-2.8969768
-2.8971713
-2.8974402
-2.8977766
-2.8981695
-2.8985852
-2.8989909
-2.8994183
-2.8998688
-2.9003325
-2.9007964
-2.9012458
-2.9016648
-2.9020362
-2.9023432
-2.9025666
-2.9026407
-2.9025108
-2.9022914
-2.9020263
-2.9017381
-2.9014426
-2.9011523
-2.9008779
-2.9006285
-2.9004123
-2.9002367
-2.900108
-2.9000316
-2.9000121
-2.9000531
-2.9001572
-2.9003255
-2.9005575
-2.9008514
-2.9012031
-2.9016066
-2.9020511
-2.9025034
-2.9029459
-2.9034009
-2.9038577
-2.9042328
-2.9043986
-2.9044629
-2.9044478
-2.9043633
-2.904212
-2.903999
-2.9037263
-2.9034035
-2.9030505
-2.9026889
-2.9023348
-2.9019994
-2.90169
-2.9014116
-2.9011684
-2.9009633
-2.9007991
-2.9006776
-2.9006004
-2.9005683
-2.9005815
-2.9006394
-2.9007411
-2.9008849
-2.9010685
-2.9012887
-2.9015408
-2.9018089
-2.9020403
-2.9022687
-2.902506
-2.9027453
-2.9029754
-2.903179
-2.9033263
-2.9033792
-2.9033293
-2.9032
-2.9030178
-2.9028046
-2.9025778
-2.9023516
-2.9021379
-2.9019467
-2.9017862
-2.9016634
-2.9015837
-2.9015517
-2.9015706
-2.9016428
-2.9017694
-2.9019508
-2.9021862
-2.9024738
-2.9028107
-2.9031923
-2.9036122
-2.9040609
-2.9045236
-2.9049808
-2.9054191
-2.9058342
-2.9062144
-2.9065139
-2.9067201
-2.9068654
-2.9068807
-2.9068158
-2.9066807
-2.9064807
-2.9062423
-2.9059311
-2.9055924
-2.9052655
-2.9049582
-2.9046764
-2.9044246
-2.9042066
-2.9040249
-2.9038815
-2.9037776
-2.9037135
-2.9036889
-2.9037026
-2.9037526
-2.9038352
-2.9039262
-2.9040036
-2.9041023
-2.9042228
-2.9043616
-2.9045143
-2.9046758
-2.9048407
-2.9050027
-2.9051547
-2.905289
-2.9053959
-2.9054588
-2.9054651
-2.9054344
-2.9053866
-2.905328
-2.90526
-2.9051893
-2.905126
-2.9050778
-2.90505
-2.905046
-2.9050683
-2.9051186
-2.9051981
-2.9053076
-2.9054471
-2.9056165
-2.9058153
-2.9060425
-2.906297
-2.9065772
-2.9068809
-2.9072054
-2.9075468
-2.9078995
-2.9082544
-2.9085884
-2.9088762
-2.9091001
-2.9092021
-2.9091999
-2.9091284
-2.9090055
-2.9087578
-2.9084866
-2.9082097
-2.9078798
-2.9075598
-2.9072548
-2.9069676
-2.9067002
-2.9064541
-2.9062303
-2.9060298
-2.9058531
-2.9057004
-2.9055721
-2.9054684
-2.9053891
-2.9053342
-2.9053031
-2.9052949
-2.9053081
-2.9053387
-2.9053673
-2.9053975
-2.9054405
-2.9054954
-2.9055597
-2.9056311
-2.9057069
-2.9057844
-2.9058591
-2.9059072
-2.9059086
-2.9059017
-2.9058942
-2.9058883
-2.9058861
-2.9058899
-2.9059021
-2.9059251
-2.9059617
-2.9060146
-2.9060864
-2.9061794
-2.9062956
-2.9064363
-2.9066025
-2.9067945
-2.9070122
-2.9072552
-2.9075224
-2.9078125
-2.9081236
-2.9084535
-2.9087991
-2.9091568
-2.909521
-2.909881
-2.910211
-2.9104831
-2.9106927
-2.9108646
-2.9108977
-2.910749
-2.9105817
-2.9104044
-2.9102231
-2.91004
-2.9097847
-2.9095296
-2.9092879
-2.9090617
-2.9088527
-2.9086622
-2.9084911
-2.9083346
-2.9081876
-2.9080607
-2.9079535
-2.907858
-2.9077599
-2.9076781
-2.9076142
-2.9075672
-2.907536
-2.9075191
-2.9075153
-2.9075228
-2.90754
-2.9075651
-2.9075959
-2.9076294
-2.9076537
-2.9076394
-2.9076142
-2.9075879
-2.9075622
-2.9075392
-2.9075208
-2.9075092
-2.9075064
-2.907514
-2.9075335
-2.9075658
-2.9076117
-2.9076719
-2.9077472
-2.9078385
-2.9079467
-2.9080726
-2.9082165
-2.9083786
-2.9085587
-2.9087563
-2.9089707
-2.9092008
-2.9094454
-2.9097031
-2.9099723
-2.9102507
-2.9105359
-2.9108227
-2.9110953
-2.9113404
-2.9115524
-2.9116986
-2.9117375
-2.9117195
-2.9116179
-2.9114453
-2.9112656
-2.9110386
-2.9108166
-2.9106018
-2.9103821
-2.9101691
-2.9099682
-2.9097799
-2.9096014
-2.9094273
-2.9092664
-2.9091197
-2.9089872
-2.9088688
-2.9087641
-2.9086725
-2.9085935
-2.9085264
-2.9084703
-2.9084243
-2.9083876
-2.908359
-2.9083376
-2.9083222
-2.9083115
-2.9083043
-2.908299
-2.9082941
-2.9082883
-2.9082808
-2.9082714
-2.9082616
-2.9082545
-2.9082536
-2.9082613
-2.9082794
-2.9083092
-2.9083518
-2.908408
-2.9084783
-2.9085631
-2.9086625
-2.9087766
-2.9089051
-2.9090475
-2.9092032
-2.9093711
-2.9095503
-2.9097399
-2.9099391
-2.910147
-2.9103626
-2.9105842
-2.9108054
-2.9110023
-2.9111859
-2.9113682
-2.9115477
-2.9117199
-2.9118658
-2.9119683
-2.9120248
-2.9119993
-2.9119202
-2.911826
-2.9116877
-2.9115464
-2.9113939
-2.9112416
-2.9110951
-2.9109557
-2.910824
-2.9106948
-2.9105613
-2.9104365
-2.9103212
-2.9102154
-2.910119
-2.9100319
-2.9099539
-2.9098847
-2.9098239
-2.9097709
-2.909725
-2.9096853
-2.9096497
-2.9096131
-2.9095674
-2.9095148
-2.9094612
-2.909409
-2.9093598
-2.9093152
-2.9092763
-2.9092443
-2.9092199
-2.9092038
-2.9091965
-2.9091987
-2.9092105
-2.9092325
-2.9092646
-2.9093072
-2.9093602
-2.9094231
-2.9094838
-2.9095512
-2.9096287
-2.9097162
-2.9098132
-2.9099193
-2.9100338
-2.9101561
-2.9102854
-2.9104208
-2.9105613
-2.9107057
-2.9108532
-2.9110023
-2.9111519
-2.9113003
-2.9114454
-2.9115844
-2.9117134
-2.9118273
-2.9119211
-2.9119901
-2.9120319
-2.9120518
-2.9120429
-2.911985
-2.9118978
-2.9118038
-2.9117031
-2.9115999
-2.911499
-2.9114026
-2.9113065
-2.9112024
-2.9111039
-2.9110112
-2.9109241
-2.9108424
-2.9107654
-2.9106926
-2.9106232
-2.9105563
-2.910491
-2.9104265
-2.9103621
-2.9102973
-2.9102326
-2.9101684
-2.9101053
-2.9100441
-2.9099855
-2.9099303
-2.9098797
-2.9098344
-2.9097953
-2.9097632
-2.9097388
-2.9097226
-2.9097151
-2.9097165
-2.9097185
-2.9097224
-2.9097356
-2.9097582
-2.9097901
-2.9098311
-2.9098809
-2.9099391
-2.9100053
-2.9100791
-2.9101597
-2.9102467
-2.9103394
-2.9104372
-2.9105396
-2.9106461
-2.9107561
-2.910869
-2.9109845
-2.9111019
-2.9112206
-2.9113397
-2.9114584
-2.9115751
-2.9116877
-2.9117939
-2.911892
-2.9119806
-2.912043
-2.9120481
-2.9120385
-2.9120138
-2.9119844
-2.9119379
-2.9118725
-2.9118036
-2.911735
-2.9116677
-2.9116024
-2.9115396
-2.9114796
-2.9114225
-2.9113683
-2.9113168
-2.9112675
-2.911219
-2.9111627
-2.9110968
-2.9110301
-2.9109644
-2.9109008
-2.9108398
-2.9107819
-2.9107275
-2.9106773
-2.9106317
-2.9105914
-2.9105568
-2.9105281
-2.9105056
-2.9104893
-2.9104754
-2.9104538
-2.9104383
-2.910429
-2.9104261
-2.9104298
-2.9104401
-2.9104571
-2.9104805
-2.9105104
-2.9105464
-2.9105884
-2.910636
-2.9106891
-2.9107473
-2.9108102
-2.9108775
-2.9109489
-2.9110239
-2.9111021
-2.9111831
-2.9112665
-2.9113518
-2.9114386
-2.9115264
-2.9116148
-2.9117031
-2.9117908
-2.9118772
-2.9119612
-2.9120412
-2.9121073
-2.9121455
-2.9121644
-2.9121504
-2.9121232
-2.912086
-2.9120404
-2.9119888
-2.911934
-2.9118696
-2.9118055
-2.9117431
-2.9116826
-2.9116243
-2.9115683
-2.9115146
-2.911463
-2.9114134
-2.9113655
-2.9113189
-2.9112738
-2.9112301
-2.911187
-2.9111401
-2.9110946
-2.9110519
-2.9110125
-2.910977
-2.910946
-2.9109199
-2.9108991
-2.9108838
-2.9108741
-2.9108699
-2.9108619
-2.9108542
-2.9108503
-2.9108482
-2.910848
-2.9108516
-2.91086
-2.9108732
-2.9108912
-2.910914
-2.9109412
-2.9109726
-2.9110081
-2.9110474
-2.9110903
-2.9111365
-2.9111859
-2.9112382
-2.9112934
-2.9113511
-2.9114113
-2.9114737
-2.9115383
-2.911605
-2.9116734
-2.9117436
-2.9118153
-2.9118882
-2.9119619
-2.9120289
-2.912071
-2.912101
-2.912125
-2.9121398
-2.9121446
-2.9121363
-2.9121175
-2.9120939
-2.9120679
-2.9120401
-2.9120105
-2.9119717
-2.9119304
-2.9118886
-2.911847
-2.9118058
-2.9117656
-2.9117264
-2.9116887
-2.9116529
-2.9116191
-2.9115878
-2.9115592
-2.9115336
-2.9115112
-2.9114923
-2.9114769
-2.9114652
-2.9114573
-2.9114529
-2.9114519
-2.9114536
-2.9114576
-2.9114625
-2.9114679
-2.9114752
-2.9114806
-2.9114828
-2.9114862
-2.9114861
-2.911486
-2.9114888
-2.911495
-2.9115046
-2.9115174
-2.9115332
-2.911552
-2.9115735
-2.9115974
-2.9116236
-2.911652
-2.9116824
-2.9117146
-2.9117485
-2.9117842
-2.9118214
-2.9118602
-2.9119004
-2.9119418
-2.9119846
-2.9120283
-2.912073
-2.9121169
-2.9121297
-2.9121426
-2.9121557
-2.9121687
-2.9121811
-2.9121918
-2.9121984
-2.9121947
-2.9121787
-2.9121563
-2.9121304
-2.9121023
-2.9120728
-2.9120352
-2.9119976
-2.911961
-2.9119257
-2.911892
-2.91186
-2.9118301
-2.9118022
-2.9117766
-2.9117534
-2.9117327
-2.9117147
-2.9116995
-2.9116872
-2.9116779
-2.9116716
-2.9116685
-2.9116684
-2.9116715
-2.9116777
-2.911687
-2.9116992
-2.9117142
-2.9117319
-2.911752
-2.9117742
-2.9117978
-2.9118167
-2.9118301
-2.9118446
-2.9118562
-2.9118648
-2.9118748
-2.911886
-2.9118981
-2.9119101
-2.911922
-2.9119352
-2.9119501
-2.9119666
-2.9119846
-2.9120041
-2.9120251
-2.9120474
-2.912071
-2.912096
-2.9121226
-2.9121505
-2.91218
-2.9122082
-2.9122138
-2.9122196
-2.9122268
-2.9122354
-2.9122451
-2.9122558
-2.9122672
-2.9122782
-2.9122853
-2.9122737
-2.9122521
-2.9122314
-2.912212
-2.9121917
-2.9121679
-2.9121454
-2.9121172
-2.9120875
-2.9120598
-2.9120341
-2.9120104
-2.9119885
-2.9119678
-2.9119488
-2.911932
-2.9119178
-2.9119063
-2.9118976
-2.9118916
-2.9118885
-2.9118884
-2.9118911
-2.9118968
-2.9119054
-2.9119168
-2.9119311
-2.9119481
-2.9119678
-2.9119899
-2.9120142
-2.9120403
-2.9120676
-2.9120924
-2.9121085
-2.9121247
-2.9121421
-2.9121607
-2.9121807
-2.9122013
-2.9122219
-2.9122424
-2.9122565
-2.9122718
-2.9122885
-2.9123064
-2.9123252
-2.9123441
-2.9123565
-2.9123682
-2.9123804
-2.9123934
-2.9124074
-2.9124224
-2.9124358
-2.9124382
-2.912434
-2.9124306
-2.9124279
-2.9124259
-2.9124244
-2.912423
-2.9124213
-2.9124181
-2.9124109
-2.9123974
-2.9123786
-2.9123506
-2.9123216
-2.9122931
-2.9122656
-2.9122393
-2.9122145
-2.9121909
-2.9121682
-2.9121457
-2.912124
-2.9121037
-2.9120854
-2.912069
-2.9120548
-2.9120427
-2.912033
-2.9120256
-2.9120206
-2.9120182
-2.9120183
-2.912021
-2.9120262
-2.912034
-2.9120443
-2.9120571
-2.9120724
-2.91209
-2.9121099
-2.912132
-2.9121561
-2.9121819
-2.9122088
-2.9122306
-2.9122474
-2.9122645
-2.9122825
-2.9123019
-2.9123227
-2.9123451
-2.9123689
-2.9123941
-2.9124204
-2.9124468
-2.9124722
-2.9124971
-2.9125153
-2.9125344
-2.9125534
-2.9125613
-2.9125676
-2.9125749
-2.9125831
-2.9125844
-2.9125829
-2.9125767
-2.9125702
-2.9125642
-2.9125587
-2.9125536
-2.9125491
-2.9125452
-2.9125383
-2.9125226
-2.9124958
-2.9124676
-2.9124403
-2.9124143
-2.9123897
-2.9123664
-2.9123443
-2.912323
-2.9123025
-2.9122828
-2.9122643
-2.9122471
-2.912231
-2.9122164
-2.9122037
-2.9121931
-2.9121847
-2.9121784
-2.9121744
-2.9121727
-2.9121733
-2.9121762
-2.9121813
-2.9121887
-2.9121983
-2.9122101
-2.912224
-2.9122401
-2.9122582
-2.9122782
-2.9123002
-2.912324
-2.9123496
-2.9123767
-2.9124054
-2.9124354
-2.9124665
-2.9124918
-2.9125162
-2.9125407
-2.9125651
-2.9125894
-2.9126137
-2.9126381
-2.9126626
-2.9126871
-2.9127117
-2.9127363
-2.9127609
-2.9127855
-2.9127977
-2.9128003
-2.9128022
-2.9128044
-2.9128049
-2.912798
-2.91279
-2.9127763
-2.9127623
-2.9127474
-2.9127284
-2.9127099
-2.9126915
-2.9126723
-2.9126497
-2.9126222
-2.9125928
-2.9125637
-2.9125355
-2.9125085
-2.912483
-2.9124589
-2.9124362
-2.9124145
-2.9123938
-2.9123745
-2.9123558
-2.9123382
-2.9123224
-2.9123086
-2.9122968
-2.9122871
-2.9122796
-2.9122742
-2.9122709
-2.9122697
-2.9122707
-2.9122739
-2.9122791
-2.9122865
-2.9122958
-2.9123073
-2.9123206
-2.912336
-2.9123532
-2.9123722
-2.9123931
-2.9124156
-2.9124397
-2.9124654
-2.9124925
-2.912521
-2.9125508
-2.9125816
-2.9126135
-2.9126463
-2.9126797
-2.9127115
-2.9127402
-2.912769
-2.9127978
-2.9128258
-2.9128481
-2.9128703
-2.9128924
-2.9129067
-2.9129193
-2.9129263
-2.9129266
-2.9129266
-2.9129238
-2.9129095
-2.9128905
-2.9128719
-2.9128538
-2.9128364
-2.9128196
-2.9128034
-2.912784
-2.9127565
-2.9127292
-2.9127029
-2.9126775
-2.9126524
-2.9126275
-2.9126036
-2.9125808
-2.9125592
-2.9125389
-2.91252
-2.9125026
-2.9124868
-2.9124726
-2.9124602
-2.9124495
-2.9124405
-2.9124333
-2.9124279
-2.9124244
-2.9124226
-2.9124226
-2.9124245
-2.9124281
-2.9124335
-2.9124406
-2.9124495
-2.91246
-2.9124722
-2.9124859
-2.9125013
-2.9125182
-2.9125365
-2.9125563
-2.9125774
-2.9125999
-2.9126235
-2.9126484
-2.9126743
-2.9127013
-2.9127292
-2.9127579
-2.9127874
-2.9128176
-2.9128484
-2.9128794
-2.9129107
-2.9129416
-2.9129715
-2.9129988
-2.9130226
-2.9130358
-2.9130443
-2.9130518
-2.9130532
-2.9130472
-2.9130382
-2.9130277
-2.9130088
-2.9129884
-2.9129682
-2.9129483
-2.9129287
-2.912904
-2.9128751
-2.9128463
-2.9128181
-2.9127909
-2.9127647
-2.9127395
-2.9127156
-2.9126928
-2.9126713
-2.9126511
-2.9126323
-2.9126141
-2.912597
-2.9125814
-2.9125673
-2.9125548
-2.9125438
-2.9125345
-2.9125267
-2.9125205
-2.9125159
-2.912513
