1.68316453e+00
1.07112443e+00
6.84634834e-01
5.64697857e-01
4.96283601e-01
4.38038862e-01
3.93469287e-01
3.61676781e-01
3.32621723e-01
3.05979408e-01
2.81740875e-01
2.59666247e-01
2.39429927e-01
2.20762171e-01
2.03511791e-01
1.87614509e-01
1.73019451e-01
1.59640958e-01
1.47359773e-01
1.36053466e-01
1.25623591e-01
1.16001731e-01
1.07137442e-01
9.89821968e-02
9.14812001e-02
8.45756261e-02
7.82099097e-02
7.23371267e-02
6.69191824e-02
6.19232229e-02
5.73178174e-02
5.30714460e-02
4.91534175e-02
4.55356409e-02
4.21936244e-02
3.91061438e-02
3.62541142e-02
3.36195654e-02
3.11852635e-02
2.89349230e-02
2.68535923e-02
2.49278327e-02
2.31455828e-02
2.14958495e-02
1.99684391e-02
1.85538433e-02
1.72432557e-02
1.60286181e-02
1.49026091e-02
1.38585585e-02
1.28903288e-02
1.19922197e-02
1.11589217e-02
1.03855104e-02
9.66745091e-03
9.00058673e-03
8.38110930e-03
7.80551696e-03
7.27057839e-03
6.77330771e-03
6.31094878e-03
5.88096179e-03
5.48100658e-03
5.10892262e-03
4.76270904e-03
4.44050860e-03
4.14059696e-03
3.86137550e-03
3.60136508e-03
3.35919881e-03
3.13361353e-03
2.92344087e-03
2.72759907e-03
2.54508596e-03
2.37497276e-03
2.21639840e-03
2.06856400e-03
1.93072749e-03
1.80219896e-03
1.68233662e-03
1.57054352e-03
1.46626472e-03
1.36898459e-03
1.27822423e-03
1.19353878e-03
1.11451488e-03
1.04076831e-03
9.71941757e-04
9.07702787e-04
8.47741964e-04
7.91771116e-04
7.39521744e-04
6.90743602e-04
6.45203433e-04
6.02683835e-04
5.62982218e-04
5.25909826e-04
4.91290808e-04
4.58961321e-04
4.28768692e-04
4.00570619e-04
3.74234437e-04
3.49636428e-04
3.26661186e-04
3.05201034e-04
2.85155487e-04
2.66430764e-04
2.48939337e-04
2.32599520e-04
2.17335082e-04
2.03074886e-04
1.89752552e-04
1.77306131e-04
1.65677809e-04
1.54813620e-04
1.44663189e-04
1.35179481e-04
1.26318576e-04
1.18039460e-04
1.10303827e-04
1.03075902e-04
9.63222726e-05
