-965.47914
-965.47054
-965.48983
-965.53109
-965.57978
-965.62174
-965.64988
-965.66925
-965.68734
-965.70733
-965.72875
-965.74949
-965.7677
-965.7839
-965.79955
-965.81525
-965.83079
-965.84576
-965.85984
-965.87324
-965.88626
-965.89908
-965.91171
-965.92401
-965.93589
-965.94736
-965.95852
-965.96943
-965.98011
-965.99056
-966.00077
-966.01076
-966.02055
-966.03014
-966.03954
-966.04874
-966.05777
-966.06663
-966.07533
-966.08388
-966.09228
-966.10054
-966.10864
-966.1166
-966.12441
-966.13209
-966.13964
-966.14707
-966.15438
-966.16157
-966.16865
-966.17563
-966.1825
-966.18926
-966.1959
-966.20244
-966.20889
-966.21525
-966.22151
-966.22768
-966.23377
-966.23976
-966.24567
-966.2515
-966.25724
-966.2629
-966.26847
-966.27394
-966.27935
-966.28468
-966.28996
-966.29517
-966.30031
-966.30538
-966.31037
-966.31529
-966.32014
-966.32492
-966.32964
-966.33431
-966.33893
-966.34349
-966.34799
-966.35242
-966.35679
-966.3611
-966.36536
-966.36956
-966.37371
-966.37781
-966.38185
-966.38583
-966.38977
-966.39365
-966.39748
-966.40127
-966.40501
-966.4087
-966.41234
-966.41593
-966.41948
-966.42299
-966.42645
-966.42988
-966.43327
-966.43662
-966.43992
-966.44318
-966.4464
-966.44958
-966.45273
-966.45584
-966.45891
-966.46194
-966.46494
-966.4679
-966.47084
-966.47374
-966.4766
-966.47942
-966.48222
-966.48497
-966.4877
-966.49041
-966.49308
-966.49572
-966.49832
-966.5009
-966.50345
-966.50597
-966.50847
-966.51093
-966.51337
-966.51578
-966.51816
-966.52052
-966.52285
-966.52515
-966.52744
-966.52969
-966.53193
-966.53414
-966.53632
-966.53848
-966.54062
-966.54273
-966.54483
-966.5469
-966.54895
-966.55098
-966.55299
-966.55498
-966.55695
-966.5589
-966.56082
-966.56273
-966.56462
-966.5665
-966.56835
-966.57018
-966.57199
-966.57379
-966.57557
-966.57732
-966.57906
-966.58078
-966.58249
-966.58418
-966.58585
-966.58751
-966.58914
-966.59076
-966.59236
-966.59395
-966.59552
-966.59708
-966.59862
-966.60015
-966.60167
-966.60317
-966.60466
-966.60613
-966.60759
-966.60903
-966.61045
-966.61187
-966.61327
-966.61466
-966.61604
-966.6174
-966.61875
-966.62008
-966.62141
-966.62273
-966.62403
-966.62532
-966.6266
-966.62786
-966.62911
-966.63035
-966.63158
-966.6328
-966.634
-966.6352
-966.63638
-966.63756
-966.63872
-966.63988
-966.64102
-966.64215
-966.64328
-966.64439
-966.64549
-966.64658
-966.64767
-966.64874
-966.6498
-966.65086
-966.65191
-966.65294
-966.65396
-966.65498
-966.65599
-966.65698
-966.65797
-966.65895
-966.65992
-966.66088
-966.66184
-966.66278
-966.66371
-966.66464
-966.66555
-966.66646
-966.66737
-966.66826
-966.66915
-966.67003
-966.6709
-966.67176
-966.67261
-966.67346
-966.6743
-966.67513
-966.67596
-966.67677
-966.67758
-966.67839
-966.67919
-966.67998
-966.68076
-966.68154
-966.6823
-966.68306
-966.68382
-966.68456
-966.6853
-966.68603
-966.68676
-966.68748
-966.6882
-966.68891
-966.68962
-966.69031
-966.691
-966.69169
-966.69236
-966.69303
-966.6937
-966.69436
-966.69501
-966.69566
-966.6963
-966.69694
-966.69757
-966.69819
-966.69882
-966.69943
-966.70004
-966.70065
-966.70125
-966.70184
-966.70242
-966.70301
-966.70359
-966.70416
-966.70474
-966.7053
-966.70586
-966.70642
-966.70697
-966.70751
-966.70805
-966.70859
-966.70912
-966.70965
-966.71017
-966.71068
-966.7112
-966.71171
-966.71221
-966.71271
-966.71321
-966.7137
-966.7142
-966.71468
-966.71516
-966.71564
-966.71611
-966.71658
-966.71704
-966.7175
-966.71795
-966.7184
-966.71884
-966.71929
-966.71973
-966.72016
-966.72059
-966.72102
-966.72145
-966.72187
-966.72229
-966.7227
-966.72311
-966.72352
-966.72392
-966.72432
-966.72472
-966.72511
-966.72549
-966.72588
-966.72626
-966.72664
-966.72702
-966.72739
-966.72776
-966.72813
-966.72849
-966.72885
-966.72921
-966.72956
-966.72991
-966.73026
-966.7306
-966.73094
-966.73128
-966.73162
-966.73196
-966.73229
-966.73262
-966.73294
-966.73327
-966.73359
-966.73391
-966.73422
-966.73453
-966.73484
-966.73515
-966.73545
-966.73575
-966.73605
-966.73635
-966.73665
-966.73694
-966.73723
-966.73752
-966.73781
-966.73809
-966.73837
-966.73865
-966.73893
-966.7392
-966.73948
-966.73975
-966.74001
-966.74028
-966.74054
-966.74081
-966.74107
-966.74133
-966.74158
-966.74183
-966.74208
-966.74233
-966.74258
-966.74283
-966.74307
-966.74332
-966.74355
-966.74379
-966.74403
-966.74426
-966.74449
-966.74472
-966.74495
-966.74518
-966.7454
-966.74562
-966.74585
-966.74607
-966.74629
-966.74651
-966.74672
-966.74694
-966.74715
-966.74736
-966.74757
-966.74778
-966.74798
-966.74819
-966.74839
-966.74859
-966.74879
-966.74899
-966.74918
-966.74938
-966.74957
-966.74976
-966.74995
-966.75013
-966.75032
-966.7505
-966.75068
-966.75086
-966.75105
-966.75123
-966.7514
-966.75158
-966.75175
-966.75192
-966.7521
-966.75227
-966.75243
-966.7526
-966.75277
-966.75293
-966.75309
-966.75325
-966.75341
-966.75357
-966.75373
-966.75388
-966.75404
-966.75419
-966.75434
-966.75448
-966.75463
-966.75478
-966.75493
-966.75507
-966.75522
-966.75536
-966.7555
-966.75564
-966.75578
-966.75592
-966.75605
-966.75619
-966.75633
-966.75646
-966.75659
-966.75673
-966.75686
-966.75699
-966.75712
-966.75725
-966.75737
-966.7575
-966.75762
-966.75775
-966.75787
-966.75799
-966.75811
-966.75824
-966.75836
-966.75848
-966.75859
-966.75871
-966.75883
-966.75894
-966.75905
-966.75917
-966.75928
-966.75939
-966.7595
-966.75961
-966.75972
-966.75982
-966.75993
-966.76004
-966.76014
-966.76025
-966.76035
-966.76046
-966.76056
-966.76066
-966.76076
-966.76086
-966.76096
-966.76106
-966.76115
-966.76125
-966.76135
-966.76144
-966.76154
-966.76163
-966.76173
-966.76182
-966.76191
-966.762
-966.7621
-966.76219
-966.76228
-966.76237
-966.76245
-966.76254
-966.76263
-966.76272
-966.7628
-966.76289
-966.76297
-966.76306
-966.76314
-966.76322
-966.76331
-966.76339
-966.76347
-966.76355
-966.76363
-966.76371
-966.76379
-966.76387
-966.76395
-966.76403
-966.7641
-966.76418
-966.76426
-966.76433
-966.76441
-966.76448
-966.76455
-966.76463
-966.7647
-966.76477
-966.76484
-966.76491
-966.76498
-966.76505
-966.76512
-966.76519
-966.76526
-966.76533
-966.7654
-966.76546
-966.76553
-966.76559
-966.76566
-966.76572
-966.76579
-966.76585
-966.76592
-966.76598
-966.76604
-966.7661
-966.76617
-966.76623
-966.76629
-966.76635
-966.76641
-966.76647
-966.76653
-966.76659
-966.76665
-966.76671
-966.76676
-966.76682
-966.76688
-966.76693
-966.76699
-966.76704
-966.7671
-966.76715
-966.76721
-966.76726
-966.76732
-966.76737
-966.76743
-966.76748
-966.76753
-966.76758
-966.76764
-966.76769
-966.76774
-966.76779
-966.76784
-966.76789
