1.0154246
1.283302
1.2976093
1.1250859
0.86717953
0.61747033
0.52142804
0.53037419
0.5177348
0.46889706
0.39977983
0.33360293
0.30151371
0.29350635
0.27338505
0.23926457
0.20180556
0.17822161
0.1758888
0.17831557
0.17276276
0.15771384
0.13697284
0.11773576
0.11346025
0.11254044
0.10901143
0.10277374
0.095516748
0.09003978
0.087698451
0.085666683
0.08288367
0.079125568
0.074815859
0.071179835
0.069500228
0.06765914
0.065127818
0.062005521
0.058726915
0.055866925
0.05435453
0.053697663
0.05303784
0.052077068
0.050912565
0.049694918
0.048642975
0.047742793
0.046902415
0.046084239
0.045234214
0.044361621
0.043489017
0.042636211
0.041783671
0.040899309
0.039986441
0.039059185
0.038140118
0.037232233
0.036339736
0.035493435
0.034738283
0.0340935
0.033592179
0.033246698
0.032939786
0.032630888
0.032301013
0.031950071
0.031586007
0.031212856
0.030823919
0.030419055
0.030002456
0.029572178
0.029131282
0.02868425
0.028234679
0.027786474
0.027345188
0.026925646
0.026535155
0.026182006
0.025865121
0.025585677
0.025354543
0.025158217
0.024966553
0.024770255
0.024568525
0.024358862
0.024141076
0.023915394
0.023682419
0.023443785
0.02319997
0.022951223
0.022694372
0.022426539
0.02215457
0.021886348
0.021625568
0.021376127
0.021144585
0.020932752
0.020744525
0.020589759
0.020453981
0.020321776
0.020187002
0.02004788
0.019901338
0.019750399
0.019596462
0.019437959
0.01927475
0.019109802
0.018943586
0.018775017
0.018606987
0.018442505
0.018280696
0.018124347
0.0179712
0.017822114
0.017679436
0.017547316
0.017427286
0.017317758
0.01721298
0.017107389
0.017000997
0.016893968
0.016784577
0.016674138
0.016561787
0.016448079
0.016333748
0.016218526
0.016104551
0.015991971
0.015878869
0.015765288
0.015652648
0.015541657
0.015432834
0.015326393
0.015225721
0.015131417
0.015043841
0.014961774
0.014881494
0.014801998
0.014721763
0.01464146
0.014561898
0.014481978
0.014400813
0.014319488
0.014238001
0.014154296
0.014069862
0.013985572
0.013901337
0.01381828
0.013737007
0.013657493
0.013580892
0.013507471
0.013436839
0.013368352
0.013302151
0.013236425
0.013169894
0.013102696
0.013036221
0.012969931
0.012903833
0.012840693
0.012778456
0.012715223
0.012650638
0.012585275
0.012520587
0.012455765
0.012390765
0.012326268
0.012263371
0.012202365
0.012143271
0.012085195
0.01202724
0.011969964
0.011913814
0.011858643
0.011804136
0.011749948
0.011696218
0.011643079
0.011591133
0.011539141
0.011486682
0.01143375
0.011381236
0.011329681
