-1.1322048
-0.84197917
-0.82394973
-1.0031352
-1.2716314
-1.5313579
-1.6146273
-1.576286
-1.5720538
-1.6156775
-1.6863681
-1.7567798
-1.7920507
-1.797664
-1.812627
-1.843027
-1.8785075
-1.9020139
-1.906711
-1.9055642
-1.9112428
-1.9257339
-1.9447568
-1.9604971
-1.9618347
-1.9606823
-1.9622017
-1.9668832
-1.973309
-1.9786155
-1.9801539
-1.9811148
-1.9832522
-1.9866026
-1.9905699
-1.994241
-1.9967452
-1.9991488
-2.0018609
-2.0048485
-2.0077442
-2.0098518
-2.0112882
-2.0122951
-2.0130025
-2.013623
-2.0142045
-2.0146716
-2.0150021
-2.0152687
-2.0155692
-2.0159743
-2.0165163
-2.017203
-2.018021
-2.0189394
-2.0199463
-2.0210192
-2.0221125
-2.0232058
-2.0242839
-2.0253223
-2.0262909
-2.0271198
-2.0277628
-2.0281084
-2.0280596
-2.0279707
-2.0279172
-2.0279254
-2.0279988
-2.0281325
-2.0283301
-2.0285914
-2.0289157
-2.0292984
-2.0297257
-2.030198
-2.0307086
-2.031252
-2.0318132
-2.032375
-2.0329227
-2.0334308
-2.0338764
-2.0342578
-2.034545
-2.0346482
-2.0346542
-2.0346588
-2.0346775
-2.0347203
-2.0347891
-2.0348879
-2.0350168
-2.035181
-2.0353806
-2.0356099
-2.0358655
-2.0361446
-2.0364403
-2.0367459
-2.0370552
-2.0373622
-2.0376583
-2.0379284
-2.0381656
-2.0383557
-2.0384546
-2.0384909
-2.0385197
-2.0385563
-2.0386054
-2.0386695
-2.0387494
-2.038846
-2.0389588
-2.0390859
-2.0392254
-2.0393782
-2.0395418
-2.0397141
-2.0398912
-2.0400704
-2.0402511
-2.0404272
-2.0405961
-2.0407497
-2.0408861
-2.0409943
-2.0410549
-2.0411008
-2.0411488
-2.0412028
-2.0412625
-2.0413283
-2.0414014
-2.0414826
-2.0415688
-2.0416628
-2.0417642
-2.0418711
-2.0419823
-2.0420965
-2.0422123
-2.0423289
-2.0424448
-2.0425562
-2.0426598
-2.0427542
-2.042833
-2.0428868
-2.0429324
-2.0429781
-2.0430272
-2.0430795
-2.0431347
-2.0431921
-2.0432512
-2.0433123
-2.0433762
-2.0434441
-2.0435152
-2.0435899
-2.0436673
-2.0437461
-2.0438257
-2.0439043
-2.0439813
-2.0440547
-2.0441235
-2.0441865
-2.0442409
-2.0442884
-2.0443341
-2.0443807
-2.0444277
-2.0444747
-2.0445218
-2.0445708
-2.044622
-2.0446755
-2.0447317
-2.0447897
-2.0448484
