1.87732534e+00
1.38795587e+00
1.10672551e+00
9.11616004e-01
7.66749837e-01
6.55347982e-01
5.66640030e-01
4.94731611e-01
4.35548059e-01
3.86348538e-01
3.44623002e-01
3.08406901e-01
2.76683673e-01
2.49160998e-01
2.24956748e-01
2.03552497e-01
1.84789271e-01
1.68181563e-01
1.53279108e-01
1.39905443e-01
1.27916486e-01
1.17257198e-01
1.07783664e-01
9.93043689e-02
9.16106958e-02
8.46424501e-02
7.83230033e-02
7.25850754e-02
6.73375396e-02
6.25180975e-02
5.81062931e-02
5.40776659e-02
5.03939758e-02
4.70309302e-02
4.39352896e-02
4.10674139e-02
3.84185568e-02
3.59754078e-02
3.37202336e-02
3.16351785e-02
2.97053778e-02
2.79185993e-02
2.62640677e-02
2.47309793e-02
2.33095823e-02
2.19881149e-02
2.07559842e-02
1.96046014e-02
1.85278164e-02
1.75208178e-02
1.65788135e-02
1.56968745e-02
1.48702387e-02
1.40945941e-02
1.33661478e-02
1.26815324e-02
1.20375658e-02
1.14319022e-02
1.08615444e-02
1.03238188e-02
9.81411231e-03
