3.65897633e-01
1.95357577e-01
1.08235310e-01
1.27816047e-01
1.51805916e-01
1.47182754e-01
1.20234103e-01
8.42671142e-02
5.67804614e-02
5.06894641e-02
5.47496736e-02
5.41517802e-02
4.66061969e-02
3.57553247e-02
2.70160289e-02
2.39878686e-02
2.42794854e-02
2.38428472e-02
2.15406915e-02
1.83180993e-02
1.56937630e-02
1.44395009e-02
1.40138787e-02
1.35095870e-02
1.25974400e-02
1.14790230e-02
1.05125626e-02
9.86412470e-03
9.42391947e-03
9.01572128e-03
8.56538263e-03
8.10011745e-03
7.67741645e-03
7.32078345e-03
7.01314618e-03
6.72787301e-03
6.45189155e-03
6.18797751e-03
5.94122711e-03
5.71463324e-03
5.50754647e-03
5.31477451e-03
5.13258998e-03
4.95928339e-03
4.79540035e-03
4.64014272e-03
4.49284652e-03
4.35310689e-03
4.22100488e-03
4.09504636e-03
3.97436456e-03
3.85854020e-03
3.74698264e-03
3.63901714e-03
3.53564558e-03
3.43617147e-03
3.34186910e-03
3.25212517e-03
3.16716587e-03
3.08684412e-03
3.01029076e-03
2.93781659e-03
2.86967906e-03
2.80573689e-03
2.74412806e-03
2.68366452e-03
2.62418980e-03
2.56620691e-03
2.51031431e-03
2.45638342e-03
2.40430323e-03
2.35420670e-03
2.30505785e-03
2.25566401e-03
2.20732847e-03
2.16096315e-03
2.11715129e-03
2.07543497e-03
2.03550877e-03
1.99691303e-03
1.95966398e-03
1.92337289e-03
1.88855114e-03
1.85518871e-03
1.82295510e-03
1.79172538e-03
1.76171187e-03
1.73279407e-03
1.70362811e-03
1.67571503e-03
1.64958146e-03
1.62451669e-03
1.59895096e-03
1.57187909e-03
1.54348706e-03
1.51462838e-03
1.48634875e-03
1.45940499e-03
1.43391213e-03
1.40948689e-03
1.38609696e-03
1.36330860e-03
1.34073338e-03
1.31933223e-03
1.29941955e-03
1.28048812e-03
1.26224866e-03
1.24447749e-03
1.22652452e-03
1.20847688e-03
1.19084515e-03
1.17407390e-03
1.15723332e-03
1.13948173e-03
1.12177082e-03
1.10486819e-03
1.08856644e-03
1.07235034e-03
1.05590294e-03
1.03954813e-03
1.02385815e-03
1.00868789e-03
9.93868040e-04
9.79490427e-04
9.65855772e-04
9.52679935e-04
9.39736054e-04
9.27114058e-04
9.14939825e-04
9.03082947e-04
8.91504292e-04
8.79989108e-04
8.68405686e-04
8.56575598e-04
8.44845520e-04
8.33500161e-04
8.22739826e-04
8.12460756e-04
8.02386950e-04
7.92481046e-04
7.82819225e-04
7.73425888e-04
7.63934953e-04
7.54487118e-04
7.45324866e-04
7.36308409e-04
7.27296622e-04
7.18227704e-04
7.09049366e-04
6.99852566e-04
6.91090089e-04
6.82856850e-04
6.75062467e-04
6.67380574e-04
6.59630712e-04
6.52076186e-04
6.44751561e-04
6.37409645e-04
6.29889265e-04
6.22357354e-04
6.14891082e-04
6.07559387e-04
6.00368378e-04
5.93112377e-04
5.86004215e-04
5.79219037e-04
5.72767265e-04
5.66564220e-04
5.60370021e-04
5.54139117e-04
5.48057649e-04
5.42375072e-04
5.37051968e-04
5.31992275e-04
5.26821605e-04
5.21374265e-04
5.15652297e-04
5.09560181e-04
5.03524029e-04
4.97889903e-04
4.92725868e-04
4.88132463e-04
4.83915946e-04
4.79856398e-04
4.75778738e-04
4.71570529e-04
4.67244001e-04
4.62783667e-04
4.57887233e-04
4.52835391e-04
4.47705340e-04
4.42457773e-04
4.37202996e-04
4.32022917e-04
4.27088689e-04
4.22513575e-04
4.18320153e-04
4.14327462e-04
4.10456358e-04
4.06660558e-04
4.02794926e-04
3.98865682e-04
3.94926104e-04
3.90982972e-04
3.87057049e-04
3.83136571e-04
3.79266091e-04
3.75484174e-04
3.71708497e-04
3.67810848e-04
3.63741318e-04
3.59977144e-04
3.56901604e-04
3.54123029e-04
3.51189990e-04
3.48042599e-04
3.44328071e-04
3.40550776e-04
3.37058715e-04
3.33879168e-04
3.30919688e-04
3.28107028e-04
3.25476785e-04
3.23010389e-04
3.20621444e-04
3.18238797e-04
3.15782946e-04
3.13223324e-04
3.10467723e-04
3.07323077e-04
3.04075517e-04
3.00963749e-04
2.98118902e-04
2.95322243e-04
2.92485226e-04
2.89637836e-04
2.86974495e-04
2.84546879e-04
2.82153153e-04
2.79679259e-04
2.77229057e-04
2.74903791e-04
2.72778916e-04
2.70782200e-04
2.68840742e-04
2.66902178e-04
2.64999389e-04
2.63108069e-04
2.61164940e-04
2.59248600e-04
2.57374175e-04
2.55577217e-04
2.53829778e-04
2.52108548e-04
2.50421661e-04
2.48795725e-04
2.47189829e-04
2.45522416e-04
2.43570870e-04
2.41438815e-04
2.39317117e-04
2.37316751e-04
2.35451257e-04
2.33685244e-04
2.32043946e-04
2.30609712e-04
2.29276121e-04
2.27962127e-04
2.26684728e-04
2.25318664e-04
2.23768584e-04
2.22159087e-04
2.20699814e-04
2.19248815e-04
2.17822105e-04
2.16316019e-04
2.14672127e-04
2.12817027e-04
2.10987027e-04
2.09312465e-04
2.07699772e-04
2.05914171e-04
2.04048530e-04
2.02234569e-04
2.00480935e-04
1.98846027e-04
1.97403015e-04
1.96032262e-04
1.94640310e-04
1.93092483e-04
1.91438712e-04
1.89729058e-04
1.88005195e-04
1.86384433e-04
1.84870507e-04
1.83388522e-04
1.81944632e-04
1.80557250e-04
1.79254169e-04
1.78010793e-04
1.76792012e-04
1.75560987e-04
1.74364335e-04
1.73185031e-04
1.72120353e-04
1.71277601e-04
1.70383171e-04
1.69355407e-04
1.68201053e-04
1.66914323e-04
1.65683256e-04
1.64600950e-04
1.63595925e-04
1.62560868e-04
1.61448384e-04
1.60300342e-04
1.59187225e-04
1.58102807e-04
1.57010694e-04
1.55818624e-04
1.54666115e-04
1.53645406e-04
1.52590596e-04
1.51583321e-04
1.50672768e-04
1.49814675e-04
1.48911138e-04
1.48008050e-04
1.47154541e-04
1.46345843e-04
1.45539284e-04
1.44683421e-04
1.43702013e-04
1.42686837e-04
1.41859729e-04
1.41201399e-04
1.40646688e-04
1.40188564e-04
1.39750331e-04
1.39269598e-04
1.38731299e-04
1.38136093e-04
1.37517262e-04
1.36868765e-04
1.36032344e-04
1.35141934e-04
1.34259601e-04
1.33420704e-04
1.32622175e-04
1.31833041e-04
1.31044893e-04
1.30279939e-04
1.29550301e-04
1.28821431e-04
1.28045449e-04
1.27283081e-04
1.26581413e-04
1.25952840e-04
1.25369042e-04
1.24822831e-04
1.24311526e-04
1.23792144e-04
1.23224905e-04
1.22662901e-04
1.22127293e-04
1.21644089e-04
1.21198950e-04
1.20747678e-04
1.20263933e-04
1.19724270e-04
1.19067893e-04
1.18324139e-04
1.17527353e-04
1.16777683e-04
1.16085283e-04
1.15274827e-04
1.14388601e-04
1.13577899e-04
1.12894292e-04
1.12268110e-04
1.11646616e-04
1.10931940e-04
1.10211245e-04
1.09520643e-04
1.08737668e-04
1.07901422e-04
1.07125753e-04
1.06435398e-04
1.05816625e-04
1.05261679e-04
1.04744157e-04
1.04090827e-04
1.03370463e-04
1.02673602e-04
1.02089241e-04
1.01602115e-04
1.01204252e-04
1.00974091e-04
1.00825762e-04
1.00702333e-04
1.00509452e-04
1.00290107e-04
1.00059896e-04
9.97693839e-05
