5.09380819e-01
3.44590485e-01
2.50443738e-01
2.50315650e-01
2.63474480e-01
2.58677115e-01
2.41164347e-01
2.20780244e-01
2.06063950e-01
1.98782394e-01
1.95118415e-01
1.91250747e-01
1.86174607e-01
1.80738788e-01
1.76049791e-01
1.72480299e-01
1.69589290e-01
1.66894079e-01
1.64183630e-01
1.61559528e-01
1.59146012e-01
1.56951029e-01
1.54894476e-01
1.52920734e-01
1.51015550e-01
1.49161786e-01
1.47382814e-01
1.45698178e-01
1.44100585e-01
1.42563855e-01
1.41076820e-01
1.39631568e-01
1.38239640e-01
1.36894067e-01
1.35593528e-01
1.34323546e-01
1.33073293e-01
1.31850192e-01
1.30656796e-01
1.29494873e-01
1.28371366e-01
1.27257918e-01
1.26158129e-01
1.25093111e-01
1.24062342e-01
1.23044149e-01
1.22033076e-01
1.21044493e-01
1.20085886e-01
1.19139391e-01
1.18209524e-01
1.17302603e-01
1.16416835e-01
1.15538380e-01
1.14661742e-01
1.13797453e-01
1.12956398e-01
1.12129057e-01
1.11304141e-01
1.10484049e-01
1.09681979e-01
1.08898214e-01
1.08130920e-01
1.07380830e-01
1.06645379e-01
1.05904407e-01
1.05144697e-01
1.04366567e-01
1.03606076e-01
1.02882061e-01
1.02187031e-01
1.01513891e-01
1.00847120e-01
1.00175797e-01
9.95008051e-02
9.88209094e-02
9.81499644e-02
9.74937848e-02
9.68546875e-02
9.62271783e-02
9.56131046e-02
9.50050769e-02
9.43954660e-02
9.37860747e-02
9.31825469e-02
9.25905642e-02
9.19991224e-02
9.14128547e-02
9.08261584e-02
9.02366316e-02
8.96426865e-02
8.90472179e-02
8.84624178e-02
8.78847133e-02
8.73158224e-02
8.67539619e-02
8.61950383e-02
8.56442771e-02
8.50944550e-02
8.45377253e-02
8.39890004e-02
8.34559237e-02
8.29436744e-02
8.24437630e-02
8.19446463e-02
8.14459031e-02
8.09508824e-02
8.04607539e-02
7.99698825e-02
7.94804583e-02
7.89988150e-02
7.85277199e-02
7.80655991e-02
7.76091818e-02
7.71476094e-02
7.66893703e-02
7.62391229e-02
7.57934534e-02
7.53500765e-02
7.49104777e-02
7.44796272e-02
7.40521798e-02
7.36303020e-02
7.32089686e-02
7.27901210e-02
7.23739603e-02
7.19585755e-02
7.15482842e-02
7.11384816e-02
7.07310332e-02
7.03263341e-02
6.99282100e-02
6.95348366e-02
6.91454612e-02
6.87497999e-02
6.83573878e-02
6.79775746e-02
6.76042672e-02
6.72368819e-02
6.68751991e-02
6.65197112e-02
6.61655424e-02
6.58104601e-02
6.54528591e-02
6.51014035e-02
6.47595061e-02
6.44248359e-02
6.40936049e-02
6.37643645e-02
6.34321151e-02
6.30991645e-02
6.27704116e-02
6.24487247e-02
6.21332555e-02
6.18220201e-02
6.15120479e-02
6.12039469e-02
6.08986614e-02
6.05941383e-02
6.02727012e-02
5.99501878e-02
5.96346380e-02
5.93315055e-02
5.90385473e-02
5.87476635e-02
5.84568853e-02
5.81691198e-02
5.78858765e-02
5.76040863e-02
5.73212691e-02
5.70264535e-02
5.67246931e-02
5.64322879e-02
5.61510870e-02
5.58806103e-02
5.56109074e-02
5.53393821e-02
5.50650537e-02
5.47898009e-02
5.45204479e-02
5.42600339e-02
5.40023033e-02
5.37399958e-02
5.34798714e-02
5.32255757e-02
5.29751099e-02
5.27276035e-02
5.24803407e-02
5.22303741e-02
5.19789133e-02
5.17294926e-02
5.14851096e-02
5.12475985e-02
5.10116981e-02
5.07745076e-02
5.05382099e-02
5.03038180e-02
5.00735483e-02
4.98454595e-02
4.96159002e-02
4.93799661e-02
4.91463794e-02
4.89209540e-02
4.87035166e-02
4.84883750e-02
4.82686598e-02
4.80473812e-02
4.78283562e-02
4.76108091e-02
4.73945938e-02
4.71797866e-02
4.69666562e-02
4.67549919e-02
4.65375935e-02
4.63192588e-02
4.61022364e-02
4.58932639e-02
4.56871811e-02
4.54762976e-02
4.52608376e-02
4.50493496e-02
4.48468376e-02
4.46519579e-02
4.44603536e-02
4.42694577e-02
4.40771948e-02
4.38804746e-02
4.36803372e-02
4.34772515e-02
4.32665821e-02
4.30632160e-02
4.28719778e-02
4.26849422e-02
4.24959343e-02
4.23053389e-02
4.21112617e-02
4.19212987e-02
4.17371717e-02
4.15571768e-02
4.13763527e-02
4.11936046e-02
4.10101526e-02
4.08282913e-02
4.06496510e-02
4.04654132e-02
4.02799443e-02
4.00967738e-02
3.99188053e-02
3.97474570e-02
3.95790327e-02
3.94077630e-02
3.92280273e-02
3.90414604e-02
3.88580058e-02
3.86855402e-02
3.85180231e-02
3.83465863e-02
3.81613549e-02
3.79758912e-02
3.78019951e-02
3.76380243e-02
3.74791617e-02
3.73212164e-02
3.71580178e-02
3.69937900e-02
3.68335172e-02
3.66752710e-02
3.65138102e-02
3.63488863e-02
3.61758127e-02
3.60060474e-02
3.58473848e-02
3.56955623e-02
3.55466377e-02
3.53969126e-02
3.52463374e-02
3.50958470e-02
3.49473273e-02
3.48000294e-02
3.46488679e-02
3.44945635e-02
3.43418843e-02
3.41948411e-02
3.40536158e-02
3.39156903e-02
3.37763319e-02
3.36364588e-02
3.34962196e-02
3.33542609e-02
3.32110661e-02
3.30680447e-02
3.29285981e-02
3.27921165e-02
3.26549521e-02
3.25140443e-02
3.23680282e-02
3.22170054e-02
3.20688496e-02
3.19288871e-02
3.17944733e-02
3.16627782e-02
3.15268857e-02
3.13896671e-02
3.12535182e-02
3.11157237e-02
3.09805978e-02
3.08517249e-02
3.07246475e-02
3.05937191e-02
3.04592690e-02
3.03209601e-02
3.01871473e-02
3.00614376e-02
2.99363557e-02
2.98058775e-02
2.96769693e-02
2.95518366e-02
2.94224259e-02
2.92879820e-02
2.91526064e-02
2.90243985e-02
2.89042272e-02
2.87892506e-02
2.86748669e-02
2.85561194e-02
2.84309286e-02
2.83010831e-02
2.81667082e-02
2.80331109e-02
2.79066022e-02
2.77811783e-02
2.76579690e-02
2.75368935e-02
2.74178045e-02
2.73026769e-02
2.71901882e-02
2.70776390e-02
2.69650079e-02
2.68526689e-02
2.67395267e-02
2.66286498e-02
2.65151461e-02
2.63998831e-02
2.62849483e-02
2.61732134e-02
2.60655621e-02
2.59608004e-02
2.58571749e-02
2.57504559e-02
2.56442537e-02
2.55406569e-02
2.54376400e-02
2.53358919e-02
2.52343524e-02
2.51310547e-02
2.50189802e-02
2.49029406e-02
2.47901955e-02
2.46833163e-02
2.45829957e-02
2.44868260e-02
2.43895873e-02
2.42918608e-02
2.41949752e-02
2.40989662e-02
2.40007325e-02
2.39014041e-02
2.38001256e-02
2.36997184e-02
2.36036952e-02
2.35101341e-02
2.34142133e-02
2.33193081e-02
2.32273857e-02
2.31367924e-02
2.30461296e-02
2.29559792e-02
2.28655331e-02
2.27754721e-02
2.26867010e-02
2.25978395e-02
2.25085014e-02
2.24197240e-02
2.23325766e-02
2.22474479e-02
2.21636925e-02
2.20761376e-02
2.19869752e-02
2.18956984e-02
2.18035637e-02
2.17125459e-02
2.16236727e-02
2.15370077e-02
2.14514190e-02
2.13675371e-02
2.12848577e-02
2.12028906e-02
2.11208921e-02
2.10401503e-02
2.09607149e-02
2.08799630e-02
2.07997240e-02
2.07212620e-02
2.06445025e-02
2.05685035e-02
2.04917717e-02
2.04134347e-02
2.03355483e-02
2.02582764e-02
2.01814645e-02
2.01059435e-02
2.00305422e-02
1.99538483e-02
1.98745409e-02
1.97932881e-02
1.97143956e-02
1.96365023e-02
1.95567700e-02
1.94770879e-02
1.93981917e-02
1.93197061e-02
1.92433355e-02
1.91694921e-02
1.90973611e-02
1.90256677e-02
1.89521753e-02
1.88730778e-02
1.87944122e-02
1.87167692e-02
1.86154319e-02
1.85129862e-02
1.84259698e-02
1.83531640e-02
1.82879652e-02
1.82223203e-02
1.81524702e-02
1.80770597e-02
1.79991057e-02
1.79230444e-02
1.78523184e-02
1.77860753e-02
1.77184866e-02
1.76233699e-02
1.75142413e-02
1.74177691e-02
1.73435671e-02
1.72819125e-02
1.72203755e-02
1.71539022e-02
1.70814794e-02
1.69972031e-02
1.69140516e-02
1.68381898e-02
1.67699228e-02
1.67038511e-02
1.66377370e-02
1.65710437e-02
1.65025891e-02
1.64343436e-02
1.63691809e-02
1.63074254e-02
1.62461323e-02
1.61853802e-02
1.61250260e-02
1.60619341e-02
1.59899366e-02
1.59170146e-02
1.58504702e-02
1.57909481e-02
1.57347845e-02
1.56784653e-02
1.56207672e-02
1.55622853e-02
1.55024360e-02
1.54429978e-02
1.53858145e-02
1.53302541e-02
1.52723426e-02
1.52133229e-02
1.51554790e-02
1.50981744e-02
1.50419387e-02
1.49854795e-02
1.49234158e-02
1.48610259e-02
1.48024804e-02
1.47481729e-02
1.46925877e-02
1.46339994e-02
1.45760645e-02
1.45195972e-02
1.44646829e-02
1.44116858e-02
1.43585251e-02
1.43035972e-02
1.42486417e-02
1.41956247e-02
1.41420724e-02
1.40861121e-02
1.40287483e-02
1.39734887e-02
1.39209755e-02
1.38697333e-02
1.38177733e-02
1.37647542e-02
1.37100408e-02
1.36568851e-02
1.36071289e-02
1.35600574e-02
1.35139014e-02
1.34674157e-02
1.34191939e-02
1.33697239e-02
1.33208336e-02
1.32735029e-02
1.32268656e-02
1.31803358e-02
1.31340757e-02
1.30880077e-02
1.30410759e-02
1.29925847e-02
1.29449428e-02
1.28982754e-02
1.28533353e-02
1.28096539e-02
1.27662205e-02
1.27221039e-02
1.26777629e-02
1.26332680e-02
1.25866579e-02
1.25394075e-02
1.24942155e-02
1.24516452e-02
1.24102291e-02
1.23672222e-02
1.23237167e-02
1.22809665e-02
1.22392095e-02
1.21981015e-02
1.21572074e-02
1.21163436e-02
1.20755211e-02
1.20342621e-02
1.19920519e-02
1.19498183e-02
1.19079428e-02
1.18671593e-02
1.18274931e-02
1.17875553e-02
1.17452425e-02
1.16995472e-02
1.16509126e-02
1.16030528e-02
1.15597527e-02
1.15202056e-02
1.14823814e-02
1.14445106e-02
1.14050834e-02
1.13641403e-02
1.13222510e-02
1.12775706e-02
1.12345238e-02
1.11941758e-02
1.11560536e-02
1.11189981e-02
1.10818607e-02
1.10440693e-02
1.10052061e-02
1.09665234e-02
1.09292983e-02
1.08936052e-02
1.08578889e-02
1.08203492e-02
1.07825192e-02
1.07457226e-02
1.07083730e-02
1.06708331e-02
1.06343057e-02
1.05990983e-02
1.05594067e-02
1.05162368e-02
1.04749247e-02
1.04371978e-02
1.03995791e-02
1.03625218e-02
1.03267337e-02
1.02922321e-02
1.02584534e-02
1.02247894e-02
1.01907001e-02
1.01565458e-02
1.01230389e-02
1.00900323e-02
1.00575172e-02
1.00253478e-02
9.99333906e-03
9.96138106e-03
9.92954825e-03
9.89782201e-03
9.86630777e-03
9.83429294e-03
9.79828113e-03
9.75749790e-03
9.71712909e-03
9.67961860e-03
9.64361307e-03
9.61000484e-03
9.57837517e-03
9.54772760e-03
9.51606780e-03
9.48275118e-03
9.44936159e-03
9.41754705e-03
9.38631330e-03
9.35444185e-03
9.32260895e-03
9.29013490e-03
9.25691364e-03
9.22442418e-03
9.19238183e-03
9.16162994e-03
9.12964291e-03
9.09727189e-03
9.05846692e-03
9.01914554e-03
8.98300026e-03
8.95187868e-03
8.92440148e-03
8.89791672e-03
8.87061089e-03
8.84053439e-03
8.80887290e-03
8.77827481e-03
8.74918002e-03
8.71885303e-03
8.68908233e-03
8.66086186e-03
8.63354756e-03
8.60598807e-03
8.57703064e-03
8.54811576e-03
8.52055457e-03
8.49428061e-03
8.46830010e-03
8.44133170e-03
8.41250912e-03
8.38391727e-03
8.35700850e-03
8.33110793e-03
8.30554476e-03
8.28013174e-03
8.25483013e-03
8.22964718e-03
8.20454736e-03
8.17926228e-03
8.15408318e-03
8.12927871e-03
8.10469475e-03
8.08033092e-03
8.05616065e-03
8.03214869e-03
8.00826905e-03
7.98441301e-03
7.95913102e-03
7.93342002e-03
7.90851273e-03
7.88477007e-03
7.86179752e-03
7.83899223e-03
7.81586736e-03
7.79181650e-03
7.76770812e-03
7.74400412e-03
7.71909701e-03
7.69368134e-03
7.66903856e-03
7.64579351e-03
7.62297240e-03
7.59804606e-03
7.57064828e-03
7.54361262e-03
7.51887218e-03
7.49630098e-03
7.47474682e-03
7.45322929e-03
7.43142036e-03
7.40923819e-03
7.38627551e-03
7.36347133e-03
7.34113591e-03
7.31946726e-03
7.29826757e-03
7.27724174e-03
7.25622373e-03
7.23478394e-03
7.21313373e-03
7.19181942e-03
7.17098270e-03
7.15045234e-03
7.12987088e-03
7.10883794e-03
7.08624118e-03
7.06383257e-03
7.04264868e-03
7.02238788e-03
7.00177999e-03
6.98029654e-03
6.95902063e-03
6.93871918e-03
6.91928753e-03
6.90017086e-03
6.88075917e-03
6.86084588e-03
6.84083945e-03
6.82092621e-03
6.80111271e-03
6.78162955e-03
6.76250998e-03
6.74297757e-03
6.72328566e-03
6.70363727e-03
6.68422663e-03
6.66522748e-03
6.64616245e-03
6.62624372e-03
6.60425346e-03
6.58259551e-03
6.56282691e-03
6.54477356e-03
6.52734111e-03
6.50871943e-03
6.48909769e-03
6.46961279e-03
6.45042287e-03
6.42879620e-03
6.40323944e-03
6.37460920e-03
6.34601874e-03
6.32277477e-03
6.30488602e-03
6.28909876e-03
6.27242637e-03
6.25330714e-03
6.23115263e-03
6.20843815e-03
6.18801640e-03
6.17022942e-03
6.15283727e-03
6.13510836e-03
6.11708735e-03
6.09919550e-03
6.08177230e-03
6.06488171e-03
6.04836595e-03
6.03199775e-03
6.01535787e-03
5.99821564e-03
5.97996169e-03
5.96164798e-03
5.94348553e-03
5.92635782e-03
5.90989336e-03
5.89338989e-03
5.87678150e-03
5.86008375e-03
5.84357752e-03
5.82753897e-03
5.81109522e-03
5.79158329e-03
5.77221123e-03
5.75491615e-03
5.73952998e-03
5.72395927e-03
5.70711809e-03
5.69018495e-03
5.67399322e-03
5.65774118e-03
5.64180558e-03
5.62602252e-03
5.60988693e-03
5.59372870e-03
5.57809287e-03
5.56306693e-03
5.54830714e-03
5.53344753e-03
5.51851195e-03
5.50364651e-03
5.48897184e-03
5.47440730e-03
5.45976618e-03
5.44510469e-03
5.43056216e-03
5.41619782e-03
5.40199364e-03
5.38789130e-03
5.37282450e-03
5.35706653e-03
5.34176804e-03
5.32729228e-03
5.30967762e-03
5.28969456e-03
5.27149506e-03
5.25457337e-03
5.23572838e-03
5.21756750e-03
5.20157726e-03
5.18741101e-03
5.17408314e-03
5.16071059e-03
5.14700772e-03
5.13290350e-03
5.11872404e-03
5.10443015e-03
5.09002289e-03
5.07568810e-03
5.06144234e-03
5.04707325e-03
5.03316805e-03
5.01997151e-03
5.00717151e-03
4.99431682e-03
4.98129854e-03
4.96818836e-03
4.95511950e-03
4.94189445e-03
4.92739980e-03
4.91307997e-03
4.89981864e-03
4.88751822e-03
4.87553786e-03
4.86334439e-03
4.85082866e-03
4.83819941e-03
4.82570201e-03
4.81340740e-03
4.80126834e-03
4.78919836e-03
4.77404150e-03
4.75678350e-03
4.74104395e-03
4.72787939e-03
4.71646663e-03
4.70528313e-03
4.68947865e-03
4.67089006e-03
4.65419160e-03
4.64068732e-03
4.62944952e-03
4.61850208e-03
4.60552595e-03
4.59062177e-03
4.57600228e-03
4.56318383e-03
4.55194382e-03
4.54116704e-03
4.52992440e-03
4.51805993e-03
4.50601826e-03
4.49422637e-03
4.48203013e-03
4.46973538e-03
4.45764492e-03
4.44592874e-03
4.43464030e-03
4.42362731e-03
4.41270363e-03
4.40175635e-03
4.39020423e-03
4.37847453e-03
4.36705092e-03
4.35585287e-03
4.34493720e-03
4.33419076e-03
4.32265394e-03
4.30898709e-03
4.29408883e-03
4.27969582e-03
4.26691152e-03
4.25542461e-03
4.24418928e-03
4.23303515e-03
4.22197424e-03
4.21108356e-03
4.20040248e-03
4.18989652e-03
4.17885837e-03
4.16310027e-03
4.14719524e-03
4.13418592e-03
4.12405920e-03
4.11497628e-03
4.10534232e-03
4.09482339e-03
4.08395789e-03
4.07335353e-03
4.06320337e-03
4.05332780e-03
4.04347555e-03
4.03348439e-03
4.02315416e-03
4.00924986e-03
3.99307098e-03
3.97882801e-03
3.96790466e-03
3.95878947e-03
3.94871321e-03
3.93776529e-03
3.92682973e-03
3.91657044e-03
3.90681976e-03
3.89721992e-03
3.88754457e-03
3.87778743e-03
3.86809274e-03
3.85764423e-03
3.84658809e-03
3.83480259e-03
3.82335749e-03
3.81297381e-03
3.80300251e-03
3.79300227e-03
3.78313660e-03
3.77351895e-03
3.76413218e-03
3.75489394e-03
3.74574227e-03
3.73666018e-03
3.72764983e-03
3.71870499e-03
3.70980799e-03
3.70094243e-03
3.69210252e-03
3.68329140e-03
3.67451452e-03
3.66556475e-03
3.65596471e-03
3.64599498e-03
3.63597477e-03
3.62586306e-03
3.61565331e-03
3.60586582e-03
3.59686602e-03
3.58846230e-03
3.58023203e-03
3.57188154e-03
3.56336608e-03
3.55469284e-03
3.54595430e-03
3.53724257e-03
3.52857171e-03
3.51930139e-03
3.50963707e-03
3.50040375e-03
3.49194530e-03
3.48406684e-03
3.47619332e-03
3.46784604e-03
3.45917908e-03
3.45059708e-03
3.44230122e-03
3.43425518e-03
3.42632433e-03
3.41840896e-03
3.41048591e-03
3.40257921e-03
3.39471761e-03
3.38690952e-03
3.37915195e-03
3.37143343e-03
3.36371240e-03
3.35537658e-03
3.34685093e-03
3.33861162e-03
3.32887888e-03
3.31753120e-03
3.30706905e-03
3.29856890e-03
3.29146247e-03
3.28455242e-03
3.27708475e-03
3.26910365e-03
3.26106810e-03
3.25334043e-03
3.24581273e-03
3.23838214e-03
3.22680899e-03
3.21339695e-03
3.20072937e-03
3.19027200e-03
3.18184175e-03
3.17476281e-03
3.16807019e-03
3.16070340e-03
3.15199524e-03
3.14317622e-03
3.13498577e-03
3.12740091e-03
3.12005574e-03
3.11271040e-03
3.10403561e-03
3.09502748e-03
3.08697185e-03
3.08005868e-03
3.07364779e-03
3.06704091e-03
3.05999696e-03
3.05272033e-03
3.04553928e-03
3.03862530e-03
3.02736925e-03
3.01486186e-03
3.00471937e-03
2.99765247e-03
2.99208811e-03
2.98618581e-03
2.97926576e-03
2.97170503e-03
2.96421450e-03
2.95721308e-03
2.95067067e-03
2.94425001e-03
2.93769687e-03
2.93100524e-03
2.92428149e-03
2.91760963e-03
2.91019321e-03
2.90263188e-03
2.89557572e-03
2.88913551e-03
2.88301138e-03
2.87683742e-03
2.86890046e-03
2.86001598e-03
2.85187659e-03
2.84511715e-03
2.83924427e-03
2.83344704e-03
2.82728230e-03
2.82080701e-03
2.81430626e-03
2.80798513e-03
2.80185659e-03
2.79529688e-03
2.78730620e-03
2.77946849e-03
2.77269496e-03
2.76683933e-03
2.76122331e-03
2.75535226e-03
2.74916679e-03
2.74289765e-03
2.73677164e-03
2.73084679e-03
2.72503764e-03
2.71923251e-03
2.71241043e-03
2.70525091e-03
2.69865751e-03
2.69281594e-03
2.68731320e-03
2.68174075e-03
2.67594137e-03
2.67002576e-03
2.66417197e-03
2.65840602e-03
2.65270836e-03
2.64705992e-03
2.64143786e-03
2.63575439e-03
2.62993988e-03
2.62418076e-03
2.61857480e-03
2.61309741e-03
2.60766642e-03
2.60222040e-03
2.59674945e-03
2.59123099e-03
2.58573670e-03
2.57686418e-03
2.56369392e-03
2.55215418e-03
2.54500394e-03
2.54104210e-03
2.53649524e-03
2.53025603e-03
2.52309404e-03
2.51622766e-03
2.51004527e-03
2.50303168e-03
2.49295678e-03
2.48282840e-03
2.47475114e-03
2.46575216e-03
2.45644699e-03
2.44886796e-03
2.44330790e-03
2.43871901e-03
2.43386299e-03
2.42818081e-03
2.42094538e-03
2.41345054e-03
2.40690160e-03
2.40129703e-03
2.39620067e-03
2.39119340e-03
2.38606448e-03
2.38080330e-03
2.37521808e-03
2.36863723e-03
2.36010092e-03
2.35203985e-03
2.34448583e-03
2.33722974e-03
2.33080295e-03
2.32530186e-03
2.32036146e-03
2.31520756e-03
2.30962375e-03
2.30304825e-03
2.29633236e-03
2.29032441e-03
2.28511006e-03
2.28029705e-03
2.27546196e-03
2.27044843e-03
2.26534483e-03
2.26018491e-03
2.25514871e-03
2.24992092e-03
2.24394173e-03
2.23625726e-03
2.22907573e-03
2.22353322e-03
2.21928064e-03
2.21529453e-03
2.21084150e-03
2.20585119e-03
2.20068220e-03
2.19569619e-03
2.19101244e-03
2.18653222e-03
2.18209896e-03
2.17711749e-03
2.16791551e-03
2.15816140e-03
2.15057444e-03
2.14556537e-03
2.14186356e-03
2.13769061e-03
2.13297577e-03
2.12814045e-03
2.12346627e-03
2.11890109e-03
2.11425930e-03
2.10947868e-03
2.10468633e-03
2.10007450e-03
2.09574204e-03
2.09163545e-03
2.08720079e-03
2.08149180e-03
2.07580342e-03
2.07093520e-03
2.06681652e-03
2.06291311e-03
2.05874298e-03
2.05430150e-03
2.04982221e-03
2.04551756e-03
2.04142062e-03
2.03742669e-03
2.03341672e-03
2.02934235e-03
2.02522922e-03
2.02112967e-03
2.01707789e-03
2.01307604e-03
2.00910681e-03
2.00515209e-03
2.00120283e-03
1.99725826e-03
1.99332079e-03
1.98939270e-03
1.98547596e-03
1.98152717e-03
1.97746324e-03
1.97343285e-03
1.96951594e-03
1.96569485e-03
1.96190725e-03
1.95810654e-03
1.95108000e-03
1.94119823e-03
1.93261953e-03
1.92729911e-03
1.92433812e-03
1.92167927e-03
1.91805717e-03
1.91349887e-03
1.90873196e-03
1.90436674e-03
1.90051206e-03
1.89690727e-03
1.89325567e-03
1.88944070e-03
1.88317305e-03
1.87631089e-03
1.86811265e-03
1.85913364e-03
1.85223167e-03
1.84799852e-03
1.84517824e-03
1.84213274e-03
1.83808411e-03
1.83336185e-03
1.82815317e-03
1.82335993e-03
1.81933458e-03
1.81584070e-03
1.81244370e-03
1.80888014e-03
1.80514641e-03
1.80136286e-03
1.79765268e-03
1.79404502e-03
1.79049972e-03
1.78696913e-03
1.78341133e-03
1.77973380e-03
1.77606110e-03
1.77249524e-03
1.76880068e-03
1.76483537e-03
1.76096826e-03
1.75738230e-03
1.75401876e-03
1.75071396e-03
1.74731622e-03
1.74372032e-03
1.74005367e-03
1.73648627e-03
1.73307056e-03
1.72976025e-03
1.72637195e-03
1.72196091e-03
1.71748380e-03
1.71334277e-03
1.70973136e-03
1.70649416e-03
1.70334357e-03
1.70009732e-03
1.69673788e-03
1.69286071e-03
1.68809821e-03
1.68358704e-03
1.67989835e-03
1.67684870e-03
1.67393517e-03
1.66840470e-03
1.65870428e-03
1.64998773e-03
1.64495691e-03
1.64281599e-03
1.64117586e-03
1.63835477e-03
1.63426813e-03
1.62983792e-03
1.62592604e-03
1.62273175e-03
1.61990109e-03
1.61699179e-03
1.61382023e-03
1.61019322e-03
1.60645274e-03
1.60290916e-03
1.59971690e-03
1.59674423e-03
1.59378226e-03
1.59072482e-03
1.58759956e-03
1.58448879e-03
1.58144364e-03
1.57845715e-03
1.57549155e-03
1.57251748e-03
1.56953134e-03
1.56654712e-03
1.56357908e-03
1.56063159e-03
1.55770028e-03
1.55477882e-03
1.55186398e-03
1.54874174e-03
1.54559841e-03
1.54257815e-03
1.53969110e-03
1.53686258e-03
1.53380822e-03
1.53063235e-03
1.52754255e-03
1.52462184e-03
1.52160288e-03
1.51846399e-03
1.51540923e-03
1.51252042e-03
1.50974343e-03
1.50697994e-03
1.50417467e-03
1.50133683e-03
1.49850678e-03
1.49558003e-03
1.49232619e-03
1.48913901e-03
1.48622452e-03
1.48352926e-03
1.48088669e-03
1.47818237e-03
1.47541018e-03
1.47262639e-03
1.46987965e-03
1.46717834e-03
1.46450221e-03
1.46182984e-03
1.45915449e-03
1.45648190e-03
1.45381972e-03
1.45117049e-03
1.44853176e-03
1.44572357e-03
1.43661584e-03
1.42685721e-03
1.42067850e-03
1.41834442e-03
1.41747883e-03
1.41577550e-03
1.41256500e-03
1.40858782e-03
1.40411330e-03
1.40004172e-03
1.39689669e-03
1.39439749e-03
1.39199276e-03
1.38934368e-03
1.38598797e-03
1.38259229e-03
1.37961394e-03
1.37600996e-03
1.37232964e-03
1.36911102e-03
1.36638216e-03
1.36389578e-03
1.36108126e-03
1.35795022e-03
1.35482824e-03
1.35195791e-03
1.34928925e-03
1.34668852e-03
1.34414916e-03
1.34164561e-03
1.33914052e-03
1.33660814e-03
1.33405045e-03
1.33139956e-03
1.32877298e-03
1.32624830e-03
1.32382050e-03
1.32142405e-03
1.31902120e-03
1.31660017e-03
1.31416924e-03
1.31174262e-03
1.30933024e-03
1.30679171e-03
1.30382219e-03
1.30090619e-03
1.29832552e-03
1.29603715e-03
1.29383031e-03
1.29153881e-03
1.28912890e-03
1.28667740e-03
1.28426687e-03
1.28192564e-03
1.27960138e-03
1.27713114e-03
1.27465320e-03
1.27226605e-03
1.26997481e-03
1.26772790e-03
1.26534052e-03
1.26282569e-03
1.25723882e-03
1.24783776e-03
1.23992255e-03
1.23588860e-03
1.23464558e-03
1.23377526e-03
1.23169244e-03
1.22839078e-03
1.22482469e-03
1.22171892e-03
1.21836394e-03
1.21527536e-03
1.21264916e-03
1.21033967e-03
1.20809658e-03
1.20578288e-03
1.20321402e-03
1.20013304e-03
1.19717291e-03
1.19465717e-03
1.19249358e-03
1.19040958e-03
1.18729727e-03
1.18359519e-03
1.18029030e-03
1.17774732e-03
1.17561953e-03
1.17329468e-03
1.17084416e-03
1.16844616e-03
1.16618404e-03
1.16401057e-03
1.16183535e-03
1.15961511e-03
1.15737254e-03
1.15515661e-03
1.15299711e-03
1.15088777e-03
1.14880116e-03
1.14671276e-03
1.14436229e-03
1.14185707e-03
1.13948417e-03
1.13734006e-03
1.13532041e-03
1.13330069e-03
1.13122937e-03
1.12912283e-03
1.12664248e-03
1.12411588e-03
1.12182397e-03
1.11978864e-03
1.11786261e-03
1.11590107e-03
1.11385892e-03
1.11177686e-03
1.10971198e-03
1.10768988e-03
1.10570003e-03
1.10358377e-03
1.10143638e-03
1.09936227e-03
1.09736806e-03
1.09541887e-03
1.09347420e-03
1.09151545e-03
1.08954788e-03
1.08758527e-03
1.08563613e-03
1.08370022e-03
1.08177293e-03
1.07985061e-03
1.07793226e-03
1.07601842e-03
1.07410966e-03
1.07220593e-03
1.06940180e-03
1.06319104e-03
1.05716488e-03
1.05353641e-03
1.05209602e-03
1.05120944e-03
1.04959782e-03
1.04715517e-03
1.04442664e-03
1.04194774e-03
1.03962403e-03
1.03719513e-03
1.03461699e-03
1.03204468e-03
1.02979099e-03
1.02785920e-03
1.02605485e-03
1.02420138e-03
1.02225485e-03
1.02027682e-03
1.01834402e-03
1.01648517e-03
1.01467797e-03
1.01288302e-03
1.01107581e-03
1.00925587e-03
1.00743667e-03
1.00563102e-03
1.00384327e-03
1.00196041e-03
9.99792994e-04
9.97668571e-04
9.95768798e-04
9.94056762e-04
9.92390502e-04
9.90664873e-04
9.88047540e-04
9.85178042e-04
9.82772466e-04
9.80975892e-04
9.79485681e-04
9.77940353e-04
9.76189172e-04
9.74302126e-04
9.72422769e-04
9.70570414e-04
9.68448528e-04
9.66357790e-04
9.64474414e-04
9.62778613e-04
9.61153910e-04
9.59506421e-04
9.57811032e-04
9.55632263e-04
9.53347306e-04
9.51323828e-04
9.49624642e-04
9.48088148e-04
9.46527767e-04
9.44863578e-04
9.43126444e-04
9.41387689e-04
9.39693976e-04
9.38047980e-04
9.36426567e-04
9.34807149e-04
9.33181124e-04
9.31551863e-04
9.29926100e-04
9.28307649e-04
9.26696408e-04
9.25090574e-04
9.23488858e-04
9.21891120e-04
9.20159710e-04
9.18365931e-04
9.16419566e-04
9.14556859e-04
9.12875936e-04
9.11327373e-04
9.09810433e-04
9.08260892e-04
9.06673375e-04
9.05073708e-04
9.03484705e-04
9.01912440e-04
9.00352024e-04
8.98798195e-04
8.97250012e-04
8.95708967e-04
8.94175468e-04
8.92647653e-04
8.91122759e-04
8.89599060e-04
8.88076645e-04
8.86556837e-04
8.85041064e-04
8.83530059e-04
8.82023722e-04
8.80521460e-04
8.79022643e-04
8.77526916e-04
8.76034265e-04
8.74544887e-04
8.72897695e-04
8.71056425e-04
8.69291239e-04
8.67724718e-04
8.66304283e-04
8.64909095e-04
8.63460820e-04
8.61958367e-04
8.60443889e-04
8.58953217e-04
8.57492670e-04
8.56047535e-04
8.54395477e-04
8.52193102e-04
8.49693573e-04
8.47593107e-04
8.45820118e-04
8.44165852e-04
8.42565429e-04
8.40979782e-04
8.39412330e-04
8.37887091e-04
8.36415438e-04
8.34871787e-04
8.33191852e-04
8.31547134e-04
8.30021631e-04
8.28600987e-04
8.27221113e-04
8.25831104e-04
8.24418912e-04
8.22998651e-04
8.21586452e-04
8.20187466e-04
8.18798031e-04
8.17413779e-04
8.16034020e-04
8.14660502e-04
8.13293993e-04
8.11932729e-04
8.10573709e-04
8.09215065e-04
8.07857265e-04
8.06502421e-04
8.05152594e-04
8.03808488e-04
8.02469294e-04
8.01133477e-04
7.99799773e-04
7.98467744e-04
7.97137732e-04
7.95810428e-04
7.94486415e-04
7.93165921e-04
7.91848826e-04
7.90534820e-04
7.89223591e-04
7.87914950e-04
7.86608862e-04
7.85305409e-04
7.84004715e-04
7.82706873e-04
7.81411908e-04
7.80119773e-04
7.78830385e-04
7.77543660e-04
7.76259551e-04
7.74978052e-04
7.73699190e-04
7.72422999e-04
7.71149497e-04
7.69878678e-04
7.68610515e-04
7.67062950e-04
7.63031655e-04
7.58683458e-04
7.55641077e-04
7.54166483e-04
7.53545480e-04
7.52918443e-04
7.51854634e-04
7.50112132e-04
7.47940288e-04
7.45896654e-04
7.44247275e-04
7.42949955e-04
7.41822718e-04
7.40703747e-04
7.39514607e-04
7.38246779e-04
7.36926504e-04
7.35590375e-04
7.34273236e-04
7.32999456e-04
7.31775283e-04
7.30587327e-04
7.29410604e-04
7.28222334e-04
7.27013040e-04
7.25788659e-04
7.24563875e-04
7.23352194e-04
7.22159070e-04
7.20981108e-04
7.19810139e-04
7.18638619e-04
7.17462222e-04
7.16280121e-04
7.15098780e-04
7.13923400e-04
7.12755483e-04
7.11593229e-04
7.10434463e-04
7.09277780e-04
7.08122689e-04
7.06969296e-04
7.05818002e-04
7.04669297e-04
7.03523569e-04
7.02380938e-04
7.01081336e-04
6.99756043e-04
6.98517743e-04
6.97378927e-04
6.96286068e-04
6.95184407e-04
6.94053810e-04
6.92904584e-04
6.91755607e-04
6.90618272e-04
6.89493771e-04
6.88378060e-04
6.87266833e-04
6.86065675e-04
6.84848416e-04
6.83679101e-04
6.82565876e-04
6.81480608e-04
6.80394589e-04
6.79104401e-04
6.77687130e-04
6.76372405e-04
6.75233982e-04
6.74200723e-04
6.73166513e-04
6.72078809e-04
6.70951542e-04
6.69825389e-04
6.68726331e-04
6.67652869e-04
6.66588717e-04
6.65520780e-04
6.64447078e-04
6.63373164e-04
6.62304587e-04
6.61242605e-04
6.60184927e-04
6.59128828e-04
6.58073339e-04
6.57019264e-04
6.55967892e-04
6.54573717e-04
6.53062324e-04
6.51675832e-04
6.50532769e-04
6.49550546e-04
6.48584229e-04
6.47549732e-04
6.46452769e-04
6.45344694e-04
6.44267252e-04
6.43228339e-04
6.42211212e-04
6.41195987e-04
6.40173608e-04
6.39146458e-04
6.38121236e-04
6.37102290e-04
6.36089562e-04
6.35080446e-04
6.34072610e-04
6.33065483e-04
6.32059962e-04
6.31057225e-04
6.30057773e-04
6.29061254e-04
6.28066907e-04
6.27074136e-04
6.26082810e-04
6.25093180e-04
6.24105601e-04
6.23120274e-04
6.22137174e-04
6.21156130e-04
6.20176965e-04
6.19019310e-04
6.17777166e-04
6.16633727e-04
6.15637255e-04
6.14720962e-04
6.13796197e-04
6.12822207e-04
6.11813437e-04
6.10805875e-04
6.09823070e-04
6.08865130e-04
6.07918207e-04
6.06969258e-04
6.06013986e-04
6.05055711e-04
6.04099837e-04
6.03149393e-04
6.02204019e-04
6.01261575e-04
6.00320225e-04
5.99379489e-04
5.98440007e-04
5.97502675e-04
5.96567945e-04
5.95635655e-04
5.94672874e-04
5.93498793e-04
5.92327040e-04
5.91293211e-04
5.90388875e-04
5.89525420e-04
5.88628177e-04
5.87681649e-04
5.86714830e-04
5.85762174e-04
5.84837425e-04
5.83932682e-04
5.83032485e-04
5.82126975e-04
5.81215735e-04
5.80303827e-04
5.79396010e-04
5.78317877e-04
5.77186472e-04
5.76150984e-04
5.75242092e-04
5.74397296e-04
5.73541771e-04
5.72420903e-04
5.71233388e-04
5.70171908e-04
5.69271882e-04
5.68449475e-04
5.67608795e-04
5.66713086e-04
5.65784519e-04
5.64862841e-04
5.63969415e-04
5.63099649e-04
5.62236971e-04
5.61369272e-04
5.60495185e-04
5.59620186e-04
5.58749647e-04
5.57885033e-04
5.57024508e-04
5.56165614e-04
5.55303109e-04
5.54406158e-04
5.53480801e-04
5.52576801e-04
5.51712106e-04
5.50873464e-04
5.50038541e-04
5.49194613e-04
5.48342378e-04
5.47489053e-04
5.46640451e-04
5.45797884e-04
5.44959589e-04
5.44123409e-04
5.43288281e-04
5.42454167e-04
5.41621370e-04
5.40790077e-04
5.39960326e-04
5.39002215e-04
5.37965173e-04
5.36997574e-04
5.36145542e-04
5.35361665e-04
5.34576338e-04
5.33754665e-04
5.32905043e-04
5.32054223e-04
5.31220691e-04
5.30405491e-04
5.29599063e-04
5.28792255e-04
5.27982068e-04
5.27170606e-04
5.26361089e-04
5.25555019e-04
5.24751914e-04
5.23950578e-04
5.23150291e-04
5.22319496e-04
5.21428454e-04
5.20551284e-04
5.19725236e-04
5.18940507e-04
5.18167711e-04
5.17386153e-04
5.16592686e-04
5.15794516e-04
5.14999041e-04
5.14209197e-04
5.13424359e-04
5.12642894e-04
5.11863566e-04
5.11085607e-04
5.10308508e-04
5.09532063e-04
5.08756523e-04
5.07982460e-04
5.07210381e-04
5.06440401e-04
5.05672226e-04
5.04905410e-04
5.04139657e-04
5.03374945e-04
5.02611447e-04
5.01849360e-04
5.01088781e-04
5.00329684e-04
4.99571980e-04
4.98815585e-04
4.98060461e-04
4.97306612e-04
4.96554062e-04
4.95802831e-04
4.95052925e-04
4.94304337e-04
4.93557055e-04
4.92811067e-04
4.92066366e-04
4.91322950e-04
4.90580820e-04
4.89839975e-04
4.89100412e-04
4.88362125e-04
4.87625112e-04
4.86889367e-04
4.86154888e-04
4.85421674e-04
4.84689722e-04
4.83959029e-04
4.83229591e-04
4.82501404e-04
4.81774466e-04
4.81048771e-04
4.80324319e-04
4.79601106e-04
4.78879130e-04
4.78158387e-04
4.77438876e-04
4.76720592e-04
4.76003533e-04
4.75287696e-04
4.74573080e-04
4.73859682e-04
4.73147498e-04
4.72436526e-04
4.71726764e-04
4.71018208e-04
4.70310855e-04
4.69604703e-04
4.68899749e-04
4.68195991e-04
4.67493425e-04
4.66792049e-04
4.66091860e-04
4.65392857e-04
4.64695035e-04
4.63998393e-04
4.63302927e-04
4.62608636e-04
4.61888278e-04
4.60748608e-04
4.59578719e-04
4.58653261e-04
4.57982828e-04
4.57407604e-04
4.56780001e-04
4.56055137e-04
4.55277277e-04
4.54512153e-04
4.53793691e-04
4.53114695e-04
4.52448693e-04
4.51774842e-04
4.51088211e-04
4.50395356e-04
4.49704806e-04
4.49020873e-04
4.48343081e-04
4.47668776e-04
4.46995703e-04
4.46322997e-04
4.45650851e-04
4.44979795e-04
4.44310233e-04
4.43642308e-04
4.42975959e-04
4.42311009e-04
4.41647252e-04
4.40984529e-04
4.40322797e-04
4.39662118e-04
4.39002614e-04
4.38344378e-04
4.37687428e-04
4.37031710e-04
4.36377146e-04
4.35723677e-04
4.35071288e-04
4.34419993e-04
4.33752345e-04
4.33062582e-04
4.32382060e-04
4.31724645e-04
4.31069010e-04
4.30346996e-04
4.29622841e-04
4.28940808e-04
4.28300896e-04
4.27676500e-04
4.26666124e-04
4.25254205e-04
4.24015693e-04
4.23198722e-04
4.22676735e-04
4.22185594e-04
4.21561529e-04
4.20811063e-04
4.20033624e-04
4.19312304e-04
4.18662260e-04
4.18048520e-04
4.17431181e-04
4.16794478e-04
4.16146226e-04
4.15500964e-04
4.14865937e-04
4.14238779e-04
4.13443372e-04
4.12607798e-04
4.11860518e-04
4.11224498e-04
4.10643949e-04
4.10054733e-04
4.09430690e-04
4.08783894e-04
4.08138640e-04
4.07508825e-04
4.06893005e-04
4.06282610e-04
4.05671435e-04
4.05058926e-04
4.04447653e-04
4.03839496e-04
4.03234087e-04
4.02629795e-04
4.02025479e-04
4.01421308e-04
4.00818309e-04
4.00217391e-04
3.99618727e-04
3.99021814e-04
3.98425964e-04
3.97830759e-04
3.97236197e-04
3.96642546e-04
3.96050100e-04
3.95459007e-04
3.94869239e-04
3.94280659e-04
3.93692976e-04
3.93106061e-04
3.92520102e-04
3.91935242e-04
3.91351519e-04
3.90768902e-04
3.90187343e-04
3.89606800e-04
3.89027244e-04
3.88448654e-04
3.87871021e-04
3.87294347e-04
3.86718648e-04
3.86143941e-04
3.85570232e-04
3.84997520e-04
3.84425789e-04
3.83855025e-04
3.83285215e-04
3.82716352e-04
3.82148434e-04
3.81581464e-04
3.81015442e-04
3.80450368e-04
3.79886240e-04
3.79323052e-04
3.78760802e-04
3.78199485e-04
3.77639097e-04
3.77079638e-04
3.76521105e-04
3.75963498e-04
3.75406814e-04
3.74851050e-04
3.74296204e-04
3.73742272e-04
3.73189252e-04
3.72637140e-04
3.72085935e-04
3.71535635e-04
3.70986237e-04
3.70437740e-04
3.69890142e-04
3.69343441e-04
3.68797634e-04
3.68252719e-04
3.67708695e-04
3.67165560e-04
3.66623312e-04
3.66081948e-04
3.65541466e-04
3.65001864e-04
3.64463141e-04
3.63925293e-04
3.63388320e-04
3.62852218e-04
3.62316986e-04
3.61782623e-04
3.61249127e-04
3.60716496e-04
3.60184728e-04
3.59653822e-04
3.59123775e-04
3.58594586e-04
3.58066253e-04
3.57538773e-04
3.57012146e-04
3.56486369e-04
3.55961441e-04
3.55437360e-04
3.54914124e-04
3.54391731e-04
3.53870179e-04
3.53349468e-04
3.52829595e-04
3.52310558e-04
3.51792356e-04
3.51274987e-04
3.50758450e-04
3.50242742e-04
3.49727862e-04
3.49213808e-04
3.48700579e-04
3.48188173e-04
3.47676588e-04
3.47165823e-04
3.46655876e-04
3.46146745e-04
3.45638429e-04
3.45130927e-04
3.44624236e-04
3.44118355e-04
3.43613283e-04
3.43109017e-04
3.42605557e-04
3.42102901e-04
3.41601047e-04
3.41099993e-04
3.40559490e-04
3.39950630e-04
3.39359948e-04
3.38829703e-04
3.38346302e-04
3.37872978e-04
3.37365466e-04
3.36812350e-04
3.36261586e-04
3.35741596e-04
3.35249948e-04
3.34768593e-04
3.34282915e-04
3.33789572e-04
3.33292948e-04
3.32798186e-04
3.32307297e-04
3.31819481e-04
3.31333233e-04
3.30847755e-04
3.30363014e-04
3.29879172e-04
3.29396205e-04
3.28913968e-04
3.28432407e-04
3.27951638e-04
3.27471837e-04
3.26993080e-04
3.26515301e-04
3.26038351e-04
3.25562108e-04
3.25086536e-04
3.24611669e-04
3.24137561e-04
3.23664249e-04
3.23191734e-04
3.22719999e-04
3.22249025e-04
3.21778801e-04
3.21309324e-04
3.20840596e-04
3.20372616e-04
3.19905382e-04
3.19438892e-04
3.18973141e-04
3.18508127e-04
3.18043848e-04
3.17580302e-04
3.17117490e-04
3.16655411e-04
3.16194064e-04
3.15733447e-04
3.15273557e-04
3.14814391e-04
3.14355948e-04
3.13898226e-04
3.13441222e-04
3.12984936e-04
3.12529367e-04
3.12074513e-04
3.11620373e-04
3.11166945e-04
3.10714228e-04
3.10262220e-04
3.09810921e-04
3.09360329e-04
3.08910444e-04
3.08461262e-04
3.08012784e-04
3.07565006e-04
3.07117929e-04
3.06671550e-04
3.06225867e-04
3.05780881e-04
3.05336589e-04
3.04892990e-04
3.04450083e-04
3.04007867e-04
3.03566341e-04
3.03125503e-04
3.02685352e-04
3.02245886e-04
3.01807105e-04
3.01369007e-04
3.00931590e-04
3.00494854e-04
3.00058797e-04
2.99623418e-04
2.99188715e-04
2.98754688e-04
2.98321335e-04
2.97888656e-04
2.97456648e-04
2.97025310e-04
2.96594641e-04
2.96164641e-04
2.95735307e-04
2.95306639e-04
2.94878635e-04
2.94451294e-04
2.94024615e-04
2.93598597e-04
2.93173238e-04
2.92748538e-04
2.92324495e-04
2.91901107e-04
2.91478375e-04
2.91056296e-04
2.90634870e-04
2.90214095e-04
2.89793970e-04
2.89374494e-04
2.88955665e-04
2.88537483e-04
2.88119947e-04
2.87703054e-04
2.87286805e-04
2.86871198e-04
2.86456231e-04
2.86041904e-04
2.85628216e-04
2.85215165e-04
2.84802750e-04
2.84390970e-04
2.83979824e-04
2.83569311e-04
2.83159430e-04
2.82750179e-04
2.82341558e-04
2.81933565e-04
2.81526199e-04
2.81119460e-04
2.80713345e-04
2.80307854e-04
2.79902987e-04
2.79498741e-04
2.79095115e-04
2.78692109e-04
2.78289722e-04
2.77887951e-04
2.77486797e-04
2.77086259e-04
2.76686334e-04
2.76287022e-04
2.75888322e-04
2.75490233e-04
2.75092754e-04
2.74695884e-04
2.74299621e-04
2.73903965e-04
2.73508914e-04
2.73114468e-04
2.72720625e-04
2.72327384e-04
2.71934745e-04
2.71542706e-04
2.71151267e-04
2.70760425e-04
2.70370181e-04
2.69980533e-04
2.69591479e-04
2.69203020e-04
2.68815154e-04
2.68427880e-04
2.68041197e-04
2.67655103e-04
2.67269599e-04
2.66884682e-04
2.66500352e-04
2.66116608e-04
2.65733449e-04
2.65350874e-04
2.64968881e-04
2.64587470e-04
2.64206640e-04
2.63826390e-04
2.63446719e-04
2.63067625e-04
2.62689109e-04
2.62311168e-04
2.61933801e-04
2.61557009e-04
2.61180789e-04
2.60805142e-04
2.60430065e-04
2.60055558e-04
2.59681620e-04
2.59308250e-04
2.58935447e-04
2.58563210e-04
2.58176185e-04
2.57760993e-04
2.57350883e-04
2.56965321e-04
2.56600343e-04
2.56240821e-04
2.55875516e-04
2.55503074e-04
2.55128555e-04
2.54756964e-04
2.54389660e-04
2.54024951e-04
2.53660636e-04
2.53295805e-04
2.52930909e-04
2.52566787e-04
2.52203825e-04
2.51841815e-04
2.51480338e-04
2.51119174e-04
2.50758407e-04
2.50398258e-04
2.50038875e-04
2.49680232e-04
2.49322196e-04
2.48964634e-04
2.48607498e-04
2.48250824e-04
2.47894683e-04
2.47539133e-04
2.47184189e-04
2.46829837e-04
2.46476045e-04
2.46122786e-04
2.45770044e-04
2.45417814e-04
2.45066101e-04
2.44714914e-04
2.44364262e-04
2.44014151e-04
2.43664580e-04
2.43315547e-04
2.42967044e-04
2.42619065e-04
2.42271605e-04
2.41924664e-04
2.41578245e-04
2.41232348e-04
2.40886974e-04
2.40542123e-04
2.40197792e-04
2.39853980e-04
2.39510686e-04
2.39167908e-04
2.38825646e-04
2.38483900e-04
2.38142670e-04
2.37801955e-04
2.37461751e-04
2.37122059e-04
2.36782876e-04
2.36444201e-04
2.36106035e-04
2.35768377e-04
2.35431226e-04
2.35094582e-04
2.34758443e-04
2.34422809e-04
2.34087679e-04
2.33753051e-04
2.33418924e-04
2.33085299e-04
2.32752173e-04
2.32419546e-04
2.32087419e-04
2.31755789e-04
2.31424656e-04
2.31094020e-04
2.30763878e-04
2.30434232e-04
2.30105078e-04
2.29776418e-04
2.29448249e-04
2.29120571e-04
2.28793383e-04
2.28466685e-04
2.28140475e-04
2.27814753e-04
2.27489518e-04
2.27164769e-04
2.26840506e-04
2.26516726e-04
2.26193431e-04
2.25870618e-04
2.25548288e-04
2.25226439e-04
2.24905070e-04
2.24584181e-04
2.24263771e-04
2.23943839e-04
2.23624385e-04
2.23305407e-04
2.22986905e-04
2.22668878e-04
2.22351326e-04
2.22034246e-04
2.21717640e-04
2.21401505e-04
2.21085841e-04
2.20770648e-04
2.20455924e-04
2.20141669e-04
2.19827881e-04
2.19514562e-04
2.19201708e-04
2.18889320e-04
2.18577397e-04
2.18265939e-04
2.17954943e-04
2.17644411e-04
2.17334340e-04
2.17024730e-04
2.16715581e-04
2.16406892e-04
2.16098661e-04
2.15790889e-04
2.15483573e-04
2.15176715e-04
2.14870312e-04
2.14564365e-04
2.14258872e-04
2.13953832e-04
2.13649246e-04
2.13345112e-04
2.13041429e-04
2.12738197e-04
2.12435414e-04
2.12133082e-04
2.11831197e-04
2.11529761e-04
2.11228771e-04
2.10928228e-04
2.10628130e-04
2.10328478e-04
2.10029269e-04
2.09730504e-04
2.09432182e-04
2.09134301e-04
2.08834274e-04
2.08514990e-04
2.08195255e-04
2.07887630e-04
2.07592233e-04
2.07301798e-04
2.07009713e-04
2.06714110e-04
2.06416875e-04
2.06120519e-04
2.05826087e-04
2.05533127e-04
2.05240771e-04
2.04948615e-04
2.04656804e-04
2.04365620e-04
2.04075119e-04
2.03785115e-04
2.03495387e-04
2.03205873e-04
2.02916695e-04
2.02628033e-04
2.02339996e-04
2.02052563e-04
2.01765633e-04
2.01479098e-04
2.01192903e-04
2.00907054e-04
2.00621597e-04
2.00336576e-04
2.00052016e-04
1.99767919e-04
1.99484269e-04
1.99201044e-04
1.98918229e-04
1.98635818e-04
1.98353813e-04
1.98072223e-04
1.97791057e-04
1.97510316e-04
1.97230001e-04
1.96950104e-04
1.96669402e-04
1.96379115e-04
1.96088983e-04
1.95805209e-04
1.95527579e-04
1.95252446e-04
1.94963510e-04
1.94664325e-04
1.94371325e-04
1.94090731e-04
1.93818307e-04
1.93546682e-04
1.93271799e-04
1.92994245e-04
1.92716738e-04
1.92441218e-04
1.92167789e-04
1.91895453e-04
1.91623305e-04
1.91351126e-04
1.91079208e-04
1.90807870e-04
1.90537176e-04
1.90266972e-04
1.89997089e-04
1.89727486e-04
1.89458244e-04
1.89189473e-04
1.88921218e-04
1.88653450e-04
1.88386097e-04
1.88119106e-04
1.87852463e-04
1.87586186e-04
1.87320304e-04
1.87054835e-04
1.86789779e-04
1.86525127e-04
1.86260866e-04
1.85996991e-04
1.85733498e-04
1.85470392e-04
1.85207672e-04
1.84945341e-04
1.84683398e-04
1.84421842e-04
1.84160671e-04
1.83899884e-04
1.83639480e-04
1.83379457e-04
1.83119817e-04
1.82860557e-04
1.82601679e-04
1.82343182e-04
1.82085066e-04
1.81827329e-04
1.81569970e-04
1.81312988e-04
1.81056383e-04
1.80800154e-04
1.80544302e-04
1.80288825e-04
1.80033723e-04
1.79778995e-04
1.79524615e-04
1.79270372e-04
1.79016468e-04
1.78763054e-04
1.78510159e-04
1.78257717e-04
1.78005649e-04
1.77753908e-04
1.77502492e-04
1.77251423e-04
1.77000722e-04
1.76750404e-04
1.76500470e-04
1.76250915e-04
1.76001731e-04
1.75752910e-04
1.75504450e-04
1.75256347e-04
1.75008603e-04
1.74761222e-04
1.74514204e-04
1.74267550e-04
1.74021258e-04
1.73775326e-04
1.73529753e-04
1.73284537e-04
1.73039679e-04
1.72795178e-04
1.72551035e-04
1.72307249e-04
1.72063819e-04
1.71820744e-04
1.71578024e-04
1.71335658e-04
1.71093645e-04
1.70851985e-04
1.70610678e-04
1.70369722e-04
1.70129119e-04
1.69888865e-04
1.69648963e-04
1.69409410e-04
1.69170206e-04
1.68931351e-04
1.68692844e-04
1.68454684e-04
1.68216872e-04
1.67979405e-04
1.67742285e-04
1.67505510e-04
1.67269080e-04
1.67032994e-04
1.66797251e-04
1.66561852e-04
1.66326796e-04
1.66092082e-04
1.65857709e-04
1.65623677e-04
1.65389986e-04
1.65156635e-04
1.64923623e-04
1.64690951e-04
1.64458616e-04
1.64226620e-04
1.63994961e-04
1.63763638e-04
1.63532653e-04
1.63302002e-04
1.63071687e-04
1.62841707e-04
1.62612061e-04
1.62382749e-04
1.62153770e-04
1.61925124e-04
1.61695540e-04
1.61464347e-04
1.61233551e-04
1.61004329e-04
1.60776712e-04
1.60550133e-04
1.60324032e-04
1.60098124e-04
1.59872335e-04
1.59646679e-04
1.59421197e-04
1.59195953e-04
1.58971047e-04
1.58746574e-04
1.58522588e-04
1.58299077e-04
1.58075976e-04
1.57853208e-04
1.57630718e-04
1.57408486e-04
1.57186528e-04
1.56964876e-04
1.56743561e-04
1.56522600e-04
1.56301993e-04
1.56081727e-04
1.55861786e-04
1.55642156e-04
1.55422831e-04
1.55203814e-04
1.54985112e-04
1.54766729e-04
1.54548670e-04
1.54330935e-04
1.54113521e-04
1.53896426e-04
1.53679646e-04
1.53463180e-04
1.53247028e-04
1.53031190e-04
1.52815665e-04
1.52600454e-04
1.52385555e-04
1.52170967e-04
1.51956689e-04
1.51742721e-04
1.51526766e-04
1.51310415e-04
1.51095556e-04
1.50882559e-04
1.50670648e-04
1.50458918e-04
1.50247005e-04
1.50035075e-04
1.49823462e-04
1.49612344e-04
1.49401695e-04
1.49191399e-04
1.48981381e-04
1.48771638e-04
1.48562207e-04
1.48353110e-04
1.48144337e-04
1.47935867e-04
1.47727685e-04
1.47519794e-04
1.47312204e-04
1.47104925e-04
1.46897956e-04
1.46691295e-04
1.46484933e-04
1.46278869e-04
1.46073102e-04
1.45867631e-04
1.45662459e-04
1.45457583e-04
1.45253005e-04
1.45048723e-04
1.44844737e-04
1.44641046e-04
1.44437649e-04
1.44234547e-04
1.44031738e-04
1.43829222e-04
1.43626999e-04
1.43425068e-04
1.43223428e-04
1.43022080e-04
1.42821023e-04
1.42620256e-04
1.42419779e-04
1.42219592e-04
1.42019693e-04
1.41820083e-04
1.41620761e-04
1.41421727e-04
1.41222980e-04
1.41024519e-04
1.40826345e-04
1.40628457e-04
1.40430854e-04
1.40233536e-04
1.40036503e-04
1.39839754e-04
1.39643288e-04
1.39447106e-04
1.39251207e-04
1.39055590e-04
1.38860255e-04
1.38665201e-04
1.38470429e-04
1.38275937e-04
1.38081725e-04
1.37887793e-04
1.37694141e-04
1.37500768e-04
1.37307673e-04
1.37114856e-04
1.36922317e-04
1.36730055e-04
1.36538070e-04
1.36346361e-04
1.36154929e-04
1.35963772e-04
1.35772890e-04
1.35582283e-04
1.35391951e-04
1.35201892e-04
1.35012107e-04
1.34822595e-04
1.34633355e-04
1.34444388e-04
1.34255693e-04
1.34067269e-04
1.33879116e-04
1.33691234e-04
1.33503622e-04
1.33316280e-04
1.33129207e-04
1.32942403e-04
1.32755868e-04
1.32569601e-04
1.32383602e-04
1.32197870e-04
1.32012405e-04
1.31827207e-04
1.31642275e-04
1.31457609e-04
1.31273208e-04
1.31089072e-04
1.30905201e-04
1.30721593e-04
1.30538250e-04
1.30355170e-04
1.30172353e-04
1.29989798e-04
1.29807506e-04
1.29625476e-04
1.29443707e-04
1.29262199e-04
1.29080951e-04
1.28899964e-04
1.28719237e-04
1.28538769e-04
1.28358560e-04
1.28178610e-04
1.27998918e-04
1.27819484e-04
1.27640307e-04
1.27461388e-04
1.27282726e-04
1.27104319e-04
1.26926169e-04
1.26748274e-04
1.26570635e-04
1.26393250e-04
1.26216120e-04
1.26039244e-04
1.25862621e-04
1.25686252e-04
1.25510136e-04
1.25334272e-04
1.25158661e-04
1.24983301e-04
1.24808193e-04
1.24633335e-04
1.24458728e-04
1.24284372e-04
1.24110265e-04
1.23936408e-04
1.23762801e-04
1.23589442e-04
1.23416331e-04
1.23243468e-04
1.23070853e-04
1.22898486e-04
1.22726365e-04
1.22554491e-04
1.22382863e-04
1.22211481e-04
1.22040344e-04
1.21869453e-04
1.21698806e-04
1.21528403e-04
1.21358245e-04
1.21188330e-04
1.21018659e-04
1.20849230e-04
1.20680044e-04
1.20511100e-04
1.20342398e-04
1.20173937e-04
1.20005718e-04
1.19837739e-04
1.19670001e-04
1.19502503e-04
1.19335244e-04
1.19168225e-04
1.19001444e-04
1.18834902e-04
1.18668599e-04
1.18502533e-04
1.18336705e-04
1.18171114e-04
1.18005760e-04
1.17840642e-04
1.17675761e-04
1.17511115e-04
1.17346705e-04
1.17182530e-04
1.17018589e-04
1.16854883e-04
1.16691411e-04
1.16528173e-04
1.16365168e-04
1.16202396e-04
1.16039856e-04
1.15877549e-04
1.15715474e-04
1.15553631e-04
1.15392018e-04
1.15230637e-04
1.15069486e-04
1.14908566e-04
1.14747875e-04
1.14587414e-04
1.14427182e-04
1.14267179e-04
1.14107405e-04
1.13947858e-04
1.13788540e-04
1.13629449e-04
1.13470585e-04
1.13311948e-04
1.13153538e-04
1.12995354e-04
1.12837395e-04
1.12679663e-04
1.12522155e-04
1.12364872e-04
1.12207814e-04
1.12050979e-04
1.11894369e-04
1.11737982e-04
1.11581819e-04
1.11425878e-04
1.11270159e-04
1.11114663e-04
1.10959389e-04
1.10804336e-04
1.10649505e-04
1.10494894e-04
1.10340504e-04
1.10186334e-04
1.10032384e-04
1.09878654e-04
1.09725143e-04
1.09571850e-04
1.09418777e-04
1.09265921e-04
1.09113284e-04
1.08960864e-04
1.08808662e-04
1.08656676e-04
1.08504907e-04
1.08353355e-04
1.08202018e-04
1.08050898e-04
1.07899992e-04
1.07749302e-04
1.07598827e-04
1.07448565e-04
1.07298519e-04
1.07148685e-04
1.06999066e-04
1.06849659e-04
1.06700466e-04
1.06551485e-04
1.06402716e-04
1.06254159e-04
1.06105814e-04
1.05957680e-04
1.05809756e-04
1.05662044e-04
1.05514542e-04
1.05367250e-04
1.05220168e-04
1.05073295e-04
1.04926632e-04
1.04780177e-04
1.04633931e-04
1.04487893e-04
1.04342062e-04
1.04196440e-04
1.04051024e-04
1.03905816e-04
1.03760815e-04
1.03616019e-04
1.03471430e-04
1.03327047e-04
1.03182869e-04
1.03038896e-04
1.02895128e-04
1.02751564e-04
1.02608205e-04
1.02465050e-04
1.02322099e-04
1.02179350e-04
1.02036805e-04
1.01894463e-04
1.01752323e-04
1.01610385e-04
1.01468650e-04
1.01327115e-04
1.01185782e-04
1.01044650e-04
1.00903719e-04
1.00762988e-04
1.00622457e-04
1.00482126e-04
1.00341994e-04
1.00202062e-04
1.00062329e-04
9.99227940e-05
9.97834575e-05
9.96443191e-05
9.95053785e-05
9.93666353e-05
9.92280893e-05
9.90897402e-05
9.89515877e-05
9.88136315e-05
9.86758713e-05
9.85383069e-05
9.84009379e-05
9.82637641e-05
9.81267851e-05
9.79900007e-05
9.78534107e-05
9.77170147e-05
9.75808124e-05
9.74448035e-05
9.73089878e-05
9.71733650e-05
9.70379348e-05
9.69026970e-05
9.67676511e-05
9.66327970e-05
9.64981344e-05
9.63636630e-05
9.62293826e-05
9.60952927e-05
9.59613932e-05
9.58276838e-05
9.56941642e-05
9.55608341e-05
9.54276933e-05
9.52947414e-05
9.51619782e-05
9.50294035e-05
9.48970168e-05
9.47648181e-05
9.46328069e-05
9.45009831e-05
9.43693463e-05
9.42378962e-05
9.41066327e-05
9.39755554e-05
9.38446640e-05
9.37139584e-05
9.35834381e-05
9.34531029e-05
9.33229527e-05
9.31929870e-05
9.30632057e-05
9.29336084e-05
9.28041949e-05
9.26749649e-05
9.25459182e-05
9.24170544e-05
9.22883734e-05
9.21598748e-05
9.20315585e-05
9.19034240e-05
9.17754712e-05
9.16476997e-05
9.15201094e-05
9.13927000e-05
9.12654712e-05
9.11384226e-05
9.10115542e-05
9.08848655e-05
9.07583564e-05
9.06320266e-05
9.05058758e-05
9.03799038e-05
9.02541102e-05
9.01284949e-05
9.00030576e-05
8.98777980e-05
8.97527159e-05
8.96278109e-05
8.95030829e-05
8.93785316e-05
8.92541567e-05
8.91299580e-05
8.90059352e-05
8.88820880e-05
8.87584163e-05
8.86349196e-05
8.85115979e-05
8.83884509e-05
8.82654782e-05
8.81426796e-05
8.80200549e-05
8.78976038e-05
8.77753261e-05
8.76532215e-05
8.75312898e-05
8.74095307e-05
8.72879439e-05
8.71665293e-05
8.70452865e-05
8.69242153e-05
8.68033155e-05
8.66825868e-05
8.65620290e-05
8.64416417e-05
8.63214249e-05
8.62013781e-05
8.60815012e-05
8.59617940e-05
8.58422561e-05
8.57228874e-05
8.56036875e-05
8.54846563e-05
8.53657934e-05
8.52470988e-05
8.51285720e-05
8.50102129e-05
8.48920212e-05
8.47739966e-05
8.46561390e-05
8.45384481e-05
8.44209236e-05
8.43035654e-05
8.41863731e-05
8.40693465e-05
8.39524854e-05
8.38357895e-05
8.37192587e-05
8.36028926e-05
8.34866910e-05
8.33706537e-05
8.32547805e-05
8.31390710e-05
8.30235252e-05
8.29081426e-05
8.27929232e-05
8.26778666e-05
8.25629726e-05
8.24482410e-05
8.23336716e-05
8.22192641e-05
8.21050182e-05
8.19909338e-05
8.18770106e-05
8.17632484e-05
8.16496470e-05
8.15362060e-05
8.14229253e-05
8.13098047e-05
8.11968439e-05
8.10840427e-05
8.09714008e-05
8.08589180e-05
8.07465941e-05
8.06344289e-05
8.05224221e-05
8.04105735e-05
8.02988829e-05
8.01873500e-05
8.00759747e-05
7.99647566e-05
7.98536955e-05
7.97427913e-05
7.96320437e-05
7.95214525e-05
7.94110175e-05
7.93007383e-05
7.91906148e-05
7.90806469e-05
7.89708341e-05
7.88611764e-05
7.87516735e-05
7.86423251e-05
7.85331311e-05
7.84240913e-05
7.83152053e-05
7.82064730e-05
7.80978942e-05
7.79894686e-05
7.78811960e-05
7.77730762e-05
7.76651090e-05
7.75572941e-05
7.74496314e-05
7.73421206e-05
7.72347614e-05
7.71275538e-05
7.70204974e-05
7.69135920e-05
7.68068374e-05
7.67002335e-05
7.65937799e-05
7.64874765e-05
7.63813230e-05
7.62753192e-05
7.61694650e-05
7.60637601e-05
7.59582042e-05
7.58527972e-05
7.57475389e-05
7.56424290e-05
7.55374673e-05
7.54326536e-05
7.53279877e-05
7.52234694e-05
7.51190984e-05
7.50148747e-05
7.49107978e-05
7.48068677e-05
7.47030841e-05
7.45994468e-05
7.44959556e-05
7.43926103e-05
7.42894106e-05
7.41863564e-05
7.40834475e-05
7.39806836e-05
7.38780645e-05
7.37755901e-05
7.36732601e-05
7.35710743e-05
7.34690325e-05
7.33671345e-05
7.32653800e-05
7.31637690e-05
7.30623011e-05
7.29609762e-05
7.28597940e-05
7.27587544e-05
7.26578571e-05
7.25571020e-05
7.24564888e-05
7.23560173e-05
7.22556874e-05
7.21554988e-05
7.20554513e-05
7.19555447e-05
7.18557788e-05
7.17561535e-05
7.16566684e-05
7.15573235e-05
7.14581185e-05
7.13590531e-05
7.12601273e-05
7.11613407e-05
7.10626933e-05
7.09641848e-05
7.08658149e-05
7.07675836e-05
7.06694905e-05
7.05715356e-05
7.04737185e-05
7.03760392e-05
7.02784973e-05
7.01810928e-05
7.00838254e-05
6.99866949e-05
6.98897011e-05
6.97928438e-05
6.96961228e-05
6.95995380e-05
6.95030891e-05
6.94067759e-05
6.93105982e-05
6.92145559e-05
6.91186488e-05
6.90228766e-05
6.89272391e-05
6.88317363e-05
6.87363678e-05
6.86411334e-05
6.85460331e-05
6.84510665e-05
6.83562336e-05
6.82615341e-05
6.81669677e-05
6.80725344e-05
6.79782340e-05
6.78840661e-05
6.77900308e-05
6.76961276e-05
6.76023566e-05
6.75087174e-05
6.74152100e-05
6.73218340e-05
6.72285893e-05
6.71354758e-05
6.70424932e-05
6.69496413e-05
6.68569201e-05
6.67643291e-05
6.66718684e-05
6.65795377e-05
6.64873367e-05
6.63952654e-05
6.63033236e-05
6.62115110e-05
6.61198274e-05
6.60282728e-05
6.59368468e-05
6.58455493e-05
6.57543802e-05
6.56633392e-05
6.55724262e-05
6.54816409e-05
6.53909833e-05
6.53004530e-05
6.52100500e-05
6.51197740e-05
6.50296249e-05
6.49396024e-05
6.48497065e-05
6.47599369e-05
6.46702934e-05
6.45807758e-05
6.44913840e-05
6.44021178e-05
6.43129771e-05
6.42239615e-05
6.41350710e-05
6.40463054e-05
6.39576645e-05
6.38691481e-05
6.37807560e-05
6.36924881e-05
6.36043441e-05
6.35163240e-05
6.34284274e-05
6.33406544e-05
6.32530046e-05
6.31654779e-05
6.30780741e-05
6.29907930e-05
6.29036345e-05
6.28165984e-05
6.27296845e-05
6.26428927e-05
6.25562227e-05
6.24696744e-05
6.23832476e-05
6.22969421e-05
6.22107579e-05
6.21246946e-05
6.20387521e-05
6.19529303e-05
6.18672289e-05
6.17816479e-05
6.16961869e-05
6.16108460e-05
6.15256248e-05
6.14405232e-05
6.13555411e-05
6.12706782e-05
6.11859344e-05
6.11013096e-05
6.10168035e-05
6.09324160e-05
6.08481469e-05
6.07639961e-05
6.06799634e-05
6.05960485e-05
6.05122514e-05
6.04285719e-05
6.03450098e-05
6.02615649e-05
6.01782371e-05
6.00950262e-05
6.00119320e-05
5.99289544e-05
5.98460932e-05
5.97633482e-05
5.96807193e-05
5.95982063e-05
5.95158090e-05
5.94335273e-05
5.93513610e-05
5.92693100e-05
5.91873740e-05
5.91055529e-05
5.90238466e-05
5.89422548e-05
5.88607775e-05
5.87794144e-05
5.86981654e-05
5.86170303e-05
5.85360090e-05
5.84551013e-05
5.83743071e-05
5.82936261e-05
5.82130582e-05
5.81326033e-05
5.80522612e-05
5.79720317e-05
5.78919147e-05
5.78119100e-05
5.77320174e-05
5.76522368e-05
5.75725681e-05
5.74930110e-05
5.74135654e-05
5.73342312e-05
5.72550082e-05
5.71758962e-05
5.70968951e-05
5.70180046e-05
5.69392248e-05
5.68605553e-05
5.67819961e-05
5.67035470e-05
5.66252078e-05
5.65469783e-05
5.64688585e-05
5.63908481e-05
5.63129470e-05
5.62351551e-05
5.61574722e-05
5.60798980e-05
5.60024326e-05
5.59250757e-05
5.58478271e-05
5.57706868e-05
5.56936545e-05
5.56167301e-05
5.55399135e-05
5.54632045e-05
5.53866029e-05
5.53101086e-05
5.52337214e-05
5.51574412e-05
5.50812678e-05
5.48651017e-05
5.46177069e-05
5.44447274e-05
5.43632742e-05
5.43252729e-05
5.42767282e-05
5.41959413e-05
5.40933624e-05
5.39901483e-05
5.38993378e-05
5.38210190e-05
5.37482516e-05
5.36747399e-05
5.35983416e-05
5.35201577e-05
5.34420299e-05
5.33649069e-05
5.32887002e-05
5.32129289e-05
5.31372904e-05
5.30618009e-05
5.29866279e-05
5.29118810e-05
5.28375206e-05
5.27633964e-05
5.26893454e-05
5.26152779e-05
5.25412087e-05
5.24672280e-05
5.23934370e-05
5.23198872e-05
5.22465577e-05
5.21733767e-05
5.21002699e-05
5.20272025e-05
5.19541908e-05
5.18812833e-05
5.18085274e-05
5.17359435e-05
5.16635199e-05
5.15912258e-05
5.15190310e-05
5.14469201e-05
5.13748954e-05
5.13029697e-05
5.12311571e-05
5.11594649e-05
5.10878921e-05
5.10164325e-05
5.09450788e-05
5.08738265e-05
5.08026753e-05
5.07316278e-05
5.06606876e-05
5.05898574e-05
5.05191374e-05
5.04485264e-05
5.03780217e-05
5.03076209e-05
5.02373225e-05
5.01671262e-05
5.00970322e-05
5.00270413e-05
4.99571543e-05
4.98873712e-05
4.98176919e-05
4.97481160e-05
4.96786432e-05
4.96092730e-05
4.95400053e-05
4.94708401e-05
4.94017773e-05
4.93328166e-05
4.92639576e-05
4.91951999e-05
4.91265430e-05
4.90579866e-05
4.89895303e-05
4.89211742e-05
4.88529180e-05
4.87847617e-05
4.87167053e-05
4.86487486e-05
4.85808914e-05
4.85131335e-05
4.84454747e-05
4.83779148e-05
4.83104536e-05
4.82430910e-05
4.81758266e-05
4.81086604e-05
4.80415920e-05
4.79746214e-05
4.79077482e-05
4.78409724e-05
4.77742938e-05
4.77077123e-05
4.76412276e-05
4.75748397e-05
4.75085484e-05
4.74423534e-05
4.73762547e-05
4.73102521e-05
4.72443453e-05
4.71785341e-05
4.71128185e-05
4.70471981e-05
4.69816730e-05
4.69162427e-05
4.68509073e-05
4.67856666e-05
4.67205203e-05
4.66554683e-05
4.65905105e-05
4.65256467e-05
4.64608767e-05
4.63962005e-05
4.63316177e-05
4.62671284e-05
4.62027322e-05
4.61384291e-05
4.60742189e-05
4.60101015e-05
4.59460767e-05
4.58821443e-05
4.58183041e-05
4.57545562e-05
4.56909002e-05
4.56273360e-05
4.55638635e-05
4.55004826e-05
4.54371930e-05
4.53739946e-05
4.53108873e-05
4.52478710e-05
4.51849454e-05
4.51221104e-05
4.50593658e-05
4.49967116e-05
4.49341476e-05
4.48716737e-05
4.48092896e-05
4.47469952e-05
4.46847905e-05
4.46226752e-05
4.45606491e-05
4.44987123e-05
4.44368644e-05
4.43751054e-05
4.43134351e-05
4.42518534e-05
4.41903602e-05
4.41289552e-05
4.40676384e-05
4.40064097e-05
4.39452688e-05
4.38842156e-05
4.38232500e-05
4.37623719e-05
4.37015811e-05
4.36408775e-05
4.35802610e-05
4.35197313e-05
4.34592884e-05
4.33989321e-05
4.33386623e-05
4.32784789e-05
4.32183817e-05
4.31583705e-05
4.30984453e-05
4.30386059e-05
4.29788522e-05
4.29191840e-05
4.28596012e-05
4.28001036e-05
4.27406912e-05
4.26813638e-05
4.26221213e-05
4.25629635e-05
4.25038903e-05
4.24449015e-05
4.23859971e-05
4.23271769e-05
4.22684408e-05
4.22097886e-05
4.21512203e-05
4.20927356e-05
4.20343344e-05
4.19760167e-05
4.19177822e-05
4.18596310e-05
4.18015627e-05
4.17435774e-05
4.16856748e-05
4.16278549e-05
4.15701175e-05
4.15124625e-05
4.14548897e-05
4.13973991e-05
4.13399905e-05
4.12826638e-05
4.12254188e-05
4.11682554e-05
4.11111736e-05
4.10541731e-05
4.09972539e-05
4.09404158e-05
4.08836587e-05
4.08269825e-05
4.07703870e-05
4.07138722e-05
4.06574379e-05
4.06010839e-05
4.05448102e-05
4.04886167e-05
4.04325031e-05
4.03764695e-05
4.03205156e-05
4.02646414e-05
4.02088467e-05
4.01531313e-05
4.00974953e-05
4.00419384e-05
3.99864606e-05
3.99310617e-05
3.98757416e-05
3.98205001e-05
3.97653372e-05
3.97102528e-05
3.96552467e-05
3.96003187e-05
3.95454689e-05
3.94906970e-05
3.94360030e-05
3.93813867e-05
3.93268479e-05
3.92723867e-05
3.92180029e-05
3.91636963e-05
3.91094668e-05
3.90553144e-05
3.90012389e-05
3.89472401e-05
3.88933180e-05
3.88394725e-05
3.87857034e-05
3.87320107e-05
3.86783941e-05
3.86248536e-05
3.85713892e-05
3.85180005e-05
3.84646877e-05
3.84114504e-05
3.83582887e-05
3.83052024e-05
3.82521914e-05
3.81992555e-05
3.81463947e-05
3.80936089e-05
3.80408979e-05
3.79882617e-05
3.79357000e-05
3.78832129e-05
3.78308001e-05
3.77784617e-05
3.77261973e-05
3.76740071e-05
3.76218908e-05
3.75698483e-05
3.75178796e-05
3.74659844e-05
3.74141628e-05
3.73624145e-05
3.73107396e-05
3.72591378e-05
3.72076091e-05
3.71561533e-05
3.71047703e-05
3.70534601e-05
3.70022226e-05
3.69510575e-05
3.68999649e-05
3.68489445e-05
3.67979963e-05
3.67471203e-05
3.66963162e-05
3.66455839e-05
3.65949235e-05
3.65443347e-05
3.64938174e-05
3.64433716e-05
3.63929971e-05
3.63426938e-05
3.62924617e-05
3.62423006e-05
3.61922104e-05
3.61421910e-05
3.60922423e-05
3.60423641e-05
3.59925565e-05
3.59428193e-05
3.58931523e-05
3.58435555e-05
3.57940288e-05
3.57445721e-05
3.56951852e-05
3.56458681e-05
3.55966206e-05
3.55474427e-05
3.54983342e-05
3.54492951e-05
3.54003252e-05
3.53514245e-05
3.53025928e-05
3.52538300e-05
3.52051361e-05
3.51565109e-05
3.51079543e-05
3.50594663e-05
3.50110467e-05
3.49626954e-05
3.49144123e-05
3.48661973e-05
3.48180504e-05
3.47699714e-05
3.47219602e-05
3.46740168e-05
3.46261409e-05
3.45783326e-05
3.45305917e-05
3.44829181e-05
3.44353118e-05
3.43877725e-05
3.43403003e-05
3.42928951e-05
3.42455566e-05
3.41982849e-05
3.41510798e-05
3.41039412e-05
3.40568690e-05
3.40098632e-05
3.39629237e-05
3.39160502e-05
3.38692429e-05
3.38225014e-05
3.37758258e-05
3.37292160e-05
3.36826718e-05
3.36361932e-05
3.35897800e-05
3.35434322e-05
3.34971497e-05
3.34509323e-05
3.34047800e-05
3.33586927e-05
3.33126703e-05
3.32667126e-05
3.32208197e-05
3.31749914e-05
3.31292275e-05
3.30835281e-05
3.30378930e-05
3.29923221e-05
3.29468154e-05
3.29013726e-05
3.28559939e-05
3.28106789e-05
3.27654277e-05
3.27202402e-05
3.26751162e-05
3.26300557e-05
3.25850586e-05
3.25401248e-05
3.24952542e-05
3.24504466e-05
3.24057021e-05
3.23610205e-05
3.23164017e-05
3.22718457e-05
3.22273522e-05
3.21829214e-05
3.21385530e-05
3.20942469e-05
3.20500032e-05
3.20058216e-05
3.19617021e-05
3.19176446e-05
3.18736490e-05
3.18297153e-05
3.17858432e-05
3.17420329e-05
3.16982840e-05
3.16545966e-05
3.16109706e-05
3.15674059e-05
3.15239024e-05
3.14804600e-05
3.14370785e-05
3.13937581e-05
3.13504984e-05
3.13072995e-05
3.12641612e-05
3.12210836e-05
3.11780664e-05
3.11351096e-05
3.10922131e-05
3.10493768e-05
3.10066006e-05
3.09638845e-05
3.09212284e-05
3.08786321e-05
3.08360956e-05
3.07936188e-05
3.07512016e-05
3.07088439e-05
3.06665456e-05
3.06243067e-05
3.05821271e-05
3.05400066e-05
3.04979452e-05
3.04559428e-05
3.04139994e-05
3.03721147e-05
3.03302888e-05
3.02885216e-05
3.02468129e-05
3.02051628e-05
3.01635710e-05
3.01220376e-05
3.00805624e-05
3.00391453e-05
2.99977863e-05
2.99564853e-05
2.99152422e-05
2.98740569e-05
2.98329294e-05
2.97918594e-05
2.97508471e-05
2.97098922e-05
2.96689947e-05
2.96281546e-05
2.95873716e-05
2.95466458e-05
2.95059771e-05
2.94653654e-05
2.94248105e-05
2.93843125e-05
2.93438712e-05
2.93034865e-05
2.92631585e-05
2.92228869e-05
2.91826717e-05
2.91425128e-05
2.91024102e-05
2.90623638e-05
2.90223734e-05
2.89824390e-05
2.89425605e-05
2.89027379e-05
2.88629711e-05
2.88232599e-05
2.87836043e-05
2.87440042e-05
2.87044596e-05
2.86649703e-05
2.86255363e-05
2.85861574e-05
2.85468337e-05
2.85075651e-05
2.84683513e-05
2.84291925e-05
2.83900885e-05
2.83510391e-05
2.83120445e-05
2.82731043e-05
2.82342187e-05
2.81953875e-05
2.81566105e-05
2.81178879e-05
2.80792194e-05
2.80406050e-05
2.80020446e-05
2.79635381e-05
2.79250855e-05
2.78866866e-05
2.78483415e-05
2.78100500e-05
2.77718120e-05
2.77336275e-05
2.76954964e-05
2.76574186e-05
2.76193941e-05
2.75814227e-05
2.75435044e-05
2.75056391e-05
2.74678267e-05
2.74300672e-05
2.73923605e-05
2.73547064e-05
2.73171050e-05
2.72795562e-05
2.72420598e-05
2.72046158e-05
2.71672242e-05
2.71298848e-05
2.70925976e-05
2.70553625e-05
2.70181794e-05
2.69810482e-05
2.69439689e-05
2.69069415e-05
2.68699657e-05
2.68330416e-05
2.67961691e-05
2.67593481e-05
2.67225785e-05
2.66858603e-05
2.66491933e-05
2.66125776e-05
2.65760130e-05
2.65394994e-05
2.65030369e-05
2.64666252e-05
2.64302644e-05
2.63939544e-05
2.63576951e-05
2.63214864e-05
2.62853282e-05
2.62492205e-05
2.62131632e-05
2.61771563e-05
2.61411996e-05
2.61052931e-05
2.60694367e-05
2.60336304e-05
2.59978740e-05
2.59621676e-05
2.59265109e-05
2.58909040e-05
2.58553468e-05
2.58198393e-05
2.57843812e-05
2.57489727e-05
2.57136135e-05
2.56783037e-05
2.56430431e-05
2.56078318e-05
2.55726695e-05
2.55375563e-05
2.55024921e-05
2.54674768e-05
2.54325103e-05
2.53975926e-05
2.53627236e-05
2.53279032e-05
2.52931314e-05
2.52584081e-05
2.52237332e-05
2.51891066e-05
2.51545283e-05
2.51199983e-05
2.50855164e-05
2.50510825e-05
2.50166967e-05
2.49823588e-05
2.49480688e-05
2.49138265e-05
2.48796321e-05
2.48454852e-05
2.48113860e-05
2.47773343e-05
2.47433301e-05
2.47093732e-05
2.46754637e-05
2.46416014e-05
2.46077863e-05
2.45740184e-05
2.45402975e-05
2.45066236e-05
2.44729966e-05
2.44394164e-05
2.44058831e-05
2.43723964e-05
2.43389565e-05
2.43055631e-05
2.42722162e-05
2.42389158e-05
2.42056617e-05
2.41724540e-05
2.41392926e-05
2.41061773e-05
2.40731081e-05
2.40400850e-05
2.40071079e-05
2.39741768e-05
2.39412914e-05
2.39084519e-05
2.38756581e-05
2.38429100e-05
2.38102075e-05
2.37775505e-05
2.37449390e-05
2.37123728e-05
2.36798521e-05
2.36473765e-05
2.36149462e-05
2.35825611e-05
2.35502210e-05
2.35179260e-05
2.34856759e-05
2.34534707e-05
2.34213103e-05
2.33891946e-05
2.33571237e-05
2.33250974e-05
2.32931157e-05
2.32611785e-05
2.32292857e-05
2.31974373e-05
2.31656332e-05
2.31338734e-05
2.31021577e-05
2.30704862e-05
2.30388588e-05
2.30072753e-05
2.29757358e-05
2.29442402e-05
2.29127884e-05
2.28813803e-05
2.28500160e-05
2.28186952e-05
2.27874180e-05
2.27561844e-05
2.27249941e-05
2.26938473e-05
2.26627438e-05
2.26316835e-05
2.26006664e-05
2.25696924e-05
2.25387616e-05
2.25078737e-05
2.24770288e-05
2.24462267e-05
2.24154675e-05
2.23847511e-05
2.23540774e-05
2.23234463e-05
2.22928578e-05
2.22623118e-05
2.22318083e-05
2.22013472e-05
2.21709284e-05
2.21405519e-05
2.21102177e-05
2.20799256e-05
2.20496756e-05
2.20194676e-05
2.19893017e-05
2.19591776e-05
2.19290955e-05
2.18990551e-05
2.18690564e-05
2.18390995e-05
2.18091842e-05
2.17793104e-05
2.17494782e-05
2.17196874e-05
2.16899380e-05
2.16602299e-05
2.16305632e-05
2.16009376e-05
2.15713532e-05
2.15418098e-05
2.15123076e-05
2.14828462e-05
2.14534259e-05
2.14240464e-05
2.13947077e-05
2.13654097e-05
2.13361524e-05
2.13069358e-05
2.12777598e-05
2.12486242e-05
2.12195292e-05
2.11904745e-05
2.11614602e-05
2.11324861e-05
2.11035523e-05
2.10746587e-05
2.10458052e-05
2.10169918e-05
2.09882183e-05
2.09594848e-05
2.09307912e-05
2.09021375e-05
2.08735235e-05
2.08449492e-05
2.08164146e-05
2.07879196e-05
2.07594642e-05
2.07310483e-05
2.07026718e-05
2.06743347e-05
2.06460369e-05
2.06177784e-05
2.05895591e-05
2.05613790e-05
2.05332380e-05
2.05051360e-05
2.04770730e-05
2.04490490e-05
2.04210639e-05
2.03931176e-05
2.03652101e-05
2.03373412e-05
2.03095111e-05
2.02817196e-05
2.02539666e-05
2.02262521e-05
2.01985761e-05
2.01709385e-05
2.01433392e-05
2.01157782e-05
2.00882555e-05
2.00607709e-05
2.00333244e-05
2.00059160e-05
1.99785456e-05
1.99512132e-05
1.99239187e-05
1.98966620e-05
1.98694432e-05
1.98422621e-05
1.98151187e-05
1.97880129e-05
1.97609447e-05
1.97339141e-05
1.97069209e-05
1.96799652e-05
1.96530468e-05
1.96261658e-05
1.95993220e-05
1.95725154e-05
1.95457460e-05
1.95190138e-05
1.94923185e-05
1.94656603e-05
1.94390391e-05
1.94124547e-05
1.93859072e-05
1.93593965e-05
1.93329226e-05
1.93064853e-05
1.92800847e-05
1.92537207e-05
1.92273932e-05
1.92011022e-05
1.91748476e-05
1.91486294e-05
1.91224476e-05
1.90963020e-05
1.90701927e-05
1.90441196e-05
1.90180825e-05
1.89920816e-05
1.89661167e-05
1.89401878e-05
1.89142947e-05
1.88884376e-05
1.88626163e-05
1.88368307e-05
1.88110809e-05
1.87853668e-05
1.87596883e-05
1.87340453e-05
1.87084379e-05
1.86828659e-05
1.86573294e-05
1.86318282e-05
1.86063624e-05
1.85809318e-05
1.85555365e-05
1.85301763e-05
1.85048512e-05
1.84795612e-05
1.84543063e-05
1.84290863e-05
1.84039013e-05
1.83787511e-05
1.83536357e-05
1.83285552e-05
1.83035093e-05
1.82784981e-05
1.82535216e-05
1.82285797e-05
1.82036722e-05
1.81787993e-05
1.81539608e-05
1.81291567e-05
1.81043869e-05
1.80796514e-05
1.80549502e-05
1.80302832e-05
1.80056503e-05
1.79810515e-05
1.79564867e-05
1.79319560e-05
1.79074592e-05
1.78829963e-05
1.78585672e-05
1.78341720e-05
1.78098106e-05
1.77854828e-05
1.77611887e-05
1.77369283e-05
1.77127014e-05
1.76885081e-05
1.76643482e-05
1.76402217e-05
1.76161287e-05
1.75920690e-05
1.75680425e-05
1.75440494e-05
1.75200894e-05
1.74961625e-05
1.74722688e-05
1.74484081e-05
1.74245804e-05
1.74007857e-05
1.73770240e-05
1.73532950e-05
1.73295989e-05
1.73059356e-05
1.72823051e-05
1.72587072e-05
1.72351419e-05
1.72116093e-05
1.71881092e-05
1.71646416e-05
1.71412064e-05
1.71178037e-05
1.70944333e-05
1.70710953e-05
1.70477895e-05
1.70245159e-05
1.70012746e-05
1.69780654e-05
1.69548882e-05
1.69317432e-05
1.69086301e-05
1.68855490e-05
1.68624998e-05
1.68394825e-05
1.68164970e-05
1.67935432e-05
1.67706212e-05
1.67477309e-05
1.67248723e-05
1.67020452e-05
1.66792497e-05
1.66564857e-05
1.66337532e-05
1.66110521e-05
1.65883824e-05
1.65657440e-05
1.65431370e-05
1.65205611e-05
1.64980165e-05
1.64755030e-05
1.64530207e-05
1.64305694e-05
1.64081491e-05
1.63857598e-05
1.63634015e-05
1.63410741e-05
1.63187775e-05
1.62965117e-05
1.62742767e-05
1.62520725e-05
1.62298989e-05
1.62077559e-05
1.61856436e-05
1.61635618e-05
1.61415105e-05
1.61194897e-05
1.60974993e-05
1.60755392e-05
1.60536096e-05
1.60317102e-05
1.60098410e-05
1.59880021e-05
1.59661934e-05
1.59444147e-05
1.59226662e-05
1.59009477e-05
1.58792592e-05
1.58576007e-05
1.58359721e-05
1.58143733e-05
1.57928044e-05
1.57712653e-05
1.57497559e-05
1.57282762e-05
1.57068262e-05
1.56854058e-05
1.56640150e-05
1.56426537e-05
1.56213220e-05
1.56000197e-05
1.55787468e-05
1.55575033e-05
1.55362891e-05
1.55151042e-05
1.54939485e-05
1.54728221e-05
1.54517248e-05
1.54306567e-05
1.54096177e-05
1.53886077e-05
1.53676267e-05
1.53466746e-05
1.53257515e-05
1.53048573e-05
1.52839920e-05
1.52631554e-05
1.52423476e-05
1.52215685e-05
1.52008181e-05
1.51800963e-05
1.51594032e-05
1.51387386e-05
1.51181025e-05
1.50974949e-05
1.50769157e-05
1.50563650e-05
1.50358426e-05
1.50153485e-05
1.49948828e-05
1.49744452e-05
1.49540359e-05
1.49336547e-05
1.49133017e-05
1.48929767e-05
1.48726798e-05
1.48524109e-05
1.48321699e-05
1.48119569e-05
1.47917718e-05
1.47716145e-05
1.47514850e-05
1.47313833e-05
1.47113094e-05
1.46912631e-05
1.46712445e-05
1.46512535e-05
1.46312901e-05
1.46113542e-05
1.45914459e-05
1.45715649e-05
1.45517115e-05
1.45318854e-05
1.45120866e-05
1.44923151e-05
1.44725710e-05
1.44528540e-05
1.44331643e-05
1.44135017e-05
1.43938662e-05
1.43742578e-05
1.43546765e-05
1.43351221e-05
1.43155947e-05
1.42960943e-05
1.42766207e-05
1.42571740e-05
1.42377541e-05
1.42183610e-05
1.41989946e-05
1.41796550e-05
1.41603420e-05
1.41410556e-05
1.41217958e-05
1.41025626e-05
1.40833559e-05
1.40641757e-05
1.40450219e-05
1.40258945e-05
1.40067935e-05
1.39877188e-05
1.39686704e-05
1.39496483e-05
1.39306524e-05
1.39116827e-05
1.38927391e-05
1.38738217e-05
1.38549303e-05
1.38360649e-05
1.38172256e-05
1.37984122e-05
1.37796248e-05
1.37608632e-05
1.37421276e-05
1.37234177e-05
1.37047336e-05
1.36860753e-05
1.36674427e-05
1.36488357e-05
1.36302544e-05
1.36116987e-05
1.35931686e-05
1.35746640e-05
1.35561849e-05
1.35377313e-05
1.35193031e-05
1.35009003e-05
1.34825228e-05
1.34641707e-05
1.34458438e-05
1.34275422e-05
1.34092658e-05
1.33910146e-05
1.33727886e-05
1.33545876e-05
1.33364117e-05
1.33182609e-05
1.33001351e-05
1.32820342e-05
1.32639583e-05
1.32459072e-05
1.32278811e-05
1.32098797e-05
1.31919032e-05
1.31739514e-05
1.31560243e-05
1.31381220e-05
1.31202443e-05
1.31023912e-05
1.30845627e-05
1.30667587e-05
1.30489793e-05
1.30312244e-05
1.30134939e-05
1.29957878e-05
1.29781061e-05
1.29604488e-05
1.29428158e-05
1.29252070e-05
1.29076225e-05
1.28900622e-05
1.28725261e-05
1.28550142e-05
1.28375263e-05
1.28200625e-05
1.28026228e-05
1.27852071e-05
1.27678154e-05
1.27504476e-05
1.27331037e-05
1.27157837e-05
1.26984875e-05
1.26812151e-05
1.26639666e-05
1.26467417e-05
1.26295406e-05
1.26123632e-05
1.25952094e-05
1.25780792e-05
1.25609726e-05
1.25438895e-05
1.25268300e-05
1.25097939e-05
1.24927813e-05
1.24757921e-05
1.24588262e-05
1.24418838e-05
1.24249646e-05
1.24080687e-05
1.23911961e-05
1.23743467e-05
1.23575205e-05
1.23407174e-05
1.23239375e-05
1.23071806e-05
1.22904468e-05
1.22737361e-05
1.22570483e-05
1.22403835e-05
1.22237416e-05
1.22071226e-05
1.21905265e-05
1.21739532e-05
1.21574027e-05
1.21408750e-05
1.21243700e-05
1.21078878e-05
1.20914282e-05
1.20749912e-05
1.20585769e-05
1.20421851e-05
1.20258159e-05
1.20094692e-05
1.19931450e-05
1.19768433e-05
1.19605639e-05
1.19443070e-05
1.19280724e-05
1.19118602e-05
1.18956702e-05
1.18795025e-05
1.18633571e-05
1.18472339e-05
1.18311328e-05
1.18150539e-05
1.17989971e-05
1.17829623e-05
1.17669497e-05
1.17509590e-05
1.17349903e-05
1.17190436e-05
1.17031189e-05
1.16872160e-05
1.16713350e-05
1.16554758e-05
1.16396384e-05
1.16238228e-05
1.16080290e-05
1.15922568e-05
1.15765064e-05
1.15607776e-05
1.15450704e-05
1.15293848e-05
1.15137208e-05
1.14980784e-05
1.14824574e-05
1.14668579e-05
1.14512798e-05
1.14357232e-05
1.14201880e-05
1.14046741e-05
1.13891815e-05
1.13737102e-05
1.13582602e-05
1.13428314e-05
1.13274239e-05
1.13120375e-05
1.12966722e-05
1.12813281e-05
1.12660051e-05
1.12507031e-05
1.12354221e-05
1.12201622e-05
1.12049232e-05
1.11897052e-05
1.11745081e-05
1.11593318e-05
1.11441765e-05
1.11290419e-05
1.11139282e-05
1.10988352e-05
1.10837629e-05
1.10687114e-05
1.10536805e-05
1.10386703e-05
1.10236808e-05
1.10087118e-05
1.09937634e-05
1.09788355e-05
1.09639281e-05
1.09490412e-05
1.09341748e-05
1.09193288e-05
1.09045032e-05
1.08896979e-05
1.08749130e-05
1.08601484e-05
1.08454041e-05
1.08306800e-05
1.08159762e-05
1.08012925e-05
1.07866291e-05
1.07719858e-05
1.07573625e-05
1.07427594e-05
1.07281763e-05
1.07136133e-05
1.06990702e-05
1.06845472e-05
1.06700441e-05
1.06555609e-05
1.06410975e-05
1.06266541e-05
1.06122305e-05
1.05978267e-05
1.05834427e-05
1.05690784e-05
1.05547338e-05
1.05404090e-05
1.05261038e-05
1.05118183e-05
1.04975523e-05
1.04833060e-05
1.04690792e-05
1.04548720e-05
1.04406843e-05
1.04265160e-05
1.04123672e-05
1.03982379e-05
1.03841279e-05
1.03700373e-05
1.03559660e-05
1.03419141e-05
1.03278814e-05
1.03138681e-05
1.02998739e-05
1.02858990e-05
1.02719432e-05
1.02580066e-05
1.02440892e-05
1.02301908e-05
1.02163115e-05
1.02024513e-05
1.01886101e-05
1.01747879e-05
1.01609846e-05
1.01472003e-05
1.01334350e-05
1.01196885e-05
1.01059609e-05
1.00922521e-05
1.00785621e-05
1.00648909e-05
1.00512385e-05
1.00376049e-05
1.00239899e-05
1.00103936e-05
9.99681598e-06
9.98325698e-06
9.96971659e-06
9.95619478e-06
9.94269153e-06
9.92920680e-06
9.91574058e-06
9.90229283e-06
9.88886354e-06
9.87545267e-06
9.86206020e-06
9.84868610e-06
9.83533035e-06
9.82199293e-06
9.80867380e-06
9.79537295e-06
9.78209035e-06
9.76882596e-06
9.75557977e-06
9.74235176e-06
9.72914189e-06
9.71595014e-06
9.70277648e-06
9.68962090e-06
9.67648336e-06
9.66336384e-06
9.65026232e-06
9.63717877e-06
9.62411316e-06
9.61106547e-06
9.59803568e-06
9.58502376e-06
9.57202969e-06
9.55905343e-06
9.54609498e-06
9.53315429e-06
9.52023135e-06
9.50732613e-06
9.49443862e-06
9.48156877e-06
9.46871657e-06
9.45588200e-06
9.44306503e-06
9.43026563e-06
9.41748378e-06
9.40471946e-06
9.39197264e-06
9.37924330e-06
9.36653141e-06
9.35383696e-06
9.34115990e-06
9.32850023e-06
9.31585792e-06
9.30323293e-06
9.29062526e-06
9.27803487e-06
9.26546174e-06
9.25290585e-06
9.24036717e-06
9.22784568e-06
9.21534136e-06
9.20285417e-06
9.19038411e-06
9.17793114e-06
9.16549523e-06
9.15307638e-06
9.14067454e-06
9.12828971e-06
9.11592185e-06
9.10357094e-06
9.09123697e-06
9.07891989e-06
9.06661970e-06
9.05433637e-06
9.04206987e-06
9.02982018e-06
9.01758728e-06
9.00537114e-06
8.99317175e-06
8.98098907e-06
8.96882309e-06
8.95667378e-06
8.94454112e-06
8.93242509e-06
8.92032565e-06
8.90824280e-06
8.89617651e-06
8.88412674e-06
8.87209349e-06
8.86007673e-06
8.84807643e-06
8.83609257e-06
8.82412513e-06
8.81217409e-06
8.80023942e-06
8.78832111e-06
8.77641912e-06
8.76453344e-06
8.75266404e-06
8.74081090e-06
8.72897400e-06
8.71715331e-06
8.70534882e-06
8.69356050e-06
8.68178832e-06
8.67003227e-06
8.65829233e-06
8.64656847e-06
8.63486066e-06
8.62316889e-06
8.61149314e-06
8.59983338e-06
8.58818958e-06
8.57656174e-06
8.56494982e-06
8.55335381e-06
8.54177367e-06
8.53020940e-06
8.51866096e-06
8.50712834e-06
8.49561151e-06
8.48411046e-06
8.47262515e-06
8.46115558e-06
8.44970171e-06
8.43826352e-06
8.42684099e-06
8.41543411e-06
8.40404285e-06
8.39266718e-06
8.38130709e-06
8.36996256e-06
8.35863356e-06
8.34732007e-06
8.33602207e-06
8.32473954e-06
8.31347245e-06
8.30222079e-06
8.29098454e-06
8.27976367e-06
8.26855816e-06
8.25736799e-06
8.24619314e-06
8.23503359e-06
8.22388931e-06
8.21276029e-06
8.20164650e-06
8.19054793e-06
8.17946455e-06
8.16839634e-06
8.15734329e-06
8.14630536e-06
8.13528254e-06
8.12427480e-06
8.11328214e-06
8.10230451e-06
8.09134192e-06
8.08039432e-06
8.06946171e-06
8.05854407e-06
8.04764136e-06
8.03675358e-06
8.02588069e-06
8.01502269e-06
8.00417954e-06
7.99335124e-06
7.98253775e-06
7.97173906e-06
7.96095514e-06
7.95018598e-06
7.93943156e-06
7.92869186e-06
7.91796685e-06
7.90725651e-06
7.89656083e-06
7.88587978e-06
7.87521335e-06
7.86456151e-06
7.85392424e-06
7.84330153e-06
7.83269335e-06
7.82209969e-06
7.81152052e-06
7.80095582e-06
7.79040557e-06
7.77986976e-06
7.76934836e-06
7.75884135e-06
7.74834872e-06
7.73787044e-06
7.72740649e-06
7.71695686e-06
7.70652152e-06
7.69610045e-06
7.68569364e-06
7.67530106e-06
7.66492270e-06
7.65455853e-06
7.64420854e-06
7.63387271e-06
7.62355101e-06
7.61324342e-06
7.60294994e-06
7.59267053e-06
7.58240518e-06
7.57215387e-06
7.56191658e-06
7.55169329e-06
7.54148398e-06
7.53128863e-06
7.52110722e-06
7.51093973e-06
7.50078615e-06
7.49064645e-06
7.48052062e-06
7.47040863e-06
7.46031047e-06
7.45022612e-06
7.44015556e-06
7.43009876e-06
7.42005572e-06
7.41002640e-06
7.40001080e-06
7.39000889e-06
7.38002066e-06
7.37004608e-06
7.36008514e-06
7.35013781e-06
7.34020409e-06
7.33028394e-06
7.32037736e-06
7.31048431e-06
7.30060480e-06
7.29073878e-06
7.28088626e-06
7.27104720e-06
7.26122159e-06
7.25140941e-06
7.24161064e-06
7.23182526e-06
7.22205327e-06
7.21229462e-06
7.20254932e-06
7.19281733e-06
7.18309865e-06
7.17339325e-06
7.16370111e-06
7.15402222e-06
7.14435655e-06
7.13470410e-06
7.12506483e-06
7.11543874e-06
7.10582581e-06
7.09622601e-06
7.08663933e-06
7.07706575e-06
7.06750525e-06
7.05795781e-06
7.04842342e-06
7.03890206e-06
7.02939371e-06
7.01989835e-06
7.01041597e-06
7.00094654e-06
6.99149004e-06
6.98204647e-06
6.97261581e-06
6.96319802e-06
6.95379310e-06
6.94440103e-06
6.93502180e-06
6.92565537e-06
6.91630175e-06
6.90696090e-06
6.89763281e-06
6.88831746e-06
6.87901484e-06
6.86972492e-06
6.86044770e-06
6.85118315e-06
6.84193125e-06
6.83269199e-06
6.82346535e-06
6.81425132e-06
6.80504986e-06
6.79586098e-06
6.78668465e-06
6.77752085e-06
6.76836956e-06
6.75923078e-06
6.75010447e-06
6.74099063e-06
6.73188924e-06
6.72280028e-06
6.71372372e-06
6.70465957e-06
6.69560779e-06
6.68656837e-06
6.67754130e-06
6.66852655e-06
6.65952412e-06
6.65053397e-06
6.64155611e-06
6.63259050e-06
6.62363713e-06
6.61469599e-06
6.60576705e-06
6.59685031e-06
6.58794575e-06
6.57905334e-06
6.57017307e-06
6.56130492e-06
6.55244889e-06
6.54360494e-06
6.53477307e-06
6.52595325e-06
6.51714548e-06
6.50834973e-06
6.49956598e-06
6.49079423e-06
6.48203445e-06
6.47328663e-06
6.46455076e-06
6.45582680e-06
6.44711476e-06
6.43841460e-06
6.42972633e-06
6.42104991e-06
6.41238533e-06
6.40373258e-06
6.39509164e-06
6.38646250e-06
6.37784513e-06
6.36923952e-06
6.36064566e-06
6.35206352e-06
6.34349310e-06
6.33493438e-06
6.32638733e-06
6.31785195e-06
6.30932822e-06
6.30081612e-06
6.29231564e-06
6.28382675e-06
6.27534945e-06
6.26688372e-06
6.25842954e-06
6.24998689e-06
6.24155577e-06
6.23313614e-06
6.22472801e-06
6.21633135e-06
6.20794615e-06
6.19957239e-06
6.19121005e-06
6.18285912e-06
6.17451959e-06
6.16619143e-06
6.15787463e-06
6.14956918e-06
6.14127507e-06
6.13299226e-06
6.12472076e-06
6.11646054e-06
6.10821159e-06
6.09997389e-06
6.09174743e-06
6.08353219e-06
6.07532816e-06
6.06713531e-06
6.05895365e-06
6.05078314e-06
6.04262378e-06
6.03447554e-06
6.02633842e-06
6.01821240e-06
6.01009747e-06
6.00199360e-06
5.99390078e-06
5.98581900e-06
5.97774824e-06
5.96968849e-06
5.96163973e-06
5.95360195e-06
5.94557513e-06
5.93755926e-06
5.92955431e-06
5.92156029e-06
5.91357716e-06
5.90560492e-06
5.89764355e-06
5.88969304e-06
5.88175337e-06
5.87382452e-06
5.86590649e-06
5.85799925e-06
5.85010280e-06
5.84221711e-06
5.83434217e-06
5.82647797e-06
5.81862449e-06
5.81078172e-06
5.80294964e-06
5.79512824e-06
5.78731751e-06
5.77951742e-06
5.77172796e-06
5.76394913e-06
5.75618089e-06
5.74842325e-06
5.74067619e-06
5.73293968e-06
5.72521372e-06
5.71749829e-06
5.70979338e-06
5.70209897e-06
5.69441505e-06
5.68674160e-06
5.67907862e-06
5.67142607e-06
5.66378396e-06
5.65615226e-06
5.64853097e-06
5.64092006e-06
5.63331953e-06
5.62572935e-06
5.61814952e-06
5.61058002e-06
5.60302083e-06
5.59547195e-06
5.58793335e-06
5.58040503e-06
5.57288696e-06
5.56537914e-06
5.55788156e-06
5.55039419e-06
5.54291702e-06
5.53545004e-06
5.52799323e-06
5.52054659e-06
5.51311009e-06
5.50568372e-06
5.49826748e-06
5.49086134e-06
5.48346528e-06
5.47607931e-06
5.46870340e-06
5.46133754e-06
5.45398171e-06
5.44663591e-06
5.43930011e-06
5.43197430e-06
5.42465848e-06
5.41735262e-06
5.41005672e-06
5.40277075e-06
5.39549471e-06
5.38822859e-06
5.38097235e-06
5.37372601e-06
5.36648953e-06
5.35926291e-06
5.35204614e-06
5.34483919e-06
5.33764206e-06
5.33045474e-06
5.32327720e-06
5.31610944e-06
5.30895144e-06
5.30180319e-06
5.29466468e-06
5.28753589e-06
5.28041681e-06
5.27330742e-06
5.26620772e-06
5.25911768e-06
5.25203730e-06
5.24496656e-06
5.23790545e-06
5.23085395e-06
5.22381206e-06
5.21677976e-06
5.20975703e-06
5.20274387e-06
5.19574025e-06
5.18874618e-06
5.18176162e-06
5.17478658e-06
5.16782103e-06
5.16086496e-06
5.15391837e-06
5.14698124e-06
5.14005355e-06
5.13313529e-06
5.12622645e-06
5.11932701e-06
5.11243697e-06
5.10555631e-06
5.09868502e-06
5.09182308e-06
5.08497049e-06
5.07812722e-06
5.07129326e-06
5.06446861e-06
5.05765325e-06
5.05084717e-06
5.04405035e-06
5.03726278e-06
5.03048446e-06
5.02371535e-06
5.01695547e-06
5.01020478e-06
5.00346328e-06
4.99673096e-06
4.99000780e-06
4.98329379e-06
4.97658892e-06
4.96989317e-06
4.96320654e-06
4.95652900e-06
4.94986056e-06
4.94320118e-06
4.93655088e-06
4.92990962e-06
4.92327740e-06
4.91665420e-06
4.91004002e-06
4.90343484e-06
4.89683864e-06
4.89025142e-06
4.88367317e-06
4.87710386e-06
4.87054350e-06
4.86399206e-06
4.85744953e-06
4.85091591e-06
4.84439118e-06
4.83787532e-06
4.83136833e-06
4.82487019e-06
4.81838089e-06
4.81190042e-06
4.80542877e-06
4.79896592e-06
4.79251187e-06
4.78606659e-06
4.77963008e-06
4.77320233e-06
4.76678332e-06
4.76037305e-06
4.75397149e-06
4.74757864e-06
4.74119449e-06
4.73481902e-06
4.72845223e-06
4.72209409e-06
4.71574461e-06
4.70940375e-06
4.70307153e-06
4.69674791e-06
4.69043290e-06
4.68412648e-06
4.67782863e-06
4.67153935e-06
4.66525862e-06
4.65898643e-06
4.65272277e-06
4.64646764e-06
4.64022100e-06
4.63398287e-06
4.62775321e-06
4.62153203e-06
4.61531931e-06
4.60911503e-06
4.60291920e-06
4.59673179e-06
4.59055279e-06
4.58438219e-06
4.57821998e-06
4.57206616e-06
4.56592069e-06
4.55978359e-06
4.55365483e-06
4.54753440e-06
4.54142230e-06
4.53531850e-06
4.52922300e-06
4.52313579e-06
4.51705686e-06
4.51098619e-06
4.50492377e-06
4.49886959e-06
4.49282365e-06
4.48678592e-06
4.48075640e-06
4.47473508e-06
4.46872194e-06
4.46271698e-06
4.45672018e-06
4.45073153e-06
4.44475102e-06
4.43877864e-06
4.43281438e-06
4.42685822e-06
4.42091017e-06
4.41497019e-06
4.40903829e-06
4.40311445e-06
4.39719866e-06
4.39129091e-06
4.38539119e-06
4.37949949e-06
4.37361580e-06
4.36774010e-06
4.36187239e-06
4.35601265e-06
4.35016088e-06
4.34431705e-06
4.33848117e-06
4.33265322e-06
4.32683319e-06
4.32102106e-06
4.31521684e-06
4.30942050e-06
4.30363204e-06
4.29785144e-06
4.29207869e-06
4.28631379e-06
4.28055673e-06
4.27480748e-06
4.26906605e-06
4.26333242e-06
4.25760657e-06
4.25188851e-06
4.24617821e-06
4.24047568e-06
4.23478089e-06
4.22909383e-06
4.22341451e-06
4.21774289e-06
4.21207899e-06
4.20642277e-06
4.20077424e-06
4.19513338e-06
4.18950019e-06
4.18387465e-06
4.17825675e-06
4.17264648e-06
4.16704383e-06
4.16144879e-06
4.15586135e-06
4.15028149e-06
4.14470922e-06
4.13914452e-06
4.13358737e-06
4.12803777e-06
4.12249571e-06
4.11696118e-06
4.11143416e-06
4.10591465e-06
4.10040263e-06
4.09489810e-06
4.08940104e-06
4.08391145e-06
4.07842932e-06
4.07295463e-06
4.06748737e-06
4.06202754e-06
4.05657512e-06
4.05113010e-06
4.04569248e-06
4.04026224e-06
4.03483938e-06
4.02942388e-06
4.02401573e-06
4.01861492e-06
4.01322145e-06
4.00783530e-06
4.00245646e-06
3.99708493e-06
3.99172069e-06
3.98636373e-06
3.98101404e-06
3.97567162e-06
3.97033645e-06
3.96500852e-06
3.95968783e-06
3.95437435e-06
3.94906809e-06
3.94376904e-06
3.93847718e-06
3.93319250e-06
3.92791499e-06
3.92264465e-06
3.91738146e-06
3.91212541e-06
3.90687650e-06
3.90163472e-06
3.89640005e-06
3.89117248e-06
3.88595201e-06
3.88073862e-06
3.87553231e-06
3.87033307e-06
3.86514088e-06
3.85995574e-06
3.85477764e-06
3.84960656e-06
3.84444250e-06
3.83928545e-06
3.83413540e-06
3.82899233e-06
3.82385625e-06
3.81872713e-06
3.81360498e-06
3.80848977e-06
3.80338151e-06
3.79828018e-06
3.79318577e-06
3.78809827e-06
3.78301767e-06
3.77794397e-06
3.77287715e-06
3.76781721e-06
3.76276413e-06
3.75771791e-06
3.75267854e-06
3.74764600e-06
3.74262029e-06
3.73760139e-06
3.73258931e-06
3.72758403e-06
3.72258553e-06
3.71759382e-06
3.71260888e-06
3.70763070e-06
3.70265927e-06
3.69769459e-06
3.69273664e-06
3.68778542e-06
3.68284091e-06
3.67790311e-06
3.67297201e-06
3.66804760e-06
3.66312986e-06
3.65821880e-06
3.65331440e-06
3.64841665e-06
3.64352554e-06
3.63864106e-06
3.63376321e-06
3.62889198e-06
3.62402735e-06
3.61916932e-06
3.61431788e-06
3.60947301e-06
3.60463472e-06
3.59980299e-06
3.59497781e-06
3.59015917e-06
3.58534707e-06
3.58054149e-06
3.57574243e-06
3.57094988e-06
3.56616382e-06
3.56138426e-06
3.55661118e-06
3.55184456e-06
3.54708441e-06
3.54233072e-06
3.53758347e-06
3.53284266e-06
3.52810827e-06
3.52338030e-06
3.51865875e-06
3.51394359e-06
3.50923483e-06
3.50453245e-06
3.49983644e-06
3.49514680e-06
3.49046352e-06
3.48578659e-06
3.48111600e-06
3.47645174e-06
3.47179380e-06
3.46714218e-06
3.46249686e-06
3.45785783e-06
3.45322510e-06
3.44859865e-06
3.44397846e-06
3.43936454e-06
3.43475687e-06
3.43015545e-06
3.42556027e-06
3.42097131e-06
3.41638857e-06
3.41181204e-06
3.40724172e-06
3.40267759e-06
3.39811964e-06
3.39356787e-06
3.38902228e-06
3.38448284e-06
3.37994955e-06
3.37542240e-06
3.37090139e-06
3.36638651e-06
3.36187775e-06
3.35737509e-06
3.35287854e-06
3.34838807e-06
3.34390370e-06
3.33942540e-06
3.33495317e-06
3.33048699e-06
3.32602687e-06
3.32157279e-06
3.31712475e-06
3.31268273e-06
3.30824673e-06
3.30381674e-06
3.29939275e-06
3.29497476e-06
3.29056275e-06
3.28615672e-06
3.28175666e-06
3.27736256e-06
3.27297441e-06
3.26859220e-06
3.26421593e-06
3.25984559e-06
3.25548117e-06
3.25112267e-06
3.24677006e-06
3.24242335e-06
3.23808253e-06
3.23374759e-06
3.22941852e-06
3.22509532e-06
3.22077797e-06
3.21646646e-06
3.21216080e-06
3.20786097e-06
3.20356696e-06
3.19927877e-06
3.19499638e-06
3.19071979e-06
3.18644900e-06
3.18218399e-06
3.17792476e-06
3.17367129e-06
3.16942358e-06
3.16518163e-06
3.16094542e-06
3.15671495e-06
3.15249020e-06
3.14827118e-06
3.14405787e-06
3.13985026e-06
3.13564835e-06
3.13145213e-06
3.12726159e-06
3.12307673e-06
3.11889753e-06
3.11472399e-06
3.11055610e-06
3.10639386e-06
3.10223725e-06
3.09808626e-06
3.09394090e-06
3.08980115e-06
3.08566700e-06
3.08153845e-06
3.07741549e-06
3.07329811e-06
3.06918631e-06
3.06508007e-06
3.06097938e-06
3.05688425e-06
3.05279467e-06
3.04871062e-06
3.04463209e-06
3.04055909e-06
3.03649160e-06
3.03242962e-06
3.02837313e-06
3.02432214e-06
3.02027662e-06
3.01623659e-06
3.01220202e-06
3.00817291e-06
3.00414925e-06
3.00013104e-06
2.99611827e-06
2.99211093e-06
2.98810901e-06
2.98411251e-06
2.98012142e-06
2.97613572e-06
2.97215542e-06
2.96818051e-06
2.96421098e-06
2.96024681e-06
2.95628802e-06
2.95233457e-06
2.94838648e-06
2.94444373e-06
2.94050632e-06
2.93657423e-06
2.93264746e-06
2.92872601e-06
2.92480986e-06
2.92089901e-06
2.91699345e-06
2.91309317e-06
2.90919818e-06
2.90530845e-06
2.90142398e-06
2.89754477e-06
2.89367081e-06
2.88980209e-06
2.88593860e-06
2.88208033e-06
2.87822729e-06
2.87437946e-06
2.87053684e-06
2.86669941e-06
2.86286717e-06
2.85904012e-06
2.85521824e-06
2.85140153e-06
2.84758999e-06
2.84378360e-06
2.83998236e-06
2.83618626e-06
2.83239529e-06
2.82860946e-06
2.82482874e-06
2.82105314e-06
2.81728264e-06
2.81351724e-06
2.80975693e-06
2.80600171e-06
2.80225157e-06
2.79850650e-06
2.79476649e-06
2.79103154e-06
2.78730165e-06
2.78357679e-06
2.77985697e-06
2.77614219e-06
2.77243242e-06
2.76872767e-06
2.76502794e-06
2.76133320e-06
2.75764346e-06
2.75395871e-06
2.75027894e-06
2.74660415e-06
2.74293432e-06
2.73926946e-06
2.73560955e-06
2.73195459e-06
2.72830457e-06
2.72465948e-06
2.72101933e-06
2.71738409e-06
2.71375377e-06
2.71012836e-06
2.70650784e-06
2.70289223e-06
2.69928150e-06
2.69567565e-06
2.69207467e-06
2.68847856e-06
2.68488732e-06
2.68130093e-06
2.67771938e-06
2.67414268e-06
2.67057081e-06
2.66700377e-06
2.66344155e-06
2.65988414e-06
2.65633154e-06
2.65278375e-06
2.64924075e-06
2.64570253e-06
2.64216910e-06
2.63864045e-06
2.63511656e-06
2.63159744e-06
2.62808307e-06
2.62457345e-06
2.62106857e-06
2.61756843e-06
2.61407302e-06
2.61058234e-06
2.60709636e-06
2.60361511e-06
2.60013855e-06
2.59666669e-06
2.59319953e-06
2.58973704e-06
2.58627924e-06
2.58282611e-06
2.57937764e-06
2.57593384e-06
2.57249468e-06
2.56906018e-06
2.56563031e-06
2.56220508e-06
2.55878447e-06
2.55536849e-06
2.55195712e-06
2.54855036e-06
2.54514820e-06
2.54175064e-06
2.53835766e-06
2.53496927e-06
2.53158546e-06
2.52820622e-06
2.52483154e-06
2.52146143e-06
2.51809586e-06
2.51473484e-06
2.51137836e-06
2.50802642e-06
2.50467900e-06
2.50133610e-06
2.49799772e-06
2.49466384e-06
2.49133447e-06
2.48800960e-06
2.48468922e-06
2.48137332e-06
2.47806190e-06
2.47475495e-06
2.47145246e-06
2.46815444e-06
2.46486087e-06
2.46157175e-06
2.45828707e-06
2.45500683e-06
2.45173101e-06
2.44845962e-06
2.44519265e-06
2.44193009e-06
2.43867193e-06
2.43541817e-06
2.43216881e-06
2.42892383e-06
2.42568324e-06
2.42244702e-06
2.41921517e-06
2.41598768e-06
2.41276455e-06
2.40954578e-06
2.40633134e-06
2.40312125e-06
2.39991549e-06
2.39671406e-06
2.39351696e-06
2.39032416e-06
2.38713568e-06
2.38395150e-06
2.38077162e-06
2.37759604e-06
2.37442474e-06
2.37125772e-06
2.36809498e-06
2.36493650e-06
2.36178229e-06
2.35863234e-06
2.35548663e-06
2.35234518e-06
2.34920796e-06
2.34607498e-06
2.34294623e-06
2.33982170e-06
2.33670138e-06
2.33358528e-06
2.33047338e-06
2.32736569e-06
2.32426219e-06
2.32116287e-06
2.31806774e-06
2.31497679e-06
2.31189000e-06
2.30880738e-06
2.30572893e-06
2.30265462e-06
2.29958447e-06
2.29651846e-06
2.29345658e-06
2.29039884e-06
2.28734522e-06
2.28429572e-06
2.28125034e-06
2.27820907e-06
2.27517190e-06
2.27213883e-06
2.26910985e-06
2.26608495e-06
2.26306414e-06
2.26004740e-06
2.25703474e-06
2.25402614e-06
2.25102159e-06
2.24802110e-06
2.24502466e-06
2.24203226e-06
2.23904390e-06
2.23605957e-06
2.23307926e-06
2.23010298e-06
2.22713071e-06
2.22416245e-06
2.22119819e-06
2.21823793e-06
2.21528167e-06
2.21232939e-06
2.20938109e-06
2.20643678e-06
2.20349643e-06
2.20056005e-06
2.19762762e-06
2.19469916e-06
2.19177464e-06
2.18885407e-06
2.18593743e-06
2.18302473e-06
2.18011596e-06
2.17721111e-06
2.17431018e-06
2.17141316e-06
2.16852005e-06
2.16563084e-06
2.16274552e-06
2.15986410e-06
2.15698656e-06
2.15411290e-06
2.15124312e-06
2.14837720e-06
2.14551515e-06
2.14265696e-06
2.13980262e-06
2.13695214e-06
2.13410549e-06
2.13126268e-06
2.12842371e-06
2.12558856e-06
2.12275724e-06
2.11992973e-06
2.11710604e-06
2.11428615e-06
2.11147007e-06
2.10865778e-06
2.10584928e-06
2.10304457e-06
2.10024363e-06
2.09744648e-06
2.09465309e-06
2.09186347e-06
2.08907762e-06
2.08629551e-06
2.08351716e-06
2.08074255e-06
2.07797168e-06
2.07520455e-06
2.07244114e-06
2.06968147e-06
2.06692551e-06
2.06417326e-06
2.06142473e-06
2.05867989e-06
2.05593876e-06
2.05320133e-06
2.05046758e-06
2.04773751e-06
2.04501113e-06
2.04228842e-06
2.03956938e-06
2.03685400e-06
2.03414228e-06
2.03143422e-06
2.02872980e-06
2.02602903e-06
2.02333190e-06
2.02063841e-06
2.01794854e-06
2.01526230e-06
2.01257968e-06
2.00990067e-06
2.00722527e-06
2.00455348e-06
2.00188528e-06
1.99922068e-06
1.99655967e-06
1.99390225e-06
1.99124841e-06
1.98859814e-06
1.98595144e-06
1.98330831e-06
1.98066874e-06
1.97803273e-06
1.97540026e-06
1.97277135e-06
1.97014597e-06
1.96752413e-06
1.96490582e-06
1.96229104e-06
1.95967979e-06
1.95707204e-06
1.95446782e-06
1.95186710e-06
1.94926988e-06
1.94667616e-06
1.94408594e-06
1.94149920e-06
1.93891595e-06
1.93633617e-06
1.93375988e-06
1.93118705e-06
1.92861768e-06
1.92605178e-06
1.92348933e-06
1.92093034e-06
1.91837479e-06
1.91582268e-06
1.91327401e-06
1.91072877e-06
1.90818695e-06
1.90564857e-06
1.90311359e-06
1.90058204e-06
1.89805389e-06
1.89552914e-06
1.89300780e-06
1.89048985e-06
1.88797529e-06
1.88546412e-06
1.88295633e-06
1.88045191e-06
1.87795087e-06
1.87545319e-06
1.87295888e-06
1.87046792e-06
1.86798032e-06
1.86549607e-06
1.86301516e-06
1.86053759e-06
1.85806336e-06
1.85559246e-06
1.85312488e-06
1.85066063e-06
1.84819970e-06
1.84574207e-06
1.84328776e-06
1.84083675e-06
1.83838903e-06
1.83594462e-06
1.83350349e-06
1.83106565e-06
1.82863109e-06
1.82619981e-06
1.82377180e-06
1.82134706e-06
1.81892558e-06
1.81650736e-06
1.81409239e-06
1.81168068e-06
1.80927221e-06
1.80686698e-06
1.80446499e-06
1.80206623e-06
1.79967070e-06
1.79727840e-06
1.79488931e-06
1.79250344e-06
1.79012078e-06
1.78774133e-06
1.78536507e-06
1.78299202e-06
1.78062216e-06
1.77825548e-06
1.77589200e-06
1.77353169e-06
1.77117456e-06
1.76882060e-06
1.76646980e-06
1.76412217e-06
1.76177770e-06
1.75943638e-06
1.75709822e-06
1.75476320e-06
1.75243132e-06
1.75010257e-06
1.74777696e-06
1.74545448e-06
1.74313513e-06
1.74081889e-06
1.73850577e-06
1.73619576e-06
1.73388886e-06
1.73158506e-06
1.72928436e-06
1.72698676e-06
1.72469225e-06
1.72240082e-06
1.72011247e-06
1.71782721e-06
1.71554501e-06
1.71326589e-06
1.71098983e-06
1.70871684e-06
1.70644690e-06
1.70418001e-06
1.70191617e-06
1.69965538e-06
1.69739763e-06
1.69514291e-06
1.69289123e-06
1.69064258e-06
1.68839694e-06
1.68615433e-06
1.68391474e-06
1.68167815e-06
1.67944458e-06
1.67721400e-06
1.67498643e-06
1.67276185e-06
1.67054027e-06
1.66832167e-06
1.66610605e-06
1.66389342e-06
1.66168376e-06
1.65947706e-06
1.65727334e-06
1.65507258e-06
1.65287478e-06
1.65067993e-06
1.64848804e-06
1.64629909e-06
1.64411308e-06
1.64193002e-06
1.63974988e-06
1.63757268e-06
1.63539841e-06
1.63322706e-06
1.63105862e-06
1.62889311e-06
1.62673050e-06
1.62457080e-06
1.62241401e-06
1.62026011e-06
1.61810911e-06
1.61596100e-06
1.61381578e-06
1.61167344e-06
1.60953398e-06
1.60739739e-06
1.60526368e-06
1.60313284e-06
1.60100486e-06
1.59887973e-06
1.59675747e-06
1.59463806e-06
1.59252150e-06
1.59040778e-06
1.58829690e-06
1.58618886e-06
1.58408365e-06
1.58198127e-06
1.57988171e-06
1.57778498e-06
1.57569107e-06
1.57359996e-06
1.57151167e-06
1.56942619e-06
1.56734350e-06
1.56526362e-06
1.56318653e-06
1.56111223e-06
1.55904072e-06
1.55697199e-06
1.55490604e-06
1.55284287e-06
1.55078247e-06
1.54872484e-06
1.54666997e-06
1.54461786e-06
1.54256851e-06
1.54052191e-06
1.53847806e-06
1.53643696e-06
1.53439860e-06
1.53236298e-06
1.53033009e-06
1.52829994e-06
1.52627251e-06
1.52424780e-06
1.52222582e-06
1.52020655e-06
1.51818999e-06
1.51617614e-06
1.51416500e-06
1.51215655e-06
1.51015081e-06
1.50814776e-06
1.50614740e-06
1.50414973e-06
1.50215474e-06
1.50016242e-06
1.49817279e-06
1.49618583e-06
1.49420153e-06
1.49221990e-06
1.49024093e-06
1.48826462e-06
1.48629097e-06
1.48431996e-06
1.48235160e-06
1.48038588e-06
1.47842281e-06
1.47646237e-06
1.47450456e-06
1.47254938e-06
1.47059683e-06
1.46864690e-06
1.46669958e-06
1.46475488e-06
1.46281280e-06
1.46087332e-06
1.45893644e-06
1.45700217e-06
1.45507049e-06
1.45314140e-06
1.45121491e-06
1.44929100e-06
1.44736967e-06
1.44545093e-06
1.44353476e-06
1.44162116e-06
1.43971013e-06
1.43780167e-06
1.43589577e-06
1.43399242e-06
1.43209163e-06
1.43019340e-06
1.42829771e-06
1.42640457e-06
1.42451396e-06
1.42262590e-06
1.42074037e-06
1.41885737e-06
1.41697690e-06
1.41509895e-06
1.41322352e-06
1.41135061e-06
1.40948021e-06
1.40761233e-06
1.40574695e-06
1.40388407e-06
1.40202370e-06
1.40016582e-06
1.39831043e-06
1.39645754e-06
1.39460713e-06
1.39275920e-06
1.39091375e-06
1.38907078e-06
1.38723029e-06
1.38539226e-06
1.38355670e-06
1.38172360e-06
1.37989296e-06
1.37806478e-06
1.37623905e-06
1.37441577e-06
1.37259494e-06
1.37077655e-06
1.36896060e-06
1.36714709e-06
1.36533601e-06
1.36352736e-06
1.36172114e-06
1.35991734e-06
1.35811596e-06
1.35631699e-06
1.35452044e-06
1.35272630e-06
1.35093457e-06
1.34914524e-06
1.34735831e-06
1.34557378e-06
1.34379164e-06
1.34201189e-06
1.34023453e-06
1.33845956e-06
1.33668696e-06
1.33491674e-06
1.33314890e-06
1.33138343e-06
1.32962033e-06
1.32785959e-06
1.32610121e-06
1.32434519e-06
1.32259153e-06
1.32084021e-06
1.31909125e-06
1.31734463e-06
1.31560036e-06
1.31385842e-06
1.31211882e-06
1.31038155e-06
1.30864662e-06
1.30691401e-06
1.30518372e-06
1.30345575e-06
1.30173010e-06
1.30000677e-06
1.29828574e-06
1.29656702e-06
1.29485061e-06
1.29313650e-06
1.29142469e-06
1.28971517e-06
1.28800795e-06
1.28630301e-06
1.28460036e-06
1.28289999e-06
1.28120191e-06
1.27950609e-06
1.27781256e-06
1.27612129e-06
1.27443229e-06
1.27274555e-06
1.27106108e-06
1.26937887e-06
1.26769890e-06
1.26602120e-06
1.26434574e-06
1.26267252e-06
1.26100155e-06
1.25933282e-06
1.25766633e-06
1.25600207e-06
1.25434004e-06
1.25268024e-06
1.25102266e-06
1.24936730e-06
1.24771417e-06
1.24606325e-06
1.24441454e-06
1.24276804e-06
1.24112375e-06
1.23948166e-06
1.23784178e-06
1.23620409e-06
1.23456859e-06
1.23293529e-06
1.23130418e-06
1.22967525e-06
1.22804851e-06
1.22642394e-06
1.22480155e-06
1.22318134e-06
1.22156330e-06
1.21994742e-06
1.21833371e-06
1.21672217e-06
1.21511278e-06
1.21350555e-06
1.21190047e-06
1.21029754e-06
1.20869677e-06
1.20709813e-06
1.20550164e-06
1.20390729e-06
1.20231507e-06
1.20072498e-06
1.19913703e-06
1.19755120e-06
1.19596750e-06
1.19438592e-06
1.19280646e-06
1.19122912e-06
1.18965388e-06
1.18808076e-06
1.18650975e-06
1.18494084e-06
1.18337403e-06
1.18180932e-06
1.18024670e-06
1.17868618e-06
1.17712775e-06
1.17557141e-06
1.17401715e-06
1.17246497e-06
1.17091488e-06
1.16936686e-06
1.16782091e-06
1.16627703e-06
1.16473522e-06
1.16319548e-06
1.16165779e-06
1.16012217e-06
1.15858860e-06
1.15705709e-06
1.15552763e-06
1.15400021e-06
1.15247485e-06
1.15095152e-06
1.14943023e-06
1.14791099e-06
1.14639377e-06
1.14487859e-06
1.14336544e-06
1.14185431e-06
1.14034520e-06
1.13883812e-06
1.13733306e-06
1.13583001e-06
1.13432897e-06
1.13282994e-06
1.13133292e-06
1.12983790e-06
1.12834489e-06
1.12685387e-06
1.12536485e-06
1.12387782e-06
1.12239279e-06
1.12090974e-06
1.11942868e-06
1.11794960e-06
1.11647250e-06
1.11499738e-06
1.11352423e-06
1.11205305e-06
1.11058385e-06
1.10911661e-06
1.10765133e-06
1.10618802e-06
1.10472666e-06
1.10326727e-06
1.10180982e-06
1.10035432e-06
1.09890078e-06
1.09744918e-06
1.09599952e-06
1.09455180e-06
1.09310602e-06
1.09166217e-06
1.09022026e-06
1.08878027e-06
1.08734222e-06
1.08590608e-06
1.08447187e-06
1.08303958e-06
1.08160921e-06
1.08018075e-06
1.07875420e-06
1.07732956e-06
1.07590683e-06
1.07448600e-06
1.07306707e-06
1.07165004e-06
1.07023491e-06
1.06882167e-06
1.06741032e-06
1.06600086e-06
1.06459328e-06
1.06318759e-06
1.06178378e-06
1.06038185e-06
1.05898179e-06
1.05758361e-06
1.05618729e-06
1.05479285e-06
1.05340027e-06
1.05200955e-06
1.05062070e-06
1.04923370e-06
1.04784856e-06
1.04646527e-06
1.04508383e-06
1.04370424e-06
1.04232649e-06
1.04095059e-06
1.03957652e-06
1.03820430e-06
1.03683391e-06
1.03546536e-06
1.03409863e-06
1.03273373e-06
1.03137066e-06
1.03000941e-06
1.02864998e-06
1.02729237e-06
1.02593658e-06
1.02458260e-06
1.02323043e-06
1.02188007e-06
1.02053151e-06
1.01918476e-06
1.01783981e-06
1.01649666e-06
1.01515530e-06
1.01381574e-06
1.01247796e-06
1.01114198e-06
1.00980779e-06
1.00847537e-06
1.00714474e-06
1.00581589e-06
1.00448882e-06
1.00316352e-06
1.00183999e-06
1.00051823e-06
9.99198242e-07
