-965.48516
-965.47813
-965.49999
-965.54381
-965.59351
-965.63471
-965.66048
-965.67733
-965.69419
-965.71412
-965.73613
-965.75747
-965.77563
-965.79138
-965.8067
-965.82233
-965.83794
-965.85294
-965.8669
-965.88007
-965.89293
-965.90573
-965.91839
-965.93072
-965.94255
-965.95397
-965.96507
-965.97593
-965.98658
-965.99699
-966.00713
-966.01702
-966.02671
-966.03622
-966.04555
-966.05471
-966.0637
-966.07252
-966.08119
-966.0897
-966.09806
-966.10628
-966.11434
-966.12226
-966.13004
-966.1377
-966.14523
-966.15263
-966.15991
-966.16706
-966.17411
-966.18105
-966.18788
-966.1946
-966.20121
-966.20772
-966.21414
-966.22046
-966.2267
-966.23284
-966.2389
-966.24487
-966.25076
-966.25655
-966.26227
-966.26789
-966.27343
-966.27887
-966.28425
-966.28957
-966.29482
-966.30001
-966.30512
-966.31017
-966.31514
-966.32003
-966.32485
-966.32961
-966.33431
-966.33896
-966.34356
-966.3481
-966.35257
-966.35698
-966.36133
-966.36562
-966.36986
-966.37404
-966.37818
-966.38226
-966.38628
-966.39025
-966.39416
-966.39802
-966.40183
-966.4056
-966.40932
-966.413
-966.41663
-966.4202
-966.42372
-966.42721
-966.43065
-966.43406
-966.43744
-966.44076
-966.44405
-966.4473
-966.4505
-966.45366
-966.45678
-966.45987
-966.46293
-966.46595
-966.46893
-966.47188
-966.4748
-966.47768
-966.48052
-966.48334
-966.48612
-966.48886
-966.49158
-966.49427
-966.49692
-966.49955
-966.50214
-966.5047
-966.50724
-966.50975
-966.51223
-966.51468
-966.5171
-966.5195
-966.52187
-966.52421
-966.52653
-966.52882
-966.53109
-966.53334
-966.53556
-966.53775
-966.53992
-966.54207
-966.54419
-966.54629
-966.54838
-966.55044
-966.55248
-966.5545
-966.55649
-966.55847
-966.56042
-966.56236
-966.56428
-966.56618
-966.56806
-966.56993
-966.57177
-966.57359
-966.57539
-966.57717
-966.57894
-966.58069
-966.58241
-966.58413
-966.58582
-966.5875
-966.58916
-966.59081
-966.59243
-966.59404
-966.59564
-966.59721
-966.59878
-966.60033
-966.60187
-966.60339
-966.60489
-966.60639
-966.60786
-966.60932
-966.61077
-966.6122
-966.61362
-966.61503
-966.61642
-966.6178
-966.61917
-966.62052
-966.62187
-966.6232
-966.62451
-966.62582
-966.62712
-966.6284
-966.62967
-966.63092
-966.63217
-966.6334
-966.63462
-966.63583
-966.63703
-966.63822
-966.6394
-966.64056
-966.64172
-966.64287
-966.64401
-966.64513
-966.64625
-966.64736
-966.64845
-966.64954
-966.65061
-966.65168
-966.65274
-966.65379
-966.65482
-966.65584
-966.65686
-966.65786
-966.65886
-966.65986
-966.66084
-966.66182
-966.66278
-966.66374
-966.66468
-966.66561
-966.66654
-966.66746
-966.66837
-966.66928
-966.67017
-966.67106
-966.67194
-966.67282
-966.67368
-966.67454
-966.67539
-966.67623
-966.67707
-966.67789
-966.67871
-966.67952
-966.68033
-966.68113
-966.68192
-966.68271
-966.68348
-966.68425
-966.68501
-966.68577
-966.68652
-966.68726
-966.68799
-966.68872
-966.68944
-966.69016
-966.69087
-966.69158
-966.69227
-966.69297
-966.69365
-966.69433
-966.69501
-966.69567
-966.69633
-966.69699
-966.69763
-966.69828
-966.69891
-966.69955
-966.70018
-966.7008
-966.70142
-966.70203
-966.70264
-966.70324
-966.70383
-966.70442
-966.70501
-966.70559
-966.70617
-966.70674
-966.70731
-966.70787
-966.70843
-966.70898
-966.70953
-966.71007
-966.71061
-966.71114
-966.71167
-966.7122
-966.71272
-966.71323
-966.71374
-966.71424
-966.71474
-966.71524
-966.71574
-966.71623
-966.71672
-966.7172
-966.71768
-966.71815
-966.71862
-966.71908
-966.71954
-966.71999
-966.72044
-966.72089
-966.72134
-966.72178
-966.72222
-966.72265
-966.72308
-966.7235
-966.72392
-966.72434
-966.72475
-966.72517
-966.72558
-966.72598
-966.72638
-966.72678
-966.72717
-966.72756
-966.72794
-966.72832
-966.7287
-966.72908
-966.72945
-966.72982
-966.73019
-966.73055
-966.73091
-966.73127
-966.73163
-966.73198
-966.73233
-966.73267
-966.73302
-966.73336
-966.7337
-966.73403
-966.73436
-966.73469
-966.73502
-966.73535
-966.73567
-966.73599
-966.73631
-966.73662
-966.73692
-966.73723
-966.73753
-966.73784
-966.73814
-966.73844
-966.73873
-966.73903
-966.73932
-966.73961
-966.7399
-966.74018
-966.74046
-966.74074
-966.74101
-966.74129
-966.74156
-966.74183
-966.7421
-966.74237
-966.74263
-966.7429
-966.74316
-966.74341
-966.74367
-966.74392
-966.74418
-966.74443
-966.74467
-966.74492
-966.74517
-966.74541
-966.74565
-966.74588
-966.74612
-966.74635
-966.74658
-966.74681
-966.74704
-966.74727
-966.74749
-966.74772
-966.74794
-966.74816
-966.74838
-966.7486
-966.74882
-966.74903
-966.74924
-966.74945
-966.74966
-966.74987
-966.75008
-966.75028
-966.75048
-966.75068
-966.75088
-966.75108
-966.75128
-966.75147
-966.75166
-966.75185
-966.75204
-966.75223
-966.75241
-966.7526
-966.75278
-966.75296
-966.75314
-966.75333
-966.7535
-966.75368
-966.75385
-966.75403
-966.7542
-966.75436
-966.75453
-966.7547
-966.75487
-966.75503
-966.7552
-966.75536
-966.75552
-966.75568
-966.75584
-966.756
-966.75615
-966.7563
-966.75645
-966.7566
-966.75675
-966.7569
-966.75705
-966.75719
-966.75734
-966.75748
-966.75762
-966.75776
-966.7579
-966.75804
-966.75818
-966.75831
-966.75845
-966.75858
-966.75871
-966.75885
-966.75898
-966.75911
-966.75924
-966.75937
-966.7595
-966.75962
-966.75974
-966.75987
-966.75999
-966.76012
-966.76024
-966.76036
-966.76048
-966.7606
-966.76072
-966.76084
-966.76095
-966.76107
-966.76118
-966.76129
-966.7614
-966.76151
-966.76162
-966.76173
-966.76184
-966.76195
-966.76206
-966.76216
-966.76227
-966.76237
-966.76248
-966.76258
-966.76268
-966.76279
-966.76289
-966.76299
-966.76309
-966.76318
-966.76328
-966.76338
-966.76347
-966.76357
-966.76367
-966.76376
-966.76385
-966.76395
-966.76404
-966.76413
-966.76422
-966.76432
-966.76441
-966.7645
-966.76458
-966.76467
-966.76476
-966.76485
-966.76493
-966.76502
-966.7651
-966.76519
-966.76527
-966.76535
-966.76544
-966.76552
-966.7656
-966.76568
-966.76576
-966.76584
-966.76592
-966.766
-966.76608
-966.76615
-966.76623
-966.76631
-966.76638
-966.76646
-966.76653
-966.76661
-966.76668
-966.76676
-966.76683
-966.7669
-966.76697
-966.76704
-966.76711
-966.76718
-966.76725
-966.76732
-966.76739
-966.76746
-966.76752
-966.76759
-966.76766
-966.76772
-966.76779
-966.76785
-966.76792
-966.76798
-966.76804
-966.76811
-966.76817
-966.76823
-966.76829
-966.76835
-966.76842
-966.76848
-966.76854
-966.7686
-966.76866
-966.76872
-966.76877
-966.76883
-966.76889
-966.76895
-966.769
-966.76906
-966.76912
-966.76917
-966.76923
-966.76928
-966.76934
-966.76939
-966.76944
-966.7695
-966.76955
-966.7696
-966.76966
-966.76971
-966.76976
-966.76981
-966.76986
-966.76992
-966.76997
-966.77002
-966.77007
-966.77012
-966.77017
-966.77022
-966.77026
-966.77031
-966.77036
-966.77041
-966.77045
-966.7705
-966.77054
-966.77059
-966.77064
-966.77068
-966.77073
-966.77077
-966.77082
-966.77086
-966.77091
-966.77095
-966.77099
-966.77103
-966.77108
-966.77112
-966.77116
-966.7712
-966.77124
-966.77128
-966.77132
-966.77136
-966.7714
-966.77144
-966.77148
-966.77152
-966.77156
-966.7716
-966.77164
-966.77168
-966.77172
-966.77175
-966.77179
-966.77183
-966.77187
-966.7719
-966.77194
-966.77198
-966.77201
-966.77205
-966.77209
-966.77212
-966.77216
-966.77219
-966.77223
-966.77226
-966.7723
-966.77233
-966.77236
-966.7724
-966.77243
-966.77247
-966.7725
-966.77253
-966.77257
-966.7726
-966.77263
-966.77266
-966.7727
-966.77273
-966.77276
-966.77279
-966.77282
-966.77285
-966.77288
-966.77291
-966.77294
-966.77297
-966.773
-966.77303
-966.77306
-966.77309
-966.77312
-966.77315
-966.77318
-966.77321
-966.77324
-966.77326
-966.77329
-966.77332
-966.77335
-966.77338
-966.7734
-966.77343
-966.77346
-966.77349
-966.77351
-966.77354
-966.77357
-966.77359
-966.77362
-966.77365
-966.77367
-966.7737
-966.77372
-966.77375
-966.77377
-966.7738
-966.77382
-966.77385
-966.77387
-966.7739
-966.77392
-966.77395
-966.77397
-966.77399
-966.77402
-966.77404
-966.77407
-966.77409
-966.77411
-966.77414
-966.77416
-966.77418
-966.7742
-966.77423
-966.77425
-966.77427
-966.77429
-966.77432
-966.77434
-966.77436
-966.77438
-966.7744
-966.77442
-966.77445
-966.77447
-966.77449
-966.77451
-966.77453
-966.77455
-966.77457
-966.77459
-966.77461
-966.77463
-966.77465
-966.77467
-966.77469
-966.77471
-966.77473
-966.77475
-966.77477
-966.77479
-966.77481
-966.77483
-966.77484
-966.77486
-966.77488
-966.7749
-966.77492
-966.77494
-966.77496
-966.77497
-966.77499
-966.77501
-966.77503
-966.77504
-966.77506
-966.77508
-966.7751
-966.77511
-966.77513
-966.77515
-966.77516
-966.77518
-966.7752
-966.77521
-966.77523
-966.77525
-966.77526
-966.77528
-966.7753
-966.77531
-966.77533
-966.77534
-966.77536
-966.77538
-966.77539
-966.77541
-966.77542
-966.77544
-966.77545
-966.77547
-966.77548
-966.7755
-966.77551
-966.77553
-966.77554
-966.77556
-966.77557
-966.77559
-966.7756
-966.77562
-966.77563
-966.77564
-966.77566
-966.77567
-966.77569
-966.7757
-966.77571
-966.77573
-966.77574
-966.77575
-966.77577
-966.77578
-966.77579
-966.77581
-966.77582
-966.77583
-966.77585
-966.77586
-966.77587
-966.77588
-966.7759
-966.77591
-966.77592
-966.77594
-966.77595
-966.77596
-966.77597
-966.77599
-966.776
-966.77601
-966.77602
-966.77603
-966.77605
-966.77606
-966.77607
-966.77608
-966.77609
-966.77611
-966.77612
-966.77613
-966.77614
-966.77615
-966.77616
-966.77617
-966.77618
-966.7762
-966.77621
-966.77622
-966.77623
-966.77624
-966.77625
-966.77626
-966.77627
-966.77628
-966.77629
-966.7763
-966.77631
-966.77632
-966.77633
-966.77634
-966.77635
-966.77636
-966.77637
-966.77638
-966.77639
-966.7764
-966.77641
-966.77642
-966.77643
-966.77644
-966.77645
-966.77646
-966.77647
-966.77648
-966.77649
-966.7765
-966.77651
-966.77652
-966.77653
-966.77654
-966.77655
-966.77655
-966.77656
-966.77657
-966.77658
-966.77659
-966.7766
-966.77661
-966.77662
-966.77663
-966.77664
-966.77664
-966.77665
-966.77666
-966.77667
-966.77668
-966.77669
-966.77669
-966.7767
-966.77671
-966.77672
-966.77673
-966.77674
-966.77674
-966.77675
-966.77676
-966.77677
-966.77677
-966.77678
-966.77679
-966.7768
-966.77681
-966.77681
-966.77682
-966.77683
-966.77684
-966.77684
-966.77685
-966.77686
-966.77687
-966.77687
-966.77688
-966.77689
-966.77689
-966.7769
-966.77691
-966.77692
-966.77692
-966.77693
-966.77694
-966.77694
-966.77695
-966.77696
-966.77697
-966.77697
-966.77698
-966.77699
-966.77699
-966.777
-966.77701
-966.77701
-966.77702
-966.77702
-966.77703
-966.77704
-966.77704
-966.77705
-966.77706
-966.77706
-966.77707
-966.77708
-966.77708
-966.77709
-966.7771
-966.7771
-966.77711
-966.77711
-966.77712
-966.77713
-966.77713
-966.77714
-966.77714
-966.77715
-966.77716
-966.77716
-966.77717
-966.77717
-966.77718
-966.77719
-966.77719
-966.7772
-966.7772
-966.77721
-966.77721
-966.77722
-966.77723
-966.77723
-966.77724
-966.77724
-966.77725
-966.77725
-966.77726
-966.77726
-966.77727
-966.77727
-966.77728
-966.77729
-966.77729
-966.7773
-966.7773
-966.7773
-966.77731
-966.77731
-966.77732
-966.77732
-966.77733
-966.77733
-966.77734
-966.77735
-966.77735
-966.77736
-966.77736
-966.77736
-966.77737
-966.77737
-966.77738
-966.77738
-966.77739
-966.77739
-966.7774
-966.7774
-966.77741
-966.77741
-966.77742
-966.77742
-966.77743
-966.77743
-966.77744
-966.77744
-966.77744
-966.77745
-966.77745
-966.77746
-966.77746
-966.77747
-966.77747
-966.77747
-966.77748
-966.77748
-966.77749
-966.77749
-966.7775
-966.7775
-966.7775
-966.77751
-966.77751
-966.77752
-966.77752
-966.77752
-966.77753
-966.77753
-966.77754
-966.77754
-966.77754
-966.77755
-966.77755
-966.77756
-966.77756
-966.77756
-966.77757
-966.77757
-966.77758
-966.77758
-966.77758
-966.77759
-966.77759
-966.77759
-966.7776
-966.7776
-966.77761
-966.77761
-966.77761
-966.77762
-966.77762
-966.77762
-966.77763
-966.77763
-966.77763
-966.77764
-966.77764
-966.77765
-966.77765
-966.77765
-966.77766
-966.77766
-966.77766
-966.77767
-966.77767
-966.77767
-966.77768
-966.77768
-966.77768
-966.77769
-966.77769
-966.77769
-966.7777
-966.7777
-966.7777
-966.77771
-966.77771
-966.77771
-966.77771
-966.77772
-966.77772
-966.77772
-966.77773
-966.77773
-966.77773
-966.77774
-966.77774
-966.77774
-966.77774
-966.77775
-966.77775
-966.77775
-966.77776
-966.77776
-966.77776
-966.77776
-966.77777
-966.77777
-966.77777
-966.77778
-966.77778
-966.77778
-966.77778
-966.77779
-966.77779
-966.77779
-966.77779
-966.7778
-966.7778
-966.7778
-966.77781
-966.77781
-966.77781
-966.77781
-966.77782
-966.77782
-966.77782
-966.77782
-966.77783
-966.77783
-966.77783
-966.77783
-966.77784
-966.77784
-966.77784
-966.77784
-966.77785
-966.77785
-966.77785
-966.77785
-966.77786
-966.77786
-966.77786
-966.77786
-966.77787
-966.77787
-966.77787
-966.77787
-966.77787
-966.77788
-966.77788
-966.77788
-966.77788
-966.77789
-966.77789
-966.77789
-966.77789
-966.77789
-966.7779
-966.7779
-966.7779
-966.7779
-966.77791
-966.77791
-966.77791
-966.77791
-966.77791
-966.77792
-966.77792
-966.77792
-966.77792
-966.77793
-966.77793
-966.77793
-966.77793
-966.77793
-966.77794
-966.77794
-966.77794
-966.77794
-966.77794
-966.77795
-966.77795
-966.77795
-966.77795
-966.77795
-966.77796
-966.77796
-966.77796
-966.77796
-966.77796
-966.77797
-966.77797
-966.77797
-966.77797
-966.77797
-966.77797
-966.77798
-966.77798
-966.77798
-966.77798
-966.77798
-966.77799
-966.77799
-966.77799
-966.77799
-966.77799
-966.77799
-966.778
-966.778
-966.778
-966.778
-966.778
-966.778
-966.77801
-966.77801
-966.77801
-966.77801
-966.77801
-966.77801
-966.77802
-966.77802
-966.77802
-966.77802
-966.77802
-966.77802
-966.77803
-966.77803
-966.77803
-966.77803
-966.77803
-966.77803
-966.77804
-966.77804
-966.77804
-966.77804
-966.77804
-966.77804
-966.77804
-966.77805
-966.77805
-966.77805
-966.77805
-966.77805
-966.77805
-966.77805
-966.77806
-966.77806
-966.77806
-966.77806
-966.77806
-966.77806
-966.77807
-966.77807
-966.77807
-966.77807
-966.77807
-966.77807
-966.77807
-966.77807
-966.77808
-966.77808
-966.77808
-966.77808
-966.77808
-966.77808
-966.77808
-966.77809
-966.77809
-966.77809
-966.77809
-966.77809
-966.77809
-966.77809
-966.77809
-966.7781
-966.7781
-966.7781
-966.7781
-966.7781
-966.7781
-966.7781
-966.77811
-966.77811
-966.77811
-966.77811
-966.77811
-966.77811
-966.77811
-966.77811
-966.77812
-966.77812
-966.77812
-966.77812
-966.77812
-966.77812
-966.77812
-966.77812
-966.77812
-966.77813
-966.77813
-966.77813
-966.77813
-966.77813
-966.77813
-966.77813
-966.77813
-966.77814
-966.77814
-966.77814
-966.77814
-966.77814
-966.77814
-966.77814
-966.77814
-966.77814
-966.77815
-966.77815
-966.77815
-966.77815
-966.77815
-966.77815
-966.77815
-966.77815
-966.77815
-966.77816
-966.77816
-966.77816
-966.77816
-966.77816
-966.77816
-966.77816
-966.77816
-966.77816
-966.77816
-966.77816
-966.77817
-966.77817
-966.77817
-966.77817
-966.77817
-966.77817
-966.77817
-966.77817
-966.77817
-966.77817
-966.77818
-966.77818
-966.77818
-966.77818
-966.77818
-966.77818
-966.77818
-966.77818
-966.77818
-966.77818
-966.77818
-966.77819
-966.77819
-966.77819
-966.77819
-966.77819
-966.77819
-966.77819
-966.77819
-966.77819
-966.77819
-966.77819
-966.7782
-966.7782
-966.7782
-966.7782
-966.7782
-966.7782
-966.7782
-966.7782
-966.7782
-966.7782
-966.7782
-966.77821
-966.77821
-966.77821
-966.77821
-966.77821
-966.77821
-966.77821
-966.77821
-966.77821
-966.77821
-966.77821
-966.77821
-966.77822
-966.77822
-966.77822
-966.77822
-966.77822
-966.77822
-966.77822
-966.77822
-966.77822
-966.77822
-966.77822
-966.77822
-966.77822
-966.77822
-966.77823
-966.77823
-966.77823
-966.77823
-966.77823
-966.77823
-966.77823
-966.77823
-966.77823
-966.77823
-966.77823
-966.77823
-966.77823
-966.77823
-966.77824
-966.77824
-966.77824
-966.77824
-966.77824
-966.77824
-966.77824
-966.77824
-966.77824
-966.77824
-966.77824
-966.77824
-966.77824
-966.77824
-966.77824
-966.77825
-966.77825
-966.77825
-966.77825
-966.77825
-966.77825
-966.77825
-966.77825
-966.77825
-966.77825
-966.77825
-966.77825
-966.77825
-966.77825
-966.77825
-966.77826
-966.77826
-966.77826
-966.77826
-966.77826
-966.77826
-966.77826
-966.77826
-966.77826
-966.77826
-966.77826
-966.77826
-966.77826
-966.77826
-966.77826
-966.77826
-966.77826
-966.77827
-966.77827
-966.77827
-966.77827
-966.77827
-966.77827
-966.77827
-966.77827
-966.77827
-966.77827
-966.77827
-966.77827
-966.77827
-966.77827
-966.77827
-966.77827
-966.77827
-966.77827
-966.77827
-966.77828
-966.77828
-966.77828
-966.77828
-966.77828
-966.77828
-966.77828
-966.77828
-966.77828
-966.77828
-966.77828
-966.77828
-966.77828
-966.77828
-966.77828
-966.77828
-966.77828
-966.77828
-966.77828
-966.77829
-966.77829
-966.77829
-966.77829
-966.77829
-966.77829
-966.77829
-966.77829
-966.77829
-966.77829
-966.77829
-966.77829
-966.77829
-966.77829
-966.77829
-966.77829
-966.77829
-966.77829
-966.77829
-966.77829
-966.77829
-966.7783
-966.7783
-966.7783
-966.7783
-966.7783
-966.7783
-966.7783
-966.7783
-966.7783
-966.7783
-966.7783
-966.7783
-966.7783
-966.7783
-966.7783
-966.7783
-966.7783
-966.7783
-966.7783
-966.7783
-966.7783
-966.7783
-966.7783
-966.7783
-966.77831
-966.77831
-966.77831
-966.77831
-966.77831
-966.77831
-966.77831
-966.77831
-966.77831
-966.77831
-966.77831
-966.77831
-966.77831
-966.77831
-966.77831
-966.77831
-966.77831
-966.77831
-966.77831
-966.77831
-966.77831
-966.77831
-966.77831
-966.77831
-966.77831
-966.77832
-966.77832
-966.77832
-966.77832
-966.77832
-966.77832
-966.77832
-966.77832
-966.77832
-966.77832
-966.77832
-966.77832
-966.77832
-966.77832
-966.77832
-966.77832
-966.77832
-966.77832
-966.77832
-966.77832
-966.77832
-966.77832
-966.77832
-966.77832
-966.77832
-966.77832
-966.77832
-966.77832
-966.77833
-966.77833
-966.77833
-966.77833
-966.77833
-966.77833
-966.77833
-966.77833
-966.77833
-966.77833
-966.77833
-966.77833
-966.77833
-966.77833
-966.77833
-966.77833
-966.77833
-966.77833
-966.77833
-966.77833
-966.77833
-966.77833
-966.77833
-966.77833
-966.77833
-966.77833
-966.77833
-966.77833
-966.77833
-966.77833
-966.77834
-966.77834
-966.77834
-966.77834
-966.77834
-966.77834
-966.77834
-966.77834
-966.77834
-966.77834
-966.77834
-966.77834
-966.77834
-966.77834
-966.77834
-966.77834
-966.77834
-966.77834
-966.77834
-966.77834
-966.77834
-966.77834
-966.77834
-966.77834
-966.77834
-966.77834
-966.77834
-966.77834
-966.77834
-966.77834
-966.77834
-966.77834
-966.77834
-966.77834
-966.77834
-966.77835
-966.77835
-966.77835
-966.77835
-966.77835
-966.77835
-966.77835
-966.77835
-966.77835
-966.77835
-966.77835
-966.77835
-966.77835
-966.77835
-966.77835
-966.77835
-966.77835
-966.77835
-966.77835
-966.77835
-966.77835
-966.77835
-966.77835
-966.77835
-966.77835
-966.77835
-966.77835
-966.77835
-966.77835
-966.77835
-966.77835
-966.77835
-966.77835
-966.77835
-966.77835
-966.77835
-966.77835
-966.77835
-966.77835
-966.77835
-966.77836
-966.77836
-966.77836
-966.77836
-966.77836
-966.77836
-966.77836
-966.77836
-966.77836
-966.77836
-966.77836
-966.77836
-966.77836
-966.77836
-966.77836
-966.77836
-966.77836
-966.77836
-966.77836
-966.77836
-966.77836
-966.77836
-966.77836
-966.77836
-966.77836
-966.77836
-966.77836
-966.77836
-966.77836
-966.77836
-966.77836
-966.77836
-966.77836
-966.77836
-966.77836
-966.77836
-966.77836
-966.77836
-966.77836
-966.77836
-966.77836
-966.77836
-966.77836
-966.77836
-966.77836
-966.77836
-966.77837
-966.77837
-966.77837
-966.77837
-966.77837
-966.77837
-966.77837
-966.77837
-966.77837
-966.77837
-966.77837
-966.77837
-966.77837
-966.77837
-966.77837
-966.77837
-966.77837
-966.77837
-966.77837
-966.77837
-966.77837
-966.77837
-966.77837
-966.77837
-966.77837
-966.77837
-966.77837
-966.77837
-966.77837
-966.77837
-966.77837
-966.77837
-966.77837
-966.77837
-966.77837
-966.77837
-966.77837
-966.77837
-966.77837
-966.77837
-966.77837
-966.77837
-966.77837
-966.77837
-966.77837
-966.77837
-966.77837
-966.77837
-966.77837
-966.77837
-966.77837
-966.77837
-966.77837
-966.77837
-966.77838
-966.77838
-966.77838
-966.77838
-966.77838
-966.77838
-966.77838
-966.77838
-966.77838
-966.77838
-966.77838
-966.77838
-966.77838
-966.77838
-966.77838
-966.77838
-966.77838
-966.77838
-966.77838
-966.77838
-966.77838
-966.77838
-966.77838
-966.77838
-966.77838
-966.77838
-966.77838
-966.77838
-966.77838
-966.77838
-966.77838
-966.77838
-966.77838
-966.77838
-966.77838
-966.77838
-966.77838
-966.77838
-966.77838
-966.77838
-966.77838
-966.77838
-966.77838
-966.77838
-966.77838
-966.77838
-966.77838
-966.77838
-966.77838
-966.77838
-966.77838
-966.77838
-966.77838
-966.77838
-966.77838
-966.77838
-966.77838
-966.77838
-966.77838
-966.77838
-966.77838
-966.77838
-966.77838
-966.77838
-966.77838
-966.77839
-966.77839
-966.77839
-966.77839
-966.77839
-966.77839
-966.77839
-966.77839
-966.77839
-966.77839
-966.77839
-966.77839
-966.77839
-966.77839
-966.77839
-966.77839
-966.77839
-966.77839
-966.77839
-966.77839
-966.77839
-966.77839
-966.77839
-966.77839
-966.77839
-966.77839
-966.77839
-966.77839
-966.77839
-966.77839
-966.77839
-966.77839
-966.77839
-966.77839
-966.77839
-966.77839
-966.77839
-966.77839
-966.77839
-966.77839
-966.77839
-966.77839
-966.77839
-966.77839
-966.77839
-966.77839
-966.77839
-966.77839
-966.77839
-966.77839
-966.77839
-966.77839
-966.77839
-966.77839
-966.77839
-966.77839
-966.77839
-966.77839
-966.77839
-966.77839
-966.77839
-966.77839
-966.77839
-966.77839
-966.77839
-966.77839
-966.77839
-966.77839
-966.77839
-966.77839
-966.77839
-966.77839
-966.77839
-966.77839
-966.77839
-966.77839
-966.77839
-966.77839
-966.77839
-966.77839
-966.77839
-966.77839
-966.77839
-966.7784
-966.7784
-966.7784
-966.7784
-966.7784
-966.7784
-966.7784
-966.7784
-966.7784
-966.7784
-966.7784
-966.7784
-966.7784
-966.7784
-966.7784
-966.7784
-966.7784
-966.7784
-966.7784
-966.7784
-966.7784
-966.7784
-966.7784
-966.7784
-966.7784
-966.7784
-966.7784
-966.7784
-966.7784
-966.7784
-966.7784
-966.7784
-966.7784
-966.7784
-966.7784
-966.7784
-966.7784
-966.7784
-966.7784
-966.7784
-966.7784
-966.7784
-966.7784
-966.7784
-966.7784
-966.7784
-966.7784
-966.7784
-966.7784
-966.7784
-966.7784
-966.7784
-966.7784
-966.7784
-966.7784
-966.7784
-966.7784
-966.7784
-966.7784
-966.7784
-966.7784
-966.7784
-966.7784
-966.7784
-966.7784
-966.7784
-966.7784
-966.7784
-966.7784
-966.7784
-966.7784
-966.7784
-966.7784
-966.7784
-966.7784
-966.7784
-966.7784
-966.7784
-966.7784
-966.7784
-966.7784
-966.7784
-966.7784
-966.7784
-966.7784
-966.7784
-966.7784
-966.7784
-966.7784
-966.7784
-966.7784
-966.7784
-966.7784
-966.7784
-966.7784
-966.7784
-966.7784
-966.7784
-966.7784
-966.7784
-966.7784
-966.7784
-966.7784
-966.7784
-966.7784
-966.7784
-966.7784
-966.7784
-966.7784
-966.7784
-966.7784
-966.77841
-966.77841
-966.77841
-966.77841
-966.77841
-966.77841
-966.77841
-966.77841
-966.77841
-966.77841
-966.77841
-966.77841
-966.77841
-966.77841
-966.77841
-966.77841
-966.77841
-966.77841
-966.77841
-966.77841
-966.77841
-966.77841
-966.77841
-966.77841
-966.77841
-966.77841
-966.77841
-966.77841
-966.77841
-966.77841
-966.77841
-966.77841
-966.77841
-966.77841
-966.77841
-966.77841
-966.77841
-966.77841
-966.77841
-966.77841
-966.77841
-966.77841
-966.77841
-966.77841
-966.77841
-966.77841
-966.77841
-966.77841
-966.77841
-966.77841
-966.77841
-966.77841
-966.77841
-966.77841
-966.77841
-966.77841
-966.77841
-966.77841
-966.77841
-966.77841
-966.77841
-966.77841
-966.77841
-966.77841
-966.77841
-966.77841
-966.77841
-966.77841
-966.77841
-966.77841
-966.77841
-966.77841
-966.77841
-966.77841
-966.77841
-966.77841
-966.77841
-966.77841
-966.77841
-966.77841
-966.77841
-966.77841
-966.77841
-966.77841
-966.77841
-966.77841
-966.77841
-966.77841
-966.77841
-966.77841
-966.77841
-966.77841
-966.77841
-966.77841
-966.77841
-966.77841
-966.77841
-966.77841
-966.77841
-966.77841
-966.77841
-966.77841
-966.77841
-966.77841
-966.77841
-966.77841
-966.77841
-966.77841
-966.77841
-966.77841
-966.77841
-966.77841
-966.77841
-966.77841
-966.77841
-966.77841
-966.77841
-966.77841
-966.77841
-966.77841
-966.77841
-966.77841
-966.77841
-966.77841
-966.77841
-966.77841
-966.77841
-966.77841
-966.77841
-966.77841
-966.77841
-966.77841
-966.77841
-966.77841
-966.77841
-966.77841
-966.77841
-966.77841
-966.77841
-966.77841
-966.77841
-966.77841
-966.77841
-966.77841
-966.77841
-966.77841
-966.77841
-966.77841
-966.77841
-966.77841
-966.77841
-966.77841
-966.77841
-966.77841
-966.77841
-966.77841
-966.77841
-966.77841
-966.77841
-966.77841
-966.77841
-966.77841
-966.77841
-966.77841
-966.77841
-966.77841
-966.77841
-966.77841
-966.77841
-966.77842
-966.77842
-966.77842
-966.77842
-966.77842
-966.77842
-966.77842
-966.77842
-966.77842
-966.77842
-966.77842
-966.77842
-966.77842
-966.77842
-966.77842
-966.77842
-966.77842
-966.77842
-966.77842
-966.77842
-966.77842
-966.77842
-966.77842
-966.77842
-966.77842
-966.77842
-966.77842
-966.77842
-966.77842
-966.77842
-966.77842
-966.77842
-966.77842
-966.77842
-966.77842
-966.77842
-966.77842
-966.77842
-966.77842
-966.77842
-966.77842
-966.77842
-966.77842
-966.77842
-966.77842
-966.77842
-966.77842
-966.77842
-966.77842
-966.77842
-966.77842
-966.77842
-966.77842
-966.77842
-966.77842
-966.77842
-966.77842
-966.77842
-966.77842
-966.77842
-966.77842
-966.77842
-966.77842
-966.77842
-966.77842
-966.77842
-966.77842
-966.77842
-966.77842
-966.77842
-966.77842
-966.77842
-966.77842
-966.77842
-966.77842
-966.77842
-966.77842
-966.77842
-966.77842
-966.77842
-966.77842
-966.77842
-966.77842
-966.77842
-966.77842
-966.77842
-966.77842
-966.77842
-966.77842
-966.77842
-966.77842
-966.77842
-966.77842
-966.77842
-966.77842
-966.77842
-966.77842
-966.77842
-966.77842
-966.77842
-966.77842
-966.77842
-966.77842
-966.77842
-966.77842
-966.77842
-966.77842
-966.77842
-966.77842
-966.77842
-966.77842
-966.77842
-966.77842
-966.77842
-966.77842
-966.77842
-966.77842
-966.77842
-966.77842
-966.77842
-966.77842
-966.77842
-966.77842
-966.77842
-966.77842
-966.77842
-966.77842
-966.77842
-966.77842
-966.77842
-966.77842
-966.77842
-966.77842
-966.77842
-966.77842
-966.77842
-966.77842
-966.77842
-966.77842
-966.77842
-966.77842
-966.77842
-966.77842
-966.77842
-966.77842
-966.77842
-966.77842
-966.77842
-966.77842
-966.77842
-966.77842
-966.77842
-966.77842
-966.77842
-966.77842
-966.77842
-966.77842
-966.77842
-966.77842
-966.77842
-966.77842
-966.77842
-966.77842
-966.77842
-966.77842
-966.77842
-966.77842
-966.77842
-966.77842
-966.77842
-966.77842
-966.77842
-966.77842
-966.77842
-966.77842
-966.77842
-966.77842
-966.77842
-966.77842
-966.77842
-966.77842
-966.77842
-966.77842
-966.77842
-966.77842
-966.77842
-966.77842
-966.77842
-966.77842
-966.77842
-966.77842
-966.77842
-966.77842
-966.77842
-966.77842
-966.77842
-966.77842
-966.77842
-966.77842
-966.77842
-966.77842
-966.77842
-966.77842
-966.77842
-966.77842
-966.77842
-966.77842
-966.77842
-966.77842
-966.77842
-966.77842
-966.77842
-966.77842
-966.77842
-966.77842
-966.77842
-966.77842
-966.77842
-966.77842
-966.77842
-966.77842
-966.77842
-966.77842
-966.77842
-966.77842
-966.77842
-966.77842
-966.77842
-966.77842
-966.77842
-966.77842
-966.77842
-966.77842
-966.77842
-966.77842
-966.77842
-966.77842
-966.77842
-966.77842
-966.77842
-966.77842
-966.77842
-966.77842
-966.77842
-966.77842
-966.77842
-966.77842
-966.77842
-966.77842
-966.77842
-966.77842
-966.77842
-966.77842
-966.77842
-966.77842
-966.77842
-966.77842
-966.77842
-966.77842
-966.77842
-966.77842
-966.77842
-966.77842
-966.77842
-966.77842
-966.77842
-966.77842
-966.77842
-966.77842
-966.77842
-966.77842
-966.77842
-966.77842
-966.77842
-966.77842
-966.77842
-966.77842
-966.77842
-966.77842
-966.77842
-966.77842
-966.77842
-966.77842
-966.77842
-966.77842
-966.77842
-966.77842
-966.77842
-966.77842
-966.77842
-966.77842
-966.77842
-966.77842
-966.77842
-966.77842
-966.77842
-966.77842
-966.77842
-966.77842
-966.77842
-966.77842
-966.77842
-966.77842
-966.77842
-966.77842
-966.77842
-966.77842
-966.77842
-966.77842
-966.77842
-966.77842
-966.77842
-966.77842
-966.77842
-966.77842
-966.77842
-966.77842
-966.77842
-966.77842
-966.77842
-966.77842
-966.77842
-966.77842
-966.77842
-966.77842
-966.77842
-966.77842
-966.77842
-966.77842
-966.77842
-966.77842
-966.77842
-966.77842
-966.77842
-966.77842
-966.77842
-966.77842
-966.77842
-966.77842
-966.77842
-966.77842
-966.77842
-966.77842
-966.77842
-966.77843
-966.77843
-966.77843
-966.77843
-966.77843
-966.77843
-966.77843
-966.77843
-966.77843
-966.77843
-966.77843
-966.77843
-966.77843
-966.77843
-966.77843
-966.77843
-966.77843
-966.77843
-966.77843
-966.77843
-966.77843
-966.77843
-966.77843
-966.77843
-966.77843
-966.77843
-966.77843
-966.77843
-966.77843
-966.77843
-966.77843
-966.77843
-966.77843
-966.77843
-966.77843
-966.77843
-966.77843
-966.77843
-966.77843
-966.77843
-966.77843
-966.77843
-966.77843
-966.77843
-966.77843
-966.77843
-966.77843
-966.77843
-966.77843
-966.77843
-966.77843
-966.77843
-966.77843
-966.77843
-966.77843
-966.77843
-966.77843
-966.77843
-966.77843
-966.77843
-966.77843
-966.77843
-966.77843
-966.77843
-966.77843
-966.77843
-966.77843
-966.77843
-966.77843
-966.77843
-966.77843
-966.77843
-966.77843
-966.77843
-966.77843
-966.77843
-966.77843
-966.77843
-966.77843
-966.77843
-966.77843
-966.77843
-966.77843
-966.77843
-966.77843
-966.77843
-966.77843
-966.77843
-966.77843
-966.77843
-966.77843
-966.77843
-966.77843
-966.77843
-966.77843
-966.77843
-966.77843
-966.77843
-966.77843
-966.77843
-966.77843
-966.77843
-966.77843
-966.77843
-966.77843
-966.77843
-966.77843
-966.77843
-966.77843
-966.77843
-966.77843
-966.77843
-966.77843
-966.77843
-966.77843
-966.77843
-966.77843
-966.77843
-966.77843
-966.77843
-966.77843
-966.77843
-966.77843
-966.77843
-966.77843
-966.77843
-966.77843
-966.77843
-966.77843
-966.77843
-966.77843
-966.77843
-966.77843
-966.77843
-966.77843
-966.77843
-966.77843
-966.77843
-966.77843
-966.77843
-966.77843
-966.77843
-966.77843
-966.77843
-966.77843
-966.77843
-966.77843
-966.77843
-966.77843
-966.77843
-966.77843
-966.77843
-966.77843
-966.77843
-966.77843
-966.77843
-966.77843
-966.77843
-966.77843
-966.77843
-966.77843
-966.77843
-966.77843
-966.77843
-966.77843
-966.77843
-966.77843
-966.77843
-966.77843
-966.77843
-966.77843
-966.77843
-966.77843
-966.77843
-966.77843
-966.77843
-966.77843
-966.77843
-966.77843
-966.77843
-966.77843
-966.77843
-966.77843
-966.77843
-966.77843
-966.77843
-966.77843
-966.77843
-966.77843
-966.77843
-966.77843
-966.77843
-966.77843
-966.77843
-966.77843
-966.77843
-966.77843
-966.77843
-966.77843
-966.77843
-966.77843
-966.77843
-966.77843
-966.77843
-966.77843
-966.77843
-966.77843
-966.77843
-966.77843
-966.77843
-966.77843
-966.77843
-966.77843
-966.77843
-966.77843
-966.77843
-966.77843
-966.77843
-966.77843
-966.77843
-966.77843
-966.77843
-966.77843
-966.77843
-966.77843
-966.77843
-966.77843
-966.77843
-966.77843
-966.77843
-966.77843
-966.77843
-966.77843
-966.77843
-966.77843
-966.77843
-966.77843
-966.77843
-966.77843
-966.77843
-966.77843
-966.77843
-966.77843
-966.77843
-966.77843
-966.77843
-966.77843
-966.77843
-966.77843
-966.77843
-966.77843
-966.77843
-966.77843
-966.77843
-966.77843
-966.77843
-966.77843
-966.77843
-966.77843
-966.77843
-966.77843
-966.77843
-966.77843
-966.77843
-966.77843
-966.77843
-966.77843
-966.77843
-966.77843
-966.77843
-966.77843
-966.77843
-966.77843
-966.77843
-966.77843
-966.77843
-966.77843
-966.77843
-966.77843
-966.77843
-966.77843
-966.77843
-966.77843
-966.77843
-966.77843
-966.77843
-966.77843
-966.77843
-966.77843
-966.77843
-966.77843
-966.77843
-966.77843
-966.77843
-966.77843
-966.77843
-966.77843
-966.77843
-966.77843
-966.77843
-966.77843
-966.77843
-966.77843
-966.77843
-966.77843
-966.77843
-966.77843
-966.77843
-966.77843
-966.77843
-966.77843
-966.77843
-966.77843
-966.77843
-966.77843
-966.77843
-966.77843
-966.77843
-966.77843
-966.77843
-966.77843
-966.77843
-966.77843
-966.77843
-966.77843
-966.77843
-966.77843
-966.77843
-966.77843
-966.77843
-966.77843
-966.77843
-966.77843
-966.77843
-966.77843
-966.77843
-966.77843
-966.77843
-966.77843
-966.77843
-966.77843
-966.77843
-966.77843
-966.77843
-966.77843
-966.77843
-966.77843
-966.77843
-966.77843
-966.77843
-966.77843
-966.77843
-966.77843
-966.77843
-966.77843
-966.77843
-966.77843
-966.77843
-966.77843
-966.77843
-966.77843
-966.77843
-966.77843
-966.77843
-966.77843
-966.77843
-966.77843
-966.77843
-966.77843
-966.77843
-966.77843
-966.77843
-966.77843
-966.77843
-966.77843
-966.77843
-966.77843
-966.77843
-966.77843
-966.77843
-966.77843
-966.77843
-966.77843
-966.77843
-966.77843
-966.77843
-966.77843
-966.77843
-966.77843
-966.77843
-966.77843
-966.77843
-966.77843
-966.77843
-966.77843
-966.77843
-966.77843
-966.77843
-966.77843
-966.77843
-966.77843
-966.77843
-966.77843
-966.77843
-966.77843
-966.77843
-966.77843
-966.77843
-966.77843
-966.77843
-966.77843
-966.77843
-966.77843
-966.77843
-966.77843
-966.77843
-966.77843
-966.77843
-966.77843
-966.77843
-966.77843
-966.77843
-966.77843
-966.77843
-966.77843
-966.77843
-966.77843
-966.77843
-966.77843
-966.77843
-966.77843
-966.77843
-966.77843
-966.77843
-966.77843
-966.77843
-966.77843
-966.77843
-966.77843
-966.77843
-966.77843
-966.77843
-966.77843
-966.77843
-966.77843
-966.77843
-966.77843
-966.77843
-966.77843
-966.77843
-966.77843
-966.77843
-966.77843
-966.77843
-966.77843
-966.77843
-966.77843
-966.77843
-966.77843
-966.77843
-966.77843
-966.77843
-966.77843
-966.77843
-966.77843
-966.77843
-966.77843
-966.77843
-966.77843
-966.77843
-966.77843
-966.77843
-966.77843
-966.77843
-966.77843
-966.77843
-966.77843
-966.77843
-966.77843
-966.77843
-966.77843
-966.77843
-966.77843
-966.77843
-966.77843
-966.77843
-966.77843
-966.77843
-966.77843
-966.77843
-966.77843
-966.77843
-966.77843
-966.77843
-966.77843
-966.77843
-966.77843
-966.77843
-966.77843
-966.77843
-966.77843
-966.77843
-966.77843
-966.77843
-966.77843
-966.77843
-966.77843
-966.77843
-966.77843
-966.77843
-966.77843
-966.77843
-966.77843
-966.77843
-966.77843
-966.77843
-966.77843
-966.77843
-966.77843
-966.77843
-966.77843
-966.77843
-966.77843
-966.77843
-966.77843
-966.77843
-966.77843
-966.77843
-966.77843
-966.77843
-966.77843
-966.77843
-966.77843
-966.77843
-966.77843
-966.77843
-966.77843
-966.77843
-966.77843
-966.77843
-966.77843
-966.77843
-966.77843
-966.77843
-966.77843
-966.77843
-966.77843
-966.77843
-966.77843
-966.77843
-966.77843
-966.77843
-966.77843
-966.77843
-966.77843
-966.77843
-966.77843
-966.77843
-966.77843
-966.77843
-966.77843
-966.77843
-966.77843
-966.77843
-966.77843
-966.77843
-966.77843
-966.77843
-966.77843
-966.77843
-966.77843
-966.77843
-966.77843
-966.77843
-966.77843
-966.77843
-966.77843
-966.77843
-966.77843
-966.77843
-966.77843
-966.77843
-966.77843
-966.77843
-966.77843
-966.77843
-966.77843
-966.77843
-966.77843
-966.77843
-966.77843
-966.77843
-966.77843
-966.77843
-966.77843
-966.77843
-966.77843
-966.77843
-966.77843
-966.77843
-966.77843
-966.77843
-966.77843
-966.77843
-966.77843
-966.77843
-966.77843
-966.77843
-966.77843
-966.77843
-966.77843
-966.77843
-966.77843
-966.77843
-966.77843
-966.77843
-966.77843
-966.77843
-966.77843
-966.77843
-966.77843
-966.77843
-966.77843
-966.77843
-966.77843
-966.77843
-966.77843
-966.77843
-966.77843
-966.77843
-966.77843
-966.77843
-966.77843
-966.77843
-966.77843
-966.77843
-966.77843
-966.77843
-966.77843
-966.77843
-966.77843
-966.77843
-966.77843
-966.77843
-966.77843
-966.77843
-966.77843
-966.77843
-966.77843
-966.77843
-966.77843
-966.77843
-966.77843
-966.77843
-966.77843
-966.77843
-966.77843
-966.77843
-966.77843
-966.77843
-966.77843
-966.77843
-966.77843
-966.77843
-966.77843
-966.77843
-966.77843
-966.77843
-966.77843
-966.77843
-966.77843
-966.77843
-966.77843
-966.77843
-966.77843
-966.77843
-966.77843
-966.77843
-966.77843
-966.77843
-966.77843
-966.77843
-966.77843
-966.77843
-966.77843
-966.77843
-966.77843
-966.77843
-966.77843
-966.77843
-966.77843
-966.77843
-966.77843
-966.77843
-966.77843
-966.77843
-966.77843
-966.77843
-966.77843
-966.77843
-966.77843
-966.77843
-966.77843
-966.77843
-966.77843
-966.77843
-966.77843
-966.77843
-966.77843
-966.77843
-966.77843
-966.77843
-966.77843
-966.77843
-966.77843
-966.77843
-966.77843
-966.77843
-966.77843
-966.77843
-966.77843
-966.77843
-966.77843
-966.77843
-966.77843
-966.77843
-966.77843
-966.77843
-966.77843
-966.77843
-966.77843
-966.77843
-966.77843
-966.77843
-966.77843
-966.77843
-966.77843
-966.77843
-966.77843
-966.77843
-966.77843
-966.77843
-966.77843
-966.77843
-966.77843
-966.77843
-966.77843
-966.77843
-966.77843
-966.77843
-966.77843
-966.77843
-966.77843
-966.77843
-966.77843
-966.77843
-966.77843
-966.77843
-966.77843
-966.77843
-966.77843
-966.77843
-966.77843
-966.77843
-966.77843
-966.77843
-966.77843
-966.77843
-966.77843
-966.77843
-966.77843
-966.77843
-966.77843
-966.77843
-966.77843
-966.77843
-966.77843
-966.77843
-966.77843
-966.77843
-966.77843
-966.77843
-966.77843
-966.77843
-966.77843
-966.77843
-966.77843
-966.77843
-966.77843
-966.77843
-966.77843
-966.77843
-966.77843
-966.77843
-966.77843
-966.77843
-966.77843
-966.77843
-966.77843
-966.77843
-966.77843
-966.77843
-966.77843
-966.77843
-966.77843
-966.77843
-966.77843
-966.77843
-966.77843
-966.77843
-966.77843
-966.77843
-966.77843
-966.77843
-966.77843
-966.77843
-966.77843
-966.77843
-966.77843
-966.77843
-966.77843
-966.77843
-966.77843
-966.77843
-966.77843
-966.77843
-966.77843
-966.77843
-966.77843
-966.77843
-966.77843
-966.77843
-966.77843
-966.77843
-966.77843
-966.77843
-966.77843
-966.77843
-966.77843
-966.77843
-966.77843
-966.77843
-966.77843
-966.77843
-966.77843
-966.77843
-966.77843
-966.77843
-966.77843
-966.77843
-966.77843
-966.77843
-966.77843
-966.77843
-966.77843
-966.77843
-966.77843
-966.77843
-966.77843
-966.77843
-966.77843
-966.77843
-966.77843
-966.77843
-966.77843
-966.77843
-966.77843
-966.77843
-966.77843
-966.77843
-966.77843
-966.77843
-966.77843
-966.77843
-966.77843
-966.77843
-966.77843
-966.77843
-966.77843
-966.77843
-966.77843
-966.77843
-966.77843
-966.77843
-966.77843
-966.77843
-966.77843
-966.77843
-966.77843
-966.77843
-966.77843
-966.77843
-966.77843
-966.77843
-966.77843
-966.77843
-966.77843
-966.77843
-966.77843
-966.77843
-966.77843
-966.77843
-966.77843
-966.77843
-966.77843
-966.77843
-966.77843
-966.77843
-966.77843
-966.77843
-966.77843
-966.77843
-966.77843
-966.77843
-966.77843
-966.77843
-966.77843
-966.77843
-966.77843
-966.77843
-966.77843
-966.77843
-966.77843
-966.77843
-966.77843
-966.77843
-966.77843
-966.77843
-966.77843
-966.77843
-966.77843
-966.77843
-966.77843
-966.77843
-966.77843
-966.77843
-966.77843
-966.77843
-966.77843
-966.77843
-966.77843
-966.77843
-966.77843
-966.77843
-966.77843
-966.77843
-966.77843
-966.77843
-966.77843
-966.77843
-966.77843
-966.77843
-966.77843
-966.77843
-966.77843
-966.77843
-966.77843
-966.77843
-966.77843
-966.77843
-966.77843
-966.77843
-966.77843
-966.77843
-966.77843
-966.77843
-966.77843
-966.77843
-966.77843
-966.77843
-966.77843
-966.77843
-966.77843
-966.77843
-966.77843
-966.77843
-966.77843
-966.77843
-966.77843
-966.77843
-966.77843
-966.77843
-966.77843
-966.77843
-966.77843
-966.77843
-966.77843
-966.77843
-966.77843
-966.77843
-966.77843
-966.77843
-966.77843
-966.77843
-966.77843
-966.77843
-966.77843
-966.77843
-966.77843
-966.77843
-966.77843
-966.77843
-966.77843
-966.77843
-966.77843
-966.77843
-966.77843
-966.77843
-966.77843
-966.77843
-966.77843
-966.77843
-966.77843
-966.77843
-966.77843
-966.77843
-966.77843
-966.77843
-966.77843
-966.77843
-966.77843
-966.77843
-966.77843
-966.77843
-966.77843
-966.77843
-966.77843
-966.77843
-966.77843
-966.77843
-966.77843
-966.77843
-966.77843
-966.77843
-966.77843
-966.77843
-966.77843
-966.77843
-966.77843
-966.77843
-966.77843
-966.77843
-966.77843
-966.77843
-966.77843
-966.77843
-966.77843
-966.77843
-966.77843
-966.77843
-966.77843
-966.77843
-966.77843
-966.77843
-966.77843
-966.77843
-966.77843
-966.77843
-966.77843
-966.77843
-966.77843
-966.77843
-966.77843
-966.77843
-966.77843
-966.77843
-966.77843
-966.77843
-966.77843
-966.77843
-966.77843
-966.77843
-966.77843
-966.77843
-966.77843
-966.77843
-966.77843
-966.77843
-966.77843
-966.77843
-966.77843
-966.77843
-966.77843
-966.77843
-966.77843
-966.77843
-966.77843
-966.77843
-966.77843
-966.77843
-966.77843
-966.77843
-966.77843
-966.77843
-966.77843
-966.77843
-966.77843
-966.77843
-966.77843
-966.77843
-966.77843
-966.77843
-966.77843
-966.77843
-966.77843
-966.77843
-966.77843
-966.77843
-966.77843
-966.77843
-966.77843
-966.77843
-966.77843
-966.77843
-966.77843
-966.77843
-966.77843
-966.77843
-966.77843
-966.77843
-966.77843
-966.77843
-966.77843
-966.77843
-966.77843
-966.77843
-966.77843
-966.77843
-966.77843
-966.77843
-966.77843
-966.77843
-966.77843
-966.77843
-966.77843
-966.77843
-966.77843
-966.77843
-966.77843
-966.77843
-966.77843
-966.77843
-966.77843
-966.77843
-966.77843
-966.77843
-966.77843
-966.77843
-966.77843
-966.77843
-966.77843
-966.77843
-966.77843
-966.77843
-966.77843
-966.77843
-966.77843
-966.77843
-966.77843
-966.77843
-966.77843
-966.77843
-966.77843
-966.77843
-966.77843
-966.77843
-966.77843
-966.77843
-966.77843
-966.77843
-966.77843
-966.77843
-966.77843
-966.77843
-966.77843
-966.77843
-966.77843
-966.77843
-966.77843
-966.77843
-966.77843
-966.77843
-966.77843
-966.77843
-966.77843
-966.77843
-966.77843
-966.77843
-966.77843
-966.77843
-966.77843
-966.77843
-966.77843
-966.77843
-966.77843
-966.77843
-966.77843
-966.77843
-966.77843
-966.77843
-966.77843
-966.77843
-966.77843
-966.77843
-966.77843
-966.77843
-966.77843
-966.77843
-966.77843
-966.77843
-966.77843
-966.77843
-966.77843
-966.77843
-966.77843
-966.77843
-966.77843
-966.77843
-966.77843
-966.77843
-966.77843
-966.77843
-966.77843
-966.77843
-966.77843
-966.77843
-966.77843
-966.77843
-966.77843
-966.77843
-966.77843
-966.77843
-966.77843
-966.77843
-966.77843
-966.77843
-966.77843
-966.77843
-966.77843
-966.77843
-966.77843
-966.77843
-966.77843
-966.77843
-966.77843
-966.77843
-966.77843
-966.77843
-966.77843
-966.77843
-966.77843
-966.77843
-966.77843
-966.77843
-966.77843
-966.77843
-966.77843
-966.77843
-966.77843
-966.77843
-966.77843
-966.77843
-966.77843
-966.77843
-966.77843
-966.77843
-966.77843
-966.77843
-966.77843
-966.77843
-966.77843
-966.77843
-966.77843
-966.77843
-966.77843
-966.77843
-966.77843
-966.77843
-966.77843
-966.77843
-966.77843
-966.77843
-966.77843
-966.77843
-966.77843
-966.77843
-966.77843
-966.77843
-966.77843
-966.77843
-966.77843
-966.77843
-966.77843
-966.77843
-966.77843
-966.77843
-966.77843
-966.77843
-966.77843
-966.77843
-966.77843
-966.77843
-966.77843
-966.77843
-966.77843
-966.77843
-966.77843
-966.77843
-966.77843
-966.77843
-966.77843
-966.77843
-966.77843
-966.77843
-966.77843
-966.77843
-966.77843
-966.77843
-966.77843
-966.77843
-966.77843
-966.77843
-966.77843
-966.77843
-966.77843
-966.77843
-966.77843
-966.77843
-966.77843
-966.77843
-966.77843
-966.77843
-966.77843
-966.77843
-966.77843
-966.77843
-966.77843
-966.77843
-966.77843
-966.77843
-966.77843
-966.77843
-966.77843
-966.77843
-966.77843
-966.77843
-966.77843
-966.77843
-966.77843
-966.77843
-966.77843
-966.77843
-966.77843
-966.77843
-966.77843
-966.77843
-966.77843
-966.77843
-966.77843
-966.77843
-966.77843
-966.77843
-966.77843
-966.77843
-966.77843
-966.77843
-966.77843
-966.77843
-966.77843
-966.77843
-966.77843
-966.77843
-966.77843
-966.77843
-966.77843
-966.77843
-966.77843
-966.77843
-966.77843
-966.77843
-966.77843
-966.77843
-966.77843
-966.77843
-966.77843
-966.77843
-966.77843
-966.77843
-966.77843
-966.77843
-966.77843
-966.77843
-966.77843
-966.77843
-966.77843
-966.77843
-966.77843
-966.77843
-966.77843
-966.77843
-966.77843
-966.77843
-966.77843
-966.77843
-966.77843
-966.77843
-966.77843
-966.77843
-966.77843
-966.77843
-966.77843
-966.77843
-966.77843
-966.77843
-966.77843
-966.77843
-966.77843
-966.77843
-966.77843
-966.77843
-966.77843
-966.77843
-966.77843
-966.77843
-966.77843
-966.77843
-966.77843
-966.77843
-966.77843
-966.77843
-966.77843
-966.77843
-966.77843
-966.77843
-966.77843
-966.77843
-966.77843
-966.77843
-966.77843
-966.77843
-966.77843
-966.77843
-966.77843
-966.77843
-966.77843
-966.77843
-966.77843
-966.77843
-966.77843
-966.77843
-966.77843
-966.77843
-966.77843
-966.77843
-966.77843
-966.77843
-966.77843
-966.77843
-966.77843
-966.77843
-966.77843
-966.77843
-966.77843
-966.77843
-966.77843
-966.77843
-966.77843
-966.77843
-966.77843
-966.77843
-966.77843
-966.77843
-966.77843
-966.77843
-966.77843
-966.77843
-966.77843
-966.77843
-966.77843
-966.77843
-966.77843
-966.77843
-966.77843
-966.77843
-966.77843
-966.77843
-966.77843
-966.77843
-966.77843
-966.77843
-966.77843
-966.77843
-966.77843
-966.77843
-966.77843
-966.77843
-966.77843
-966.77843
-966.77843
-966.77843
-966.77843
-966.77843
-966.77843
-966.77843
-966.77843
-966.77843
-966.77843
-966.77843
-966.77843
-966.77843
-966.77843
-966.77843
-966.77843
-966.77843
-966.77843
-966.77843
-966.77843
-966.77843
-966.77843
-966.77843
-966.77843
-966.77843
-966.77843
-966.77843
-966.77843
-966.77843
-966.77843
-966.77843
-966.77843
-966.77843
-966.77843
-966.77843
-966.77843
-966.77843
-966.77843
-966.77843
-966.77843
-966.77843
-966.77843
-966.77843
-966.77843
-966.77843
-966.77843
-966.77843
-966.77843
-966.77843
-966.77843
-966.77843
-966.77843
-966.77843
-966.77843
-966.77843
-966.77843
-966.77843
-966.77843
-966.77843
-966.77843
-966.77843
-966.77843
-966.77843
-966.77843
-966.77843
-966.77843
-966.77843
-966.77843
-966.77843
-966.77843
-966.77843
-966.77843
-966.77843
-966.77843
-966.77843
-966.77843
-966.77843
-966.77843
-966.77843
-966.77843
-966.77843
-966.77843
-966.77843
-966.77843
-966.77843
-966.77843
-966.77843
-966.77843
-966.77843
-966.77843
-966.77843
-966.77843
-966.77843
-966.77843
-966.77843
-966.77843
-966.77843
-966.77843
-966.77843
-966.77843
-966.77843
-966.77843
-966.77843
-966.77843
-966.77843
-966.77843
-966.77843
-966.77843
-966.77843
-966.77843
-966.77843
-966.77843
-966.77843
-966.77843
-966.77843
-966.77843
-966.77843
-966.77843
-966.77843
-966.77843
-966.77843
-966.77843
-966.77843
-966.77843
-966.77843
-966.77843
-966.77843
-966.77843
-966.77843
-966.77843
-966.77843
-966.77843
-966.77843
-966.77843
-966.77843
-966.77843
-966.77843
-966.77843
-966.77843
-966.77843
-966.77843
-966.77843
-966.77843
-966.77843
-966.77843
-966.77843
-966.77843
-966.77843
-966.77843
-966.77843
-966.77843
-966.77843
-966.77843
-966.77843
-966.77843
-966.77843
-966.77843
-966.77843
-966.77843
-966.77843
-966.77843
-966.77843
-966.77843
-966.77843
-966.77843
-966.77843
-966.77843
-966.77843
-966.77843
-966.77843
-966.77843
-966.77843
-966.77843
-966.77843
-966.77843
-966.77843
-966.77843
-966.77843
-966.77843
-966.77843
-966.77843
-966.77843
-966.77843
-966.77843
-966.77843
-966.77843
-966.77843
-966.77843
-966.77843
-966.77843
-966.77843
-966.77843
-966.77843
-966.77843
-966.77843
-966.77843
-966.77843
-966.77843
-966.77843
-966.77843
-966.77843
-966.77843
-966.77843
-966.77843
-966.77843
-966.77843
-966.77843
-966.77843
-966.77843
-966.77843
-966.77843
-966.77843
-966.77843
-966.77843
-966.77843
-966.77843
-966.77843
-966.77843
-966.77843
-966.77843
-966.77843
-966.77843
-966.77843
-966.77843
-966.77843
-966.77843
-966.77843
-966.77843
-966.77843
-966.77843
-966.77843
-966.77843
-966.77843
-966.77843
-966.77843
-966.77843
-966.77843
-966.77843
-966.77843
-966.77843
-966.77843
-966.77843
-966.77843
-966.77843
-966.77843
-966.77843
-966.77843
-966.77843
-966.77843
-966.77843
-966.77843
-966.77843
-966.77843
-966.77843
-966.77843
-966.77843
-966.77843
-966.77843
-966.77843
-966.77843
-966.77843
-966.77843
-966.77843
-966.77843
-966.77843
-966.77843
-966.77843
-966.77843
-966.77843
-966.77843
-966.77843
-966.77843
-966.77843
-966.77843
-966.77843
-966.77843
-966.77843
-966.77843
-966.77843
-966.77843
-966.77843
-966.77843
-966.77843
-966.77843
-966.77843
-966.77843
-966.77843
-966.77843
-966.77843
-966.77843
-966.77843
-966.77843
-966.77843
-966.77843
-966.77843
-966.77843
-966.77843
-966.77843
-966.77843
-966.77843
-966.77843
-966.77843
-966.77843
-966.77843
-966.77843
-966.77843
-966.77843
-966.77843
-966.77843
-966.77843
-966.77843
-966.77843
-966.77843
-966.77843
-966.77843
-966.77843
-966.77843
-966.77843
-966.77843
-966.77843
-966.77843
-966.77843
-966.77843
-966.77843
-966.77843
-966.77843
-966.77843
-966.77843
-966.77843
-966.77843
-966.77843
-966.77843
-966.77843
-966.77843
-966.77843
-966.77843
-966.77843
-966.77843
-966.77843
-966.77843
-966.77843
-966.77843
-966.77843
-966.77843
-966.77843
-966.77843
-966.77843
-966.77843
-966.77843
-966.77843
-966.77843
-966.77843
-966.77843
-966.77843
-966.77843
-966.77843
-966.77843
-966.77843
-966.77843
-966.77843
-966.77843
-966.77843
-966.77843
-966.77843
-966.77843
-966.77843
-966.77843
-966.77843
-966.77843
-966.77843
-966.77843
-966.77843
-966.77843
-966.77843
-966.77843
-966.77843
-966.77843
-966.77843
-966.77843
-966.77843
-966.77843
-966.77843
-966.77843
-966.77843
-966.77843
-966.77843
-966.77843
-966.77843
-966.77843
-966.77843
-966.77843
-966.77843
-966.77843
-966.77843
-966.77843
-966.77843
-966.77843
-966.77843
-966.77843
-966.77843
-966.77843
-966.77843
-966.77843
-966.77843
-966.77843
-966.77843
-966.77843
-966.77843
-966.77843
-966.77843
-966.77843
-966.77843
-966.77843
-966.77843
-966.77843
-966.77843
-966.77843
-966.77843
-966.77843
-966.77843
-966.77843
-966.77843
-966.77843
-966.77843
-966.77843
-966.77843
-966.77843
-966.77843
-966.77843
-966.77843
-966.77843
-966.77843
-966.77843
-966.77843
-966.77843
-966.77843
-966.77843
-966.77843
-966.77843
-966.77843
-966.77843
-966.77843
-966.77843
-966.77843
-966.77843
-966.77843
-966.77843
-966.77843
-966.77843
-966.77843
-966.77843
-966.77843
-966.77843
-966.77843
-966.77843
-966.77843
-966.77843
-966.77843
-966.77843
-966.77843
-966.77843
-966.77843
-966.77843
-966.77843
-966.77843
-966.77843
-966.77843
-966.77843
-966.77843
-966.77843
-966.77843
-966.77843
-966.77843
-966.77843
-966.77843
-966.77843
-966.77843
-966.77843
-966.77843
-966.77843
-966.77843
-966.77843
-966.77843
-966.77843
-966.77843
-966.77843
-966.77843
-966.77843
-966.77843
-966.77843
-966.77843
-966.77843
-966.77843
-966.77843
-966.77843
-966.77843
-966.77843
-966.77843
-966.77843
-966.77843
-966.77843
-966.77843
-966.77843
-966.77843
-966.77843
-966.77843
-966.77843
-966.77843
-966.77843
-966.77843
-966.77843
-966.77843
-966.77843
-966.77843
-966.77843
-966.77843
-966.77843
-966.77843
-966.77843
-966.77843
-966.77843
-966.77843
-966.77843
-966.77843
-966.77843
-966.77843
-966.77843
-966.77843
-966.77843
-966.77843
-966.77843
-966.77843
-966.77843
-966.77843
-966.77843
-966.77843
-966.77843
-966.77843
-966.77843
-966.77843
-966.77843
-966.77843
-966.77843
-966.77843
-966.77843
-966.77843
-966.77843
-966.77843
-966.77843
-966.77843
-966.77843
-966.77843
-966.77843
-966.77843
-966.77843
-966.77843
-966.77843
-966.77843
-966.77843
-966.77843
-966.77843
-966.77843
-966.77843
-966.77843
-966.77843
-966.77843
-966.77843
-966.77843
-966.77843
-966.77843
-966.77843
-966.77843
-966.77843
-966.77843
-966.77843
-966.77843
-966.77843
-966.77843
-966.77843
-966.77843
-966.77843
-966.77843
-966.77843
-966.77843
-966.77843
-966.77843
-966.77843
-966.77843
-966.77843
-966.77843
-966.77843
-966.77843
-966.77843
-966.77843
-966.77843
-966.77843
-966.77843
-966.77843
-966.77843
-966.77843
-966.77843
-966.77843
-966.77843
-966.77843
-966.77843
-966.77843
-966.77843
-966.77843
-966.77843
-966.77843
-966.77843
-966.77843
-966.77843
-966.77843
-966.77843
-966.77843
-966.77843
-966.77843
-966.77843
-966.77843
-966.77843
-966.77843
-966.77843
-966.77843
-966.77843
-966.77843
-966.77843
-966.77843
-966.77843
-966.77843
-966.77843
-966.77843
-966.77843
-966.77843
-966.77843
-966.77843
-966.77843
-966.77843
-966.77843
-966.77843
-966.77843
-966.77843
-966.77843
-966.77843
-966.77843
-966.77843
-966.77843
-966.77843
-966.77843
-966.77843
-966.77843
-966.77843
-966.77843
-966.77843
-966.77843
-966.77843
-966.77843
-966.77843
-966.77843
-966.77843
-966.77843
-966.77843
-966.77843
-966.77843
-966.77843
-966.77843
-966.77843
-966.77843
-966.77843
-966.77843
-966.77843
-966.77843
-966.77843
-966.77843
-966.77843
-966.77843
-966.77843
-966.77843
-966.77843
-966.77843
-966.77843
-966.77843
-966.77843
-966.77843
-966.77843
-966.77843
-966.77843
-966.77843
-966.77843
-966.77843
-966.77843
-966.77843
-966.77843
-966.77843
-966.77843
-966.77843
-966.77843
-966.77843
-966.77843
-966.77843
-966.77843
-966.77843
-966.77843
-966.77843
-966.77843
-966.77843
-966.77843
-966.77843
-966.77843
-966.77843
-966.77843
-966.77843
-966.77843
-966.77843
-966.77843
-966.77843
-966.77843
-966.77843
-966.77843
-966.77843
-966.77843
-966.77843
-966.77843
-966.77843
-966.77843
-966.77843
-966.77843
-966.77843
-966.77843
-966.77843
-966.77843
-966.77843
-966.77843
-966.77843
-966.77843
-966.77843
-966.77843
-966.77843
-966.77843
-966.77843
-966.77843
-966.77843
-966.77843
-966.77843
-966.77843
-966.77843
-966.77843
-966.77843
-966.77843
-966.77843
-966.77843
-966.77843
-966.77843
-966.77843
-966.77843
-966.77843
-966.77843
-966.77843
-966.77843
-966.77843
-966.77843
-966.77843
-966.77843
-966.77843
-966.77843
-966.77843
-966.77843
-966.77843
-966.77843
-966.77843
-966.77843
-966.77843
-966.77843
-966.77843
-966.77843
-966.77843
-966.77843
-966.77843
-966.77843
-966.77843
-966.77843
-966.77843
-966.77843
-966.77843
-966.77843
-966.77843
-966.77843
-966.77843
-966.77843
-966.77843
-966.77843
-966.77843
-966.77843
-966.77843
-966.77843
-966.77843
-966.77843
-966.77843
-966.77843
-966.77843
-966.77843
-966.77843
-966.77843
-966.77843
-966.77843
-966.77843
-966.77843
-966.77843
-966.77843
-966.77843
-966.77843
-966.77843
-966.77843
-966.77843
-966.77843
-966.77843
-966.77843
-966.77843
-966.77843
-966.77843
-966.77843
-966.77843
-966.77843
-966.77843
-966.77843
-966.77843
-966.77843
-966.77843
-966.77843
-966.77843
-966.77843
-966.77843
-966.77843
-966.77843
-966.77843
-966.77843
-966.77843
-966.77843
-966.77843
-966.77843
-966.77843
-966.77843
-966.77843
-966.77843
-966.77843
-966.77843
-966.77843
-966.77843
-966.77843
-966.77843
-966.77843
-966.77843
-966.77843
-966.77843
-966.77843
-966.77843
-966.77843
-966.77843
-966.77843
-966.77843
-966.77843
-966.77843
-966.77843
-966.77843
-966.77843
-966.77843
-966.77843
-966.77843
-966.77843
-966.77843
-966.77843
-966.77843
-966.77843
-966.77843
-966.77843
-966.77843
-966.77843
-966.77843
-966.77843
-966.77843
-966.77843
-966.77843
-966.77843
-966.77843
-966.77843
-966.77843
-966.77843
-966.77843
-966.77843
-966.77843
-966.77843
-966.77843
-966.77843
-966.77843
-966.77843
-966.77843
-966.77843
-966.77843
-966.77843
-966.77843
-966.77843
-966.77843
-966.77843
-966.77843
-966.77843
-966.77843
-966.77843
-966.77843
-966.77843
-966.77843
-966.77843
-966.77843
-966.77843
-966.77843
-966.77843
-966.77843
-966.77843
-966.77843
-966.77843
-966.77843
-966.77843
-966.77843
-966.77843
-966.77843
-966.77843
-966.77843
-966.77843
-966.77843
-966.77843
-966.77843
-966.77843
-966.77843
-966.77843
-966.77843
-966.77843
-966.77843
-966.77843
-966.77843
-966.77843
-966.77843
-966.77843
-966.77843
-966.77843
-966.77843
-966.77843
-966.77843
-966.77843
-966.77843
-966.77843
-966.77843
-966.77843
-966.77843
-966.77843
-966.77843
-966.77843
-966.77843
-966.77843
-966.77843
-966.77843
-966.77843
-966.77843
-966.77843
-966.77843
-966.77843
-966.77843
-966.77843
-966.77843
-966.77843
-966.77843
-966.77843
-966.77843
-966.77843
-966.77843
-966.77843
-966.77843
-966.77843
-966.77843
-966.77843
-966.77843
-966.77843
-966.77843
-966.77843
-966.77843
-966.77843
-966.77843
-966.77843
-966.77843
-966.77843
-966.77843
-966.77843
-966.77843
-966.77843
-966.77843
-966.77843
-966.77843
-966.77843
-966.77843
-966.77843
-966.77843
-966.77843
-966.77843
-966.77843
-966.77843
-966.77843
-966.77843
-966.77843
-966.77843
-966.77843
-966.77843
-966.77843
-966.77843
-966.77843
-966.77843
-966.77843
-966.77843
-966.77843
-966.77843
-966.77843
-966.77843
-966.77843
-966.77843
-966.77843
-966.77843
-966.77843
-966.77843
-966.77843
-966.77843
-966.77843
-966.77843
-966.77843
-966.77843
-966.77843
-966.77843
-966.77843
-966.77843
-966.77843
-966.77843
-966.77843
-966.77843
-966.77843
-966.77843
-966.77843
-966.77843
-966.77843
-966.77843
-966.77843
-966.77843
-966.77843
-966.77843
-966.77843
-966.77843
-966.77843
-966.77843
-966.77843
-966.77843
-966.77843
-966.77843
-966.77843
-966.77843
-966.77843
-966.77843
-966.77843
-966.77843
-966.77843
-966.77843
-966.77843
-966.77843
-966.77843
-966.77843
-966.77843
-966.77843
-966.77843
-966.77843
-966.77843
-966.77843
-966.77843
-966.77843
-966.77843
-966.77843
-966.77843
-966.77843
-966.77843
-966.77843
-966.77843
-966.77843
-966.77843
-966.77843
-966.77843
-966.77843
-966.77843
-966.77843
-966.77843
-966.77843
-966.77843
-966.77843
-966.77843
-966.77843
-966.77843
-966.77843
-966.77843
-966.77843
-966.77843
-966.77843
-966.77843
-966.77843
-966.77843
-966.77843
-966.77843
-966.77843
-966.77843
-966.77843
-966.77843
-966.77843
-966.77843
-966.77843
-966.77843
-966.77843
-966.77843
-966.77843
-966.77843
-966.77843
-966.77843
-966.77843
-966.77843
-966.77843
-966.77843
-966.77843
-966.77843
-966.77843
-966.77843
-966.77843
-966.77843
-966.77843
-966.77843
-966.77843
-966.77843
-966.77843
-966.77843
-966.77843
-966.77843
-966.77843
-966.77843
-966.77843
-966.77843
-966.77843
-966.77843
-966.77843
-966.77843
-966.77843
-966.77843
-966.77843
-966.77843
-966.77843
-966.77843
-966.77843
-966.77843
-966.77843
-966.77843
-966.77843
-966.77843
-966.77843
-966.77843
-966.77843
-966.77843
-966.77843
-966.77843
-966.77843
-966.77843
-966.77843
-966.77843
-966.77843
-966.77843
-966.77843
-966.77843
-966.77843
-966.77843
-966.77843
-966.77843
-966.77843
-966.77843
-966.77843
-966.77843
-966.77843
-966.77843
-966.77843
-966.77843
-966.77843
-966.77843
-966.77843
-966.77843
-966.77843
-966.77843
-966.77843
-966.77843
-966.77843
-966.77843
-966.77843
-966.77843
-966.77843
-966.77843
-966.77843
-966.77843
-966.77843
-966.77843
-966.77843
-966.77843
-966.77843
-966.77843
-966.77843
-966.77843
-966.77843
-966.77843
-966.77843
-966.77843
-966.77843
-966.77843
-966.77843
-966.77843
-966.77843
-966.77843
-966.77843
-966.77843
-966.77843
-966.77843
-966.77843
-966.77843
-966.77843
-966.77843
-966.77843
-966.77843
-966.77843
-966.77843
-966.77843
-966.77843
-966.77843
-966.77843
-966.77843
-966.77843
-966.77843
-966.77843
-966.77843
-966.77843
-966.77843
-966.77843
-966.77843
-966.77843
-966.77843
-966.77843
-966.77843
-966.77843
-966.77843
-966.77843
-966.77843
-966.77843
-966.77843
-966.77843
-966.77843
-966.77843
-966.77843
-966.77843
-966.77843
-966.77843
-966.77843
-966.77843
-966.77843
-966.77843
-966.77843
-966.77843
-966.77843
-966.77843
-966.77843
-966.77843
-966.77843
-966.77843
-966.77843
-966.77843
-966.77843
-966.77843
-966.77843
-966.77843
-966.77843
-966.77843
-966.77843
-966.77843
-966.77843
-966.77843
-966.77843
-966.77843
-966.77843
-966.77843
-966.77843
-966.77843
-966.77843
-966.77843
-966.77843
-966.77843
-966.77843
-966.77843
-966.77843
-966.77843
-966.77843
-966.77843
-966.77843
-966.77843
-966.77843
-966.77843
-966.77843
-966.77843
-966.77843
-966.77843
-966.77843
-966.77843
-966.77843
-966.77843
-966.77843
-966.77843
-966.77843
-966.77843
-966.77843
-966.77843
-966.77843
-966.77843
-966.77843
-966.77843
-966.77843
-966.77843
-966.77843
-966.77843
-966.77843
-966.77843
-966.77843
-966.77843
-966.77843
-966.77843
-966.77843
-966.77843
-966.77843
-966.77843
-966.77843
-966.77843
-966.77843
-966.77843
-966.77843
-966.77843
-966.77843
-966.77843
-966.77843
-966.77843
-966.77843
-966.77843
-966.77843
-966.77843
-966.77843
-966.77843
-966.77843
-966.77843
-966.77843
-966.77843
-966.77843
-966.77843
-966.77843
-966.77843
-966.77843
-966.77843
-966.77843
-966.77843
-966.77843
-966.77843
-966.77843
-966.77843
-966.77843
-966.77843
-966.77843
-966.77843
-966.77843
-966.77843
-966.77843
-966.77843
-966.77843
-966.77843
-966.77843
-966.77843
-966.77843
-966.77843
-966.77843
-966.77843
-966.77843
-966.77843
-966.77843
-966.77843
-966.77843
-966.77843
-966.77843
-966.77843
-966.77843
-966.77843
-966.77843
-966.77843
-966.77843
-966.77843
-966.77843
-966.77843
-966.77843
-966.77843
-966.77843
-966.77843
-966.77843
-966.77843
-966.77843
-966.77843
-966.77843
-966.77843
-966.77843
-966.77843
-966.77843
-966.77843
-966.77843
-966.77843
-966.77843
-966.77843
-966.77843
-966.77843
-966.77843
-966.77843
-966.77843
-966.77843
-966.77843
-966.77843
-966.77843
-966.77843
-966.77843
-966.77843
-966.77843
-966.77843
-966.77843
-966.77843
-966.77843
-966.77843
-966.77843
-966.77843
-966.77843
-966.77843
-966.77843
-966.77843
-966.77843
-966.77843
-966.77843
-966.77843
-966.77843
-966.77843
-966.77843
-966.77843
-966.77843
-966.77843
-966.77843
-966.77843
-966.77843
-966.77843
-966.77843
-966.77843
-966.77843
-966.77843
-966.77843
-966.77843
-966.77843
-966.77843
-966.77843
-966.77843
-966.77843
-966.77843
-966.77843
-966.77843
-966.77843
-966.77843
-966.77843
-966.77843
-966.77843
-966.77843
-966.77843
-966.77843
-966.77843
-966.77843
-966.77843
-966.77843
-966.77843
-966.77843
-966.77843
-966.77843
-966.77843
-966.77843
-966.77843
-966.77843
-966.77843
-966.77843
-966.77843
-966.77843
-966.77843
-966.77843
-966.77843
-966.77843
-966.77843
-966.77843
-966.77843
-966.77843
-966.77843
-966.77843
-966.77843
-966.77843
-966.77843
-966.77843
-966.77843
-966.77843
-966.77843
-966.77843
-966.77843
-966.77843
-966.77843
-966.77843
-966.77843
-966.77843
-966.77843
-966.77843
-966.77843
-966.77843
-966.77843
-966.77843
-966.77843
-966.77843
-966.77843
-966.77843
-966.77843
-966.77843
-966.77843
-966.77843
-966.77843
-966.77843
-966.77843
-966.77843
-966.77843
-966.77843
-966.77843
-966.77843
-966.77843
-966.77843
-966.77843
-966.77843
-966.77843
-966.77843
-966.77843
-966.77843
-966.77843
-966.77843
-966.77843
-966.77843
-966.77843
-966.77843
-966.77843
-966.77843
-966.77843
-966.77843
-966.77843
-966.77843
-966.77843
-966.77843
-966.77843
-966.77843
-966.77843
-966.77843
-966.77843
-966.77843
-966.77843
-966.77843
-966.77843
-966.77843
-966.77843
-966.77843
-966.77843
-966.77843
-966.77843
-966.77843
-966.77843
-966.77843
-966.77843
-966.77843
-966.77843
-966.77843
-966.77843
-966.77843
-966.77843
-966.77843
-966.77843
-966.77843
-966.77843
-966.77843
-966.77843
-966.77843
-966.77843
-966.77843
-966.77843
-966.77843
-966.77843
-966.77843
-966.77843
-966.77843
-966.77843
-966.77843
-966.77843
-966.77843
-966.77843
-966.77843
-966.77843
-966.77843
-966.77843
-966.77843
-966.77843
-966.77843
-966.77843
-966.77843
-966.77843
-966.77843
-966.77843
-966.77843
-966.77843
-966.77843
-966.77843
-966.77843
-966.77843
-966.77843
-966.77843
-966.77843
-966.77843
-966.77843
-966.77843
-966.77843
-966.77843
-966.77843
-966.77843
-966.77843
-966.77843
-966.77843
-966.77843
-966.77843
-966.77843
-966.77843
-966.77843
-966.77843
-966.77843
-966.77843
-966.77843
-966.77843
-966.77843
-966.77843
-966.77843
-966.77843
-966.77843
-966.77843
-966.77843
-966.77843
-966.77843
-966.77843
-966.77843
-966.77843
-966.77843
-966.77843
-966.77843
-966.77843
-966.77843
-966.77843
-966.77843
-966.77843
-966.77843
-966.77843
-966.77843
-966.77843
-966.77843
-966.77843
-966.77843
-966.77843
-966.77843
-966.77843
-966.77843
-966.77843
-966.77843
-966.77843
-966.77843
-966.77843
-966.77843
-966.77843
-966.77843
-966.77843
-966.77843
-966.77843
-966.77843
-966.77843
-966.77843
-966.77843
-966.77843
-966.77843
-966.77843
-966.77843
-966.77843
-966.77843
-966.77843
-966.77843
-966.77843
-966.77843
-966.77843
-966.77843
-966.77843
-966.77843
-966.77843
-966.77843
-966.77843
-966.77843
-966.77843
-966.77843
-966.77843
-966.77843
-966.77843
-966.77843
-966.77843
-966.77843
-966.77843
-966.77843
-966.77843
-966.77843
-966.77843
-966.77843
-966.77843
-966.77843
-966.77843
-966.77843
-966.77843
-966.77843
-966.77843
-966.77843
-966.77843
-966.77843
-966.77843
-966.77843
-966.77843
-966.77843
-966.77843
-966.77843
-966.77843
-966.77843
-966.77843
-966.77843
-966.77843
-966.77843
-966.77843
-966.77843
-966.77843
-966.77843
-966.77843
-966.77843
-966.77843
-966.77843
-966.77843
-966.77843
-966.77843
-966.77843
-966.77843
-966.77843
-966.77843
-966.77843
-966.77843
-966.77843
-966.77843
-966.77843
-966.77843
-966.77843
-966.77843
-966.77843
-966.77843
-966.77843
-966.77843
-966.77843
-966.77843
-966.77843
-966.77843
-966.77843
-966.77843
-966.77843
-966.77843
-966.77843
-966.77843
-966.77843
-966.77843
-966.77843
-966.77843
-966.77843
-966.77843
-966.77843
-966.77843
-966.77843
-966.77843
-966.77843
-966.77843
-966.77843
-966.77843
-966.77843
-966.77843
-966.77843
-966.77843
-966.77843
-966.77843
-966.77843
-966.77843
-966.77843
-966.77843
-966.77843
-966.77843
-966.77843
-966.77843
-966.77843
-966.77843
-966.77843
-966.77843
-966.77843
-966.77843
-966.77843
-966.77843
-966.77843
-966.77843
-966.77843
-966.77843
-966.77843
-966.77843
-966.77843
-966.77843
-966.77843
-966.77843
-966.77843
-966.77843
-966.77843
-966.77843
-966.77843
-966.77843
-966.77843
-966.77843
-966.77843
-966.77843
-966.77843
-966.77843
-966.77843
-966.77843
-966.77843
-966.77843
-966.77843
-966.77843
-966.77843
-966.77843
-966.77843
-966.77843
-966.77843
-966.77843
-966.77843
-966.77843
-966.77843
-966.77843
-966.77843
-966.77843
-966.77843
-966.77843
-966.77843
-966.77843
-966.77843
-966.77843
-966.77843
-966.77843
-966.77843
-966.77843
-966.77843
-966.77843
-966.77843
-966.77843
-966.77843
-966.77843
-966.77843
-966.77843
-966.77843
-966.77843
-966.77843
-966.77843
-966.77843
-966.77843
-966.77843
-966.77843
-966.77843
-966.77843
-966.77843
-966.77843
-966.77843
-966.77843
-966.77843
-966.77843
-966.77843
-966.77843
-966.77843
-966.77843
-966.77843
-966.77843
-966.77843
-966.77843
-966.77843
-966.77843
-966.77843
-966.77843
-966.77843
-966.77843
-966.77843
-966.77843
-966.77843
-966.77843
-966.77843
-966.77843
-966.77843
-966.77843
-966.77843
-966.77843
-966.77843
-966.77843
-966.77843
-966.77843
-966.77843
-966.77843
-966.77843
-966.77843
-966.77843
-966.77843
-966.77843
-966.77843
-966.77843
-966.77843
-966.77843
-966.77843
-966.77843
-966.77843
-966.77843
-966.77843
-966.77843
-966.77843
-966.77843
-966.77843
-966.77843
-966.77843
-966.77843
-966.77843
-966.77843
-966.77843
-966.77843
-966.77843
-966.77843
-966.77843
-966.77843
-966.77843
-966.77843
-966.77843
-966.77843
-966.77843
-966.77843
-966.77843
-966.77843
-966.77843
-966.77843
-966.77843
-966.77843
-966.77843
-966.77843
-966.77843
-966.77843
-966.77843
-966.77843
-966.77843
-966.77843
-966.77843
-966.77843
-966.77843
-966.77843
-966.77843
-966.77843
-966.77843
-966.77843
-966.77843
-966.77843
-966.77843
-966.77843
-966.77843
-966.77843
-966.77843
-966.77843
-966.77843
-966.77843
-966.77843
-966.77843
-966.77843
-966.77843
-966.77843
-966.77843
-966.77843
-966.77843
-966.77843
-966.77843
-966.77843
-966.77843
-966.77843
-966.77843
-966.77843
-966.77843
-966.77843
-966.77843
-966.77843
-966.77843
-966.77843
-966.77843
-966.77843
-966.77843
-966.77843
-966.77843
-966.77843
-966.77843
-966.77843
-966.77843
-966.77843
-966.77843
-966.77843
-966.77843
-966.77843
-966.77843
-966.77843
-966.77843
-966.77843
-966.77843
-966.77843
-966.77843
-966.77843
-966.77843
-966.77843
-966.77843
-966.77843
-966.77843
-966.77843
-966.77843
-966.77843
-966.77843
-966.77843
-966.77843
-966.77843
-966.77843
-966.77843
-966.77843
-966.77843
-966.77843
-966.77843
-966.77843
-966.77843
-966.77843
-966.77843
-966.77843
-966.77843
-966.77843
-966.77843
-966.77843
-966.77843
-966.77843
-966.77843
-966.77843
-966.77843
-966.77843
-966.77843
-966.77843
-966.77843
-966.77843
-966.77843
-966.77843
-966.77843
-966.77843
-966.77843
-966.77843
-966.77843
-966.77843
-966.77843
-966.77843
-966.77843
-966.77843
-966.77843
-966.77843
-966.77843
-966.77843
-966.77843
-966.77843
-966.77843
-966.77843
-966.77843
-966.77843
-966.77843
-966.77843
-966.77843
-966.77843
-966.77843
-966.77843
-966.77843
-966.77843
-966.77843
-966.77843
-966.77843
-966.77843
-966.77843
-966.77843
-966.77843
-966.77843
-966.77843
-966.77843
-966.77843
-966.77843
-966.77843
-966.77843
-966.77843
-966.77843
-966.77843
-966.77843
-966.77843
-966.77843
-966.77843
-966.77843
-966.77843
-966.77843
-966.77843
-966.77843
-966.77843
-966.77843
-966.77843
-966.77843
-966.77843
-966.77843
-966.77843
-966.77843
-966.77843
-966.77843
-966.77843
-966.77843
-966.77843
-966.77843
-966.77843
-966.77843
-966.77843
-966.77843
-966.77843
-966.77843
-966.77843
-966.77843
-966.77843
-966.77843
-966.77843
-966.77843
-966.77843
-966.77843
-966.77843
-966.77843
-966.77843
-966.77843
-966.77843
-966.77843
-966.77843
-966.77843
-966.77843
-966.77843
-966.77843
-966.77843
-966.77843
-966.77843
-966.77843
-966.77843
-966.77843
-966.77843
-966.77843
-966.77843
-966.77843
-966.77843
-966.77843
-966.77843
-966.77843
-966.77843
-966.77843
-966.77843
-966.77843
-966.77843
-966.77843
-966.77843
-966.77843
-966.77843
-966.77843
-966.77843
-966.77843
-966.77843
-966.77843
-966.77843
-966.77843
-966.77843
-966.77843
-966.77843
-966.77843
-966.77843
-966.77843
-966.77843
-966.77843
-966.77843
-966.77843
-966.77843
-966.77843
-966.77843
-966.77843
-966.77843
-966.77843
-966.77843
-966.77843
-966.77843
-966.77843
-966.77843
-966.77843
-966.77843
-966.77843
-966.77843
-966.77843
-966.77843
-966.77843
-966.77843
-966.77843
-966.77843
-966.77843
-966.77843
-966.77843
-966.77843
-966.77843
-966.77843
-966.77843
-966.77843
-966.77843
-966.77843
-966.77843
-966.77843
-966.77843
-966.77843
-966.77843
-966.77843
-966.77843
-966.77843
-966.77843
-966.77843
-966.77843
-966.77843
-966.77843
-966.77843
-966.77843
-966.77843
-966.77843
-966.77843
-966.77843
-966.77843
-966.77843
-966.77843
-966.77843
-966.77843
-966.77843
-966.77843
-966.77843
-966.77843
-966.77843
-966.77843
-966.77843
-966.77843
-966.77843
-966.77843
-966.77843
-966.77843
-966.77843
-966.77843
-966.77843
-966.77843
-966.77843
-966.77843
-966.77843
-966.77843
-966.77843
-966.77843
-966.77843
-966.77843
-966.77843
-966.77843
-966.77843
-966.77843
-966.77843
-966.77843
-966.77843
-966.77843
-966.77843
-966.77843
-966.77843
-966.77843
-966.77843
-966.77843
-966.77843
-966.77843
-966.77843
-966.77843
-966.77843
-966.77843
-966.77843
-966.77843
-966.77843
-966.77843
-966.77843
-966.77843
-966.77843
-966.77843
-966.77843
-966.77843
-966.77843
-966.77843
-966.77843
-966.77843
