2.53729596e-01
9.93503901e-02
1.15663798e-02
7.10155151e-02
9.75836647e-02
9.56094028e-02
7.48388258e-02
4.57824351e-02
2.08125232e-02
1.94805043e-02
2.83126401e-02
3.01827792e-02
2.51429376e-02
1.63694934e-02
7.98077258e-03
6.42893729e-03
9.43966147e-03
1.04438193e-02
9.02519425e-03
6.18704942e-03
3.36917314e-03
2.60637420e-03
3.50606280e-03
3.89592122e-03
3.46590151e-03
2.53667736e-03
1.63296242e-03
1.34368524e-03
1.54878018e-03
1.65770267e-03
1.51828752e-03
1.22711087e-03
9.61780187e-04
8.60695561e-04
8.78907606e-04
8.86404807e-04
8.33769439e-04
7.44788475e-04
6.66541772e-04
6.25738410e-04
6.10709788e-04
5.95980545e-04
5.69974364e-04
5.37332988e-04
5.07918915e-04
4.86591414e-04
4.71021241e-04
4.56443212e-04
4.40494940e-04
4.23933218e-04
4.08565778e-04
3.95257393e-04
3.83554392e-04
3.72557836e-04
3.61788662e-04
3.51341286e-04
3.41515203e-04
3.32444866e-04
3.24026850e-04
3.16076186e-04
3.08482658e-04
3.01240242e-04
2.94381771e-04
2.87913119e-04
2.81799957e-04
2.75994399e-04
2.70462213e-04
2.65188244e-04
2.60165231e-04
2.55382305e-04
2.50822494e-04
2.46467174e-04
2.42300712e-04
2.38311417e-04
2.34489614e-04
2.30825624e-04
2.27309278e-04
2.23930614e-04
2.20680642e-04
2.17551480e-04
2.14536007e-04
2.11627487e-04
2.08819454e-04
2.06105803e-04
2.03480901e-04
2.00939584e-04
1.98477080e-04
1.96088930e-04
1.93770950e-04
1.91519223e-04
1.89330112e-04
1.87200239e-04
1.85126459e-04
1.83105840e-04
1.81135640e-04
1.79213297e-04
1.77336421e-04
1.75496180e-04
1.73696918e-04
1.71938911e-04
1.70220258e-04
1.68538390e-04
1.66891017e-04
1.65276366e-04
1.63693028e-04
1.62139739e-04
1.60615271e-04
1.59118429e-04
1.57648082e-04
1.56203178e-04
1.54782748e-04
1.53385885e-04
1.52011736e-04
1.50659493e-04
1.49328393e-04
1.48017717e-04
1.46726784e-04
1.45454955e-04
1.44201623e-04
1.42966213e-04
1.41748183e-04
1.40547017e-04
1.39362226e-04
1.38193346e-04
1.37039935e-04
1.35901574e-04
1.34777865e-04
1.33666536e-04
1.32567955e-04
1.31483408e-04
1.30412872e-04
1.29355873e-04
1.28311878e-04
1.27280431e-04
1.26261167e-04
1.25253779e-04
1.24257991e-04
1.23273547e-04
1.22300202e-04
1.21337724e-04
1.20385892e-04
1.19444497e-04
1.18513336e-04
1.17592214e-04
1.16680945e-04
1.15779347e-04
1.14887247e-04
1.14004476e-04
1.13130872e-04
1.12266277e-04
1.11410540e-04
1.10563514e-04
1.09725055e-04
1.08895027e-04
1.08073293e-04
1.07259725e-04
1.06454196e-04
1.05656583e-04
1.04866767e-04
1.04084632e-04
1.03310064e-04
1.02542955e-04
1.01783195e-04
1.01030682e-04
1.00285314e-04
9.95469904e-05
