0.16801184
0.2149794
0.21260369
0.1825792
0.14430598
0.11343515
0.10479358
0.10703184
0.10545056
0.098343564
0.088546522
0.080162535
0.07711408
0.077038468
0.076183948
0.073907562
0.07089627
0.068135205
0.06637196
0.065440971
0.064480025
0.063243555
0.061876265
0.060617131
0.059637716
0.058829016
0.05803437
0.057197107
0.056340538
0.055513335
0.054749394
0.054042332
0.053361928
0.052693364
0.052039564
0.051409332
0.050805463
0.050221902
0.049652428
0.049094274
0.048547612
0.048013776
0.047493545
0.046986498
0.046491405
0.046007302
0.045533711
0.045070279
0.044616511
0.044171745
0.043735373
0.043306966
0.042886245
0.042473027
0.042067125
0.041668316
0.041276351
0.040890978
0.040511961
0.040139069
0.039772079
0.039410776
0.03905496
0.038704456
0.038359109
0.038018775
0.037683323
0.037352621
0.037026544
0.036704969
0.036387774
0.036074844
0.035766066
0.035461334
0.035160549
0.034863615
0.034570443
0.034280948
0.033995048
0.033712664
0.033433723
0.033158149
0.032885874
0.032616828
0.032350946
0.032088164
0.031828421
0.031571658
0.03131782
0.031066851
0.0308187
0.030573315
0.030330647
0.030090649
0.029853274
0.029618477
0.029386215
0.029156446
0.028929129
0.028704223
0.02848169
0.02826149
0.028043586
0.027827943
0.027614524
0.027403295
0.027194224
0.026987277
0.026782424
0.026579633
0.026378874
0.026180117
0.025983335
0.025788499
0.025595582
0.025404557
0.025215397
0.025028078
0.024842575
0.024658862
0.024476916
0.024296714
0.024118233
0.02394145
0.023766344
0.023592894
0.023421078
0.023250877
0.023082271
0.022915238
0.022749761
0.022585818
0.022423392
0.022262463
0.022103014
0.021945027
0.021788484
0.021633368
0.021479662
0.021327351
0.021176418
0.021026846
0.020878621
0.020731726
0.020586145
0.020441863
0.020298865
0.020157136
0.020016661
0.019877429
0.019739426
0.019602642
0.019467064
0.019332674
0.019199456
0.019067391
0.018936464
0.018806663
0.018677972
0.01855038
0.018423873
0.01829844
0.018174068
0.018050745
0.017928461
0.017807203
