5.91447143e-01
4.70200444e-01
4.09720793e-01
3.89614615e-01
3.78988688e-01
3.64146991e-01
3.46080933e-01
3.28073225e-01
3.12640016e-01
3.00119185e-01
2.89493027e-01
2.79798856e-01
2.70538552e-01
2.61705740e-01
2.53520526e-01
2.45976783e-01
2.39016306e-01
2.32397871e-01
2.26009980e-01
2.19928343e-01
2.14183551e-01
2.08731853e-01
2.03533844e-01
1.98580433e-01
1.93792778e-01
1.89182326e-01
1.84735617e-01
1.80428581e-01
1.76263165e-01
1.72243508e-01
1.68386796e-01
1.64705714e-01
1.61127441e-01
1.57642927e-01
1.54290566e-01
1.51044564e-01
1.47861289e-01
1.44711687e-01
1.41655787e-01
1.38718117e-01
1.35925322e-01
1.33252769e-01
1.30677478e-01
1.28173818e-01
1.25736451e-01
1.23365961e-01
1.21037210e-01
1.18762867e-01
1.16585451e-01
1.14502100e-01
1.12497092e-01
1.10537199e-01
1.08615772e-01
1.06711939e-01
1.04854068e-01
1.03057317e-01
1.01287715e-01
9.95613281e-02
9.78858277e-02
9.62617106e-02
9.46773224e-02
9.31427955e-02
9.16659563e-02
9.02331765e-02
8.88230295e-02
8.74209463e-02
8.60176463e-02
8.46339429e-02
8.32844964e-02
8.19644256e-02
8.06634904e-02
7.93645788e-02
7.80897364e-02
7.68367715e-02
7.56030899e-02
7.43915562e-02
7.32072532e-02
7.20327825e-02
7.08711765e-02
6.97669671e-02
6.87320943e-02
6.77499746e-02
6.67942461e-02
6.58547547e-02
6.49186252e-02
6.40001775e-02
6.31090205e-02
6.22402990e-02
6.13966100e-02
6.05767624e-02
5.97652375e-02
5.89616885e-02
5.81499551e-02
5.73322265e-02
5.65319433e-02
5.57759999e-02
5.50294577e-02
5.43049777e-02
5.36080330e-02
5.29338533e-02
5.22689179e-02
5.16028254e-02
5.09368415e-02
5.02903857e-02
4.96678470e-02
4.90645089e-02
4.84797100e-02
4.79093738e-02
4.73488408e-02
4.67972727e-02
4.62514270e-02
4.57104740e-02
4.51748346e-02
4.46360270e-02
4.41016860e-02
4.35753772e-02
4.30682524e-02
4.25811795e-02
4.21083030e-02
4.16421144e-02
4.11782015e-02
4.07184963e-02
4.02678049e-02
3.98258240e-02
3.93926215e-02
3.89665896e-02
3.85437269e-02
3.81234073e-02
3.77093267e-02
3.73029836e-02
3.68814238e-02
3.64547368e-02
3.60431300e-02
3.56442279e-02
3.52591722e-02
3.48815975e-02
3.45086238e-02
3.41413467e-02
3.37813687e-02
3.34145330e-02
3.30425616e-02
3.26715490e-02
3.23139911e-02
3.19652911e-02
3.16204199e-02
3.12854644e-02
3.09603743e-02
3.06422328e-02
3.03273921e-02
3.00163853e-02
2.97109203e-02
2.94112627e-02
2.91163846e-02
2.88255256e-02
2.85301715e-02
2.82351448e-02
2.79460124e-02
2.76665878e-02
2.73962242e-02
2.71229772e-02
2.68500184e-02
2.65820126e-02
2.63208888e-02
2.60632564e-02
2.58015137e-02
2.55358804e-02
2.52642756e-02
2.49990467e-02
2.47414725e-02
2.44884412e-02
2.42330015e-02
2.39841244e-02
2.37445074e-02
2.35089188e-02
2.32774154e-02
2.30377963e-02
2.27977697e-02
2.25659611e-02
2.23420735e-02
2.21227632e-02
2.18812466e-02
2.16124097e-02
2.13591280e-02
2.11401343e-02
2.09466482e-02
2.07599438e-02
2.05673140e-02
2.03683875e-02
2.01694643e-02
1.99762349e-02
1.97900773e-02
1.96075803e-02
1.94265236e-02
1.92470373e-02
1.90697825e-02
1.88951724e-02
1.87216019e-02
1.85492040e-02
1.83565146e-02
1.81599317e-02
1.79750589e-02
1.78070094e-02
1.76511029e-02
1.74991650e-02
1.73438331e-02
1.71824036e-02
1.70189185e-02
1.68583500e-02
1.67039654e-02
1.65557091e-02
1.64112535e-02
1.62612944e-02
1.61060717e-02
1.59536231e-02
1.58071655e-02
1.56659214e-02
1.55280369e-02
1.53917405e-02
1.52563410e-02
1.51217200e-02
1.49855771e-02
1.48502435e-02
1.47179139e-02
1.45889671e-02
1.44625670e-02
1.43367894e-02
1.42103330e-02
1.40809688e-02
1.39528224e-02
1.38286707e-02
1.37074422e-02
1.35884356e-02
1.34710260e-02
1.33548854e-02
1.32398824e-02
1.31258600e-02
1.30128037e-02
1.28976722e-02
1.27831760e-02
1.26714156e-02
1.25629570e-02
1.24570945e-02
1.23525897e-02
1.22484300e-02
1.21444237e-02
1.20409729e-02
1.19385808e-02
1.18374910e-02
1.17376458e-02
1.16389027e-02
1.15410759e-02
1.14440344e-02
1.13477406e-02
1.12522294e-02
1.11461445e-02
1.10367484e-02
1.09340794e-02
1.08405447e-02
1.07525727e-02
1.06655306e-02
1.05771585e-02
1.04878869e-02
1.03991411e-02
1.03118533e-02
1.02263354e-02
1.01422343e-02
1.00582975e-02
9.97478034e-03
9.89130137e-03
9.80804915e-03
9.72534910e-03
9.64424158e-03
9.56481982e-03
9.48653005e-03
9.40936438e-03
9.33318272e-03
9.25777628e-03
9.18299655e-03
9.10882929e-03
9.03536660e-03
8.96261570e-03
8.89052542e-03
8.81925309e-03
8.74884252e-03
8.67912365e-03
8.61008978e-03
8.54173524e-03
8.47404669e-03
8.40700467e-03
8.34059028e-03
8.27479151e-03
8.20960593e-03
8.14503544e-03
8.08108158e-03
8.01774283e-03
7.95497113e-03
7.89274488e-03
7.83110453e-03
7.77007039e-03
7.70963324e-03
7.64976634e-03
7.59044439e-03
7.53165097e-03
7.47338266e-03
7.41564279e-03
7.35843366e-03
7.30175218e-03
7.24559048e-03
7.18990620e-03
7.13388108e-03
7.07707099e-03
7.02081323e-03
6.96597041e-03
6.91261629e-03
6.86027984e-03
6.80839794e-03
6.75664584e-03
6.70501315e-03
6.65368553e-03
6.60287160e-03
6.55268540e-03
6.50311970e-03
6.45406599e-03
6.40538451e-03
6.35699697e-03
6.30900481e-03
6.26148928e-03
6.21447023e-03
6.16791645e-03
6.12178064e-03
6.07602988e-03
6.03065637e-03
5.98567025e-03
5.94108529e-03
5.89690780e-03
5.85313344e-03
5.80975075e-03
5.76674706e-03
5.72411297e-03
5.68184352e-03
5.63993628e-03
5.59839012e-03
5.55720330e-03
5.51618352e-03
5.47540775e-03
5.43503642e-03
5.39514138e-03
5.35568383e-03
5.31660339e-03
5.27784562e-03
5.23938333e-03
5.20121514e-03
5.16322338e-03
5.12551972e-03
5.08728811e-03
5.04837358e-03
5.01015270e-03
4.97320759e-03
4.93726547e-03
4.90176143e-03
4.86635026e-03
4.83102923e-03
4.79596416e-03
4.76128003e-03
4.72698226e-03
4.69300426e-03
4.65928837e-03
4.62582572e-03
4.59264400e-03
4.55977352e-03
4.52722377e-03
4.49498133e-03
4.46302182e-03
4.43132328e-03
4.39987336e-03
4.36857336e-03
4.33748400e-03
4.30667702e-03
4.27616116e-03
4.24592411e-03
4.21594858e-03
4.18622698e-03
4.15675901e-03
4.12754332e-03
4.09857390e-03
4.06984251e-03
4.04134266e-03
4.01307127e-03
3.98502759e-03
3.95721137e-03
3.92962196e-03
3.90225836e-03
3.87511950e-03
3.84820418e-03
3.82151072e-03
3.79503671e-03
3.76877915e-03
3.74273484e-03
3.71690075e-03
3.69127422e-03
3.66585289e-03
3.64063466e-03
3.61561762e-03
3.59079995e-03
3.56616735e-03
3.54172202e-03
3.51747389e-03
3.49342531e-03
3.46957246e-03
3.44591031e-03
3.42243565e-03
3.39914711e-03
3.37602360e-03
3.35155423e-03
3.32706493e-03
3.30354627e-03
3.28111400e-03
3.25927153e-03
3.23747772e-03
3.21551644e-03
3.19350188e-03
3.17166484e-03
3.15015125e-03
3.12896031e-03
3.10800422e-03
3.08719857e-03
3.06651124e-03
3.04595606e-03
3.02556020e-03
3.00533856e-03
2.98528872e-03
2.96540006e-03
2.94566408e-03
2.92607812e-03
2.90664314e-03
2.88736012e-03
2.86822836e-03
2.84924598e-03
2.83041117e-03
2.81172269e-03
2.79317947e-03
2.77478009e-03
2.75652266e-03
2.73790138e-03
2.71831116e-03
2.69900454e-03
2.68066949e-03
2.66319058e-03
2.64606107e-03
2.62888234e-03
2.61157100e-03
2.59426382e-03
2.57712286e-03
2.56021791e-03
2.54352771e-03
2.52699978e-03
2.51059813e-03
2.49431262e-03
2.47814508e-03
2.46209638e-03
2.44616462e-03
2.43034951e-03
2.41465449e-03
2.39908395e-03
2.38363908e-03
2.36831636e-03
2.35310981e-03
2.33801441e-03
2.32302846e-03
2.30815332e-03
2.29339083e-03
2.27874155e-03
2.26420419e-03
2.24977639e-03
2.23545579e-03
2.22124076e-03
2.20713059e-03
2.19312482e-03
2.17922301e-03
2.16542447e-03
2.15172832e-03
2.13813348e-03
2.12463888e-03
2.11124357e-03
2.09794669e-03
2.08474751e-03
2.07164532e-03
2.05863938e-03
2.04572888e-03
2.03291296e-03
2.02019075e-03
2.00756140e-03
1.99502410e-03
1.98257808e-03
1.97022258e-03
1.95795688e-03
1.94578023e-03
1.93369187e-03
1.92169105e-03
1.90977705e-03
1.89794913e-03
1.88620659e-03
1.87454872e-03
1.86297483e-03
1.85148424e-03
1.84007623e-03
1.82875013e-03
1.81750526e-03
1.80634093e-03
1.79525650e-03
1.78425141e-03
1.77332484e-03
1.76247543e-03
1.75170310e-03
1.74100758e-03
1.73038829e-03
1.71984449e-03
1.70937549e-03
1.69898072e-03
1.68865962e-03
1.67841165e-03
1.66823619e-03
1.65813260e-03
1.64810026e-03
1.63813856e-03
1.62824690e-03
1.61842472e-03
1.60867142e-03
1.59898645e-03
1.58936923e-03
1.57981923e-03
1.57033593e-03
1.56091881e-03
1.55156736e-03
1.54228107e-03
1.53305943e-03
1.52390195e-03
1.51480812e-03
1.50577744e-03
1.49680941e-03
1.48790351e-03
1.47905927e-03
1.47027616e-03
1.46155370e-03
1.45289141e-03
1.44428878e-03
1.43574534e-03
1.42726150e-03
1.41883703e-03
1.41047052e-03
1.40216083e-03
1.39390720e-03
1.38570923e-03
1.37756668e-03
1.36947944e-03
1.36144733e-03
1.35347003e-03
1.34554711e-03
1.33767808e-03
1.32986244e-03
1.32209973e-03
1.31438951e-03
1.30673140e-03
1.29912503e-03
1.29157004e-03
1.28406606e-03
1.27661272e-03
1.26920961e-03
1.26185634e-03
1.25455252e-03
1.24729775e-03
1.24009165e-03
1.23293384e-03
1.22582395e-03
1.21876160e-03
1.21174643e-03
1.20477806e-03
1.19785614e-03
1.19098030e-03
1.18415019e-03
1.17736545e-03
1.17062574e-03
1.16393072e-03
1.15728004e-03
1.15067337e-03
1.14411037e-03
1.13759070e-03
1.13111403e-03
1.12468004e-03
1.11828839e-03
1.11193878e-03
1.10563088e-03
1.09936438e-03
1.09313896e-03
1.08695432e-03
1.08081013e-03
1.07470610e-03
1.06864193e-03
1.06261731e-03
1.05663199e-03
1.05068564e-03
1.04477793e-03
1.03890857e-03
1.03307727e-03
1.02728376e-03
1.02152777e-03
1.01580900e-03
1.01012718e-03
1.00448204e-03
9.98873321e-04
9.93300767e-04
9.87764098e-04
9.82263037e-04
9.76797311e-04
9.71366661e-04
9.65970827e-04
9.60609555e-04
9.55282587e-04
9.49989670e-04
9.44730551e-04
9.39504980e-04
9.34312710e-04
9.29153496e-04
9.24027094e-04
9.18933263e-04
9.13871663e-04
9.08841982e-04
9.03844150e-04
8.98878024e-04
8.93943368e-04
8.89039908e-04
8.84167381e-04
8.79325554e-04
8.74514209e-04
8.69733133e-04
8.64982106e-04
8.60260912e-04
8.55569331e-04
8.50907150e-04
8.46274156e-04
8.41670139e-04
8.37094888e-04
8.32548195e-04
8.28029854e-04
8.23539659e-04
8.19077408e-04
8.14642899e-04
8.10235930e-04
8.05856302e-04
8.01503819e-04
7.97178285e-04
7.92879508e-04
7.88607297e-04
7.84361462e-04
7.80141814e-04
7.75948166e-04
7.71780332e-04
7.67638129e-04
7.63521374e-04
7.59429797e-04
7.55363239e-04
7.51321598e-04
7.47304735e-04
7.43312473e-04
7.39344618e-04
7.35400974e-04
7.31481361e-04
7.27585611e-04
7.23713563e-04
7.19865056e-04
7.16039929e-04
7.12238018e-04
7.08459158e-04
7.04703185e-04
7.00969935e-04
6.97259250e-04
6.93570970e-04
6.89904939e-04
6.86261001e-04
6.82639004e-04
6.79038794e-04
6.75460219e-04
6.71903128e-04
6.68367373e-04
6.64852804e-04
6.61359275e-04
6.57886641e-04
6.54434757e-04
6.51003480e-04
6.47592667e-04
6.44202177e-04
6.40831870e-04
6.37481606e-04
6.34151249e-04
6.30840661e-04
6.27549707e-04
6.24278252e-04
6.21026162e-04
6.17793527e-04
6.14580828e-04
6.11386953e-04
6.08211359e-04
6.05053973e-04
6.01914905e-04
5.98794255e-04
5.95692026e-04
5.92608127e-04
5.89542390e-04
5.86494653e-04
5.83464784e-04
5.80452656e-04
5.77458144e-04
5.74481126e-04
5.71521478e-04
5.68579083e-04
5.65653822e-04
5.62745579e-04
5.59854236e-04
5.56979682e-04
5.54121803e-04
5.51280490e-04
5.48455633e-04
5.45647123e-04
5.42854849e-04
5.40078704e-04
5.37318578e-04
5.34574365e-04
5.31845959e-04
5.29133254e-04
5.26436146e-04
5.23754531e-04
5.21088309e-04
5.18437376e-04
5.15801632e-04
5.13180977e-04
5.10575311e-04
5.07984535e-04
5.05408552e-04
5.02847263e-04
5.00300573e-04
4.97768386e-04
4.95250606e-04
4.92747139e-04
4.90257890e-04
4.87782768e-04
4.85321679e-04
4.82874531e-04
4.80441235e-04
4.78021698e-04
4.75615833e-04
4.73223549e-04
4.70844758e-04
4.68479374e-04
4.66127309e-04
4.63788476e-04
4.61462791e-04
4.59150167e-04
4.56850522e-04
4.54563770e-04
4.52289830e-04
4.50028618e-04
4.47780053e-04
4.45544054e-04
4.43320539e-04
4.41109430e-04
4.38910645e-04
4.36724108e-04
4.34549738e-04
4.32387459e-04
4.30237193e-04
4.28098865e-04
4.25972397e-04
4.23857714e-04
4.21754742e-04
4.19663406e-04
4.17583633e-04
4.15515349e-04
4.13458481e-04
4.11412957e-04
4.09378706e-04
4.07355656e-04
4.05343736e-04
4.03342878e-04
4.01353010e-04
3.99374064e-04
3.97405971e-04
3.95448664e-04
3.93502074e-04
3.91566134e-04
3.89640778e-04
3.87725939e-04
3.85821552e-04
3.83927552e-04
3.82043873e-04
3.80170452e-04
3.78307225e-04
3.76454128e-04
3.74611099e-04
3.72778074e-04
3.70954993e-04
3.69141793e-04
3.67338413e-04
3.65544794e-04
3.63760873e-04
3.61986592e-04
3.60221891e-04
3.58466712e-04
3.56720995e-04
3.54984682e-04
3.53257717e-04
3.51540041e-04
3.49831597e-04
3.48132330e-04
3.46442182e-04
3.44761099e-04
3.43089024e-04
3.41425903e-04
3.39771682e-04
3.38126306e-04
3.36489722e-04
3.34861875e-04
3.33242714e-04
3.31632185e-04
3.30030236e-04
3.28436815e-04
3.26851870e-04
3.25275351e-04
3.23707207e-04
3.22147387e-04
3.20595840e-04
3.19052517e-04
3.17517370e-04
3.15990347e-04
3.14471402e-04
3.12960484e-04
3.11457547e-04
3.09962543e-04
3.08475423e-04
3.06996142e-04
3.05524651e-04
3.04060906e-04
3.02604859e-04
3.01156464e-04
2.99715677e-04
2.98282452e-04
2.96856744e-04
2.95438509e-04
2.94027702e-04
2.92624280e-04
2.91228198e-04
2.89839413e-04
2.88457883e-04
2.87083564e-04
2.85716414e-04
2.84356391e-04
2.83003453e-04
2.81657558e-04
2.80318665e-04
2.78986732e-04
2.77661720e-04
2.76343587e-04
2.75032293e-04
2.73727799e-04
2.72430064e-04
2.71139049e-04
2.69854715e-04
2.68577023e-04
2.67305934e-04
2.66041410e-04
2.64783413e-04
2.63531905e-04
2.62286849e-04
2.61048206e-04
2.59815940e-04
2.58590014e-04
2.57370391e-04
2.56157035e-04
2.54949910e-04
2.53748980e-04
2.52554209e-04
2.51365561e-04
2.50183002e-04
2.49006497e-04
2.47836010e-04
2.46671508e-04
2.45512955e-04
2.44360319e-04
2.43213565e-04
2.42072659e-04
2.40937568e-04
2.39808259e-04
2.38684700e-04
2.37566856e-04
2.36454696e-04
2.35348188e-04
2.34247298e-04
2.33151997e-04
2.32062250e-04
2.30978028e-04
2.29899299e-04
2.28826032e-04
2.27758196e-04
2.26695761e-04
2.25638695e-04
2.24586968e-04
2.23540551e-04
2.22499414e-04
2.21463527e-04
2.20432860e-04
2.19407384e-04
2.18387070e-04
2.17371889e-04
2.16361813e-04
2.15356812e-04
2.14356858e-04
2.13361924e-04
2.12371980e-04
2.11387000e-04
2.10406955e-04
2.09431819e-04
2.08461563e-04
2.07496161e-04
2.06535586e-04
2.05579810e-04
2.04628808e-04
2.03682552e-04
2.02741017e-04
2.01804176e-04
2.00872004e-04
1.99944474e-04
1.99021561e-04
1.98103240e-04
1.97189484e-04
1.96280270e-04
1.95375572e-04
1.94475365e-04
1.93579624e-04
1.92688325e-04
1.91801444e-04
1.90918956e-04
1.90040838e-04
1.89167065e-04
1.88297613e-04
1.87432460e-04
1.86571580e-04
1.85714952e-04
1.84862552e-04
1.84014357e-04
1.83170344e-04
1.82330490e-04
1.81494772e-04
1.80663169e-04
1.79835658e-04
1.79012216e-04
1.78192822e-04
1.77377453e-04
1.76566088e-04
1.75758705e-04
1.74955283e-04
1.74155800e-04
1.73360235e-04
1.72568567e-04
1.71780775e-04
1.70996837e-04
1.70216734e-04
1.69440444e-04
1.68667948e-04
1.67899224e-04
1.67134252e-04
1.66373013e-04
1.65615486e-04
1.64861651e-04
1.64111489e-04
1.63364981e-04
1.62622105e-04
1.61882844e-04
1.61147177e-04
1.60415086e-04
1.59686552e-04
1.58961555e-04
1.58240078e-04
1.57522100e-04
1.56807603e-04
1.56096570e-04
1.55388981e-04
1.54684819e-04
1.53984064e-04
1.53286700e-04
1.52592708e-04
1.51902070e-04
1.51214769e-04
1.50530787e-04
1.49850106e-04
1.49172709e-04
1.48498579e-04
1.47827699e-04
1.47160051e-04
1.46495618e-04
1.45834384e-04
1.45176331e-04
1.44521443e-04
1.43869704e-04
1.43221097e-04
1.42575605e-04
1.41933212e-04
1.41293902e-04
1.40657658e-04
1.40024466e-04
1.39394308e-04
1.38767169e-04
1.38143034e-04
1.37521886e-04
1.36903710e-04
1.36288490e-04
1.35676212e-04
1.35066859e-04
1.34460417e-04
1.33856870e-04
1.33256204e-04
1.32658404e-04
1.32063454e-04
1.31471339e-04
1.30882047e-04
1.30295560e-04
1.29711866e-04
1.29130949e-04
1.28552796e-04
1.27977392e-04
1.27404723e-04
1.26834774e-04
1.26267532e-04
1.25702983e-04
1.25141113e-04
1.24581908e-04
1.24025354e-04
1.23471438e-04
1.22920147e-04
1.22371466e-04
1.21825383e-04
1.21281884e-04
1.20740956e-04
1.20202585e-04
1.19666759e-04
1.19133465e-04
1.18602689e-04
1.18074419e-04
1.17548643e-04
1.17025346e-04
1.16504517e-04
1.15986143e-04
1.15470212e-04
1.14956711e-04
1.14445628e-04
1.13936950e-04
1.13430666e-04
1.12926762e-04
1.12425228e-04
1.11926050e-04
1.11429218e-04
1.10934719e-04
1.10442541e-04
1.09952673e-04
1.09465103e-04
1.08979819e-04
1.08496809e-04
1.08016063e-04
1.07537569e-04
1.07061316e-04
1.06587291e-04
1.06115485e-04
1.05645885e-04
1.05178481e-04
1.04713261e-04
1.04250215e-04
1.03789332e-04
1.03330601e-04
1.02874010e-04
1.02419550e-04
1.01967210e-04
1.01516979e-04
1.01068846e-04
1.00622800e-04
1.00178833e-04
9.97369322e-05
9.92970883e-05
9.88592909e-05
9.84235297e-05
9.79897946e-05
9.75580754e-05
9.71283621e-05
9.67006447e-05
9.62749132e-05
9.58511579e-05
9.54293687e-05
9.50095360e-05
9.45916500e-05
9.41757011e-05
9.37616796e-05
9.33495759e-05
9.29393806e-05
9.25310842e-05
9.21246772e-05
9.17201503e-05
9.13174942e-05
9.09166997e-05
9.05177574e-05
9.01206583e-05
8.97253933e-05
8.93319532e-05
8.89403291e-05
8.85505120e-05
8.81624930e-05
8.77762633e-05
8.73918139e-05
8.70091362e-05
8.66282214e-05
8.62490608e-05
8.58716458e-05
8.54959679e-05
8.51220184e-05
8.47497890e-05
8.43792711e-05
8.40104563e-05
8.36433363e-05
8.32779028e-05
8.29141475e-05
8.25520623e-05
8.21916388e-05
8.18328690e-05
8.14757448e-05
8.11202582e-05
8.07664010e-05
8.04141655e-05
8.00635436e-05
7.97145275e-05
7.93671094e-05
7.90212814e-05
7.86770358e-05
7.83343649e-05
7.79932610e-05
7.76537165e-05
7.73157238e-05
7.69792753e-05
7.66443636e-05
7.63109812e-05
7.59791206e-05
7.56487745e-05
7.53199355e-05
7.49925963e-05
7.46667495e-05
7.43423881e-05
7.40195048e-05
7.36980924e-05
7.33781437e-05
7.30596519e-05
7.27426096e-05
7.24270101e-05
7.21128462e-05
7.18001111e-05
7.14887979e-05
7.11788996e-05
7.08704095e-05
7.05633208e-05
7.02576266e-05
6.99533204e-05
6.96503954e-05
6.93488449e-05
6.90486624e-05
6.87498412e-05
6.84523748e-05
6.81562567e-05
6.78614805e-05
6.75680396e-05
6.72759276e-05
6.69851382e-05
6.66956651e-05
6.64075018e-05
6.61206422e-05
6.58350800e-05
6.55508090e-05
6.52678229e-05
6.49861157e-05
6.47056812e-05
6.44265133e-05
6.41486059e-05
6.38719532e-05
6.35965489e-05
6.33223873e-05
6.30494623e-05
6.27777681e-05
6.25072988e-05
6.22380484e-05
6.19700114e-05
6.17031817e-05
6.14375538e-05
6.11731218e-05
6.09098801e-05
6.06478231e-05
6.03869450e-05
6.01272402e-05
5.98687033e-05
5.96113286e-05
5.93551107e-05
5.91000440e-05
5.88461231e-05
5.85933425e-05
5.83416968e-05
5.80911807e-05
5.78417888e-05
5.75935157e-05
5.73463562e-05
5.71003050e-05
5.68553569e-05
5.66115066e-05
5.63687489e-05
5.61270787e-05
5.58864909e-05
5.56469803e-05
5.54085418e-05
5.51711704e-05
5.49348610e-05
5.46996086e-05
5.44654083e-05
5.42322551e-05
5.40001441e-05
5.37690702e-05
5.35390288e-05
5.33100148e-05
5.30820235e-05
5.28550500e-05
5.26290896e-05
5.24041374e-05
5.21801889e-05
5.19572392e-05
5.17352836e-05
5.15143175e-05
5.12943363e-05
5.10753352e-05
5.08573098e-05
5.06402554e-05
5.04241676e-05
5.02090417e-05
4.99948732e-05
4.97816577e-05
4.95693907e-05
4.93580678e-05
4.91476846e-05
4.89382366e-05
4.87297195e-05
4.85221290e-05
4.83154606e-05
4.81097102e-05
4.79048733e-05
4.77009458e-05
4.74979234e-05
4.72958019e-05
4.70945771e-05
4.68942448e-05
4.66948008e-05
4.64962410e-05
4.62985613e-05
4.61017576e-05
4.59058258e-05
4.57107619e-05
4.55165617e-05
4.53232214e-05
4.51307369e-05
4.49391041e-05
4.47483193e-05
4.45583783e-05
4.43692774e-05
4.41810126e-05
4.39935800e-05
4.38069757e-05
4.36211960e-05
4.34362370e-05
4.32520949e-05
4.30687659e-05
4.28862462e-05
4.27045322e-05
4.25236200e-05
4.23435059e-05
4.21641863e-05
4.19856575e-05
4.18079158e-05
4.16309577e-05
4.14547793e-05
4.12793773e-05
4.11047479e-05
4.09308877e-05
4.07577930e-05
4.05854603e-05
4.04138861e-05
4.02430670e-05
4.00729994e-05
3.99036798e-05
3.97351049e-05
3.95672712e-05
3.94001752e-05
3.92338137e-05
3.90681831e-05
3.89032801e-05
3.87391015e-05
3.85756438e-05
3.84129037e-05
3.82508780e-05
3.80895634e-05
3.79289565e-05
3.77690542e-05
3.76098532e-05
3.74513502e-05
3.72935422e-05
3.71364258e-05
3.69799980e-05
3.68242555e-05
3.66691953e-05
3.65148141e-05
3.63611090e-05
3.62080767e-05
3.60557142e-05
3.59040185e-05
3.57529865e-05
3.56026151e-05
3.54529013e-05
3.53038422e-05
3.51554347e-05
3.50076758e-05
3.48605626e-05
3.47140922e-05
3.45682615e-05
3.44230678e-05
3.42785080e-05
3.41345793e-05
3.39912788e-05
3.38486036e-05
3.37065509e-05
3.35651179e-05
3.34243016e-05
3.32840994e-05
3.31445084e-05
3.30055258e-05
3.28671489e-05
3.27293749e-05
3.25922010e-05
3.24556246e-05
3.23196428e-05
3.21842531e-05
3.20494527e-05
3.19152389e-05
3.17816091e-05
3.16485606e-05
3.15160908e-05
3.13841970e-05
3.12528767e-05
3.11221271e-05
3.09919459e-05
3.08623303e-05
3.07332777e-05
3.06047858e-05
3.04768518e-05
3.03494733e-05
3.02226478e-05
3.00963727e-05
2.99706456e-05
2.98454639e-05
2.97208253e-05
2.95967272e-05
2.94731673e-05
2.93501430e-05
2.92276519e-05
2.91056917e-05
2.89842599e-05
2.88633542e-05
2.87429722e-05
2.86231115e-05
2.85037697e-05
2.83849445e-05
2.82666337e-05
2.81488347e-05
2.80315455e-05
2.79147636e-05
2.77984867e-05
2.76827127e-05
2.75674392e-05
2.74526639e-05
2.73383847e-05
2.72245992e-05
2.71113053e-05
2.69985008e-05
2.68861834e-05
2.67743510e-05
2.66630013e-05
2.65521323e-05
2.64417417e-05
2.63318273e-05
2.62223872e-05
2.61134190e-05
2.60049208e-05
2.58968903e-05
2.57893256e-05
2.56822244e-05
2.55755847e-05
2.54694045e-05
2.53636817e-05
2.52584142e-05
2.51536000e-05
2.50492370e-05
2.49453233e-05
2.48418568e-05
2.47388355e-05
2.46362575e-05
2.45341207e-05
2.44324231e-05
2.43311628e-05
2.42303379e-05
2.41299464e-05
2.40299863e-05
2.39304557e-05
2.38313528e-05
2.37326755e-05
2.36344220e-05
2.35365904e-05
2.34391788e-05
2.33421854e-05
2.32456082e-05
2.31494454e-05
2.30536951e-05
2.29583556e-05
2.28634249e-05
2.27689013e-05
2.26747830e-05
2.25810680e-05
2.24877548e-05
2.23948413e-05
2.23023259e-05
2.22102068e-05
2.21184822e-05
2.20271504e-05
2.19362096e-05
2.18456581e-05
2.17554941e-05
2.16657159e-05
2.15763219e-05
2.14873102e-05
2.13986792e-05
2.13104272e-05
2.12225526e-05
2.11350535e-05
2.10479284e-05
2.09611757e-05
2.08747936e-05
2.07887805e-05
2.07031347e-05
2.06178547e-05
2.05329388e-05
2.04483854e-05
2.03641929e-05
2.02803597e-05
2.01968842e-05
2.01137648e-05
2.00309999e-05
1.99485879e-05
1.98665274e-05
1.97848167e-05
1.97034543e-05
1.96224386e-05
1.95417682e-05
1.94614414e-05
1.93814568e-05
1.93018128e-05
1.92225080e-05
1.91435408e-05
1.90649097e-05
1.89866134e-05
1.89086501e-05
1.88310186e-05
1.87537174e-05
1.86767449e-05
1.86000998e-05
1.85237805e-05
1.84477857e-05
1.83721139e-05
1.82967637e-05
1.82217336e-05
1.81470223e-05
1.80726284e-05
1.79985504e-05
1.79247869e-05
1.78513366e-05
1.77781982e-05
1.77053701e-05
1.76328511e-05
1.75606397e-05
1.74887347e-05
1.74171347e-05
1.73458383e-05
1.72748442e-05
1.72041511e-05
1.71337576e-05
1.70636625e-05
1.69938643e-05
1.69243619e-05
1.68551539e-05
1.67862390e-05
1.67176159e-05
1.66492834e-05
1.65812402e-05
1.65134849e-05
1.64460164e-05
1.63788333e-05
1.63119345e-05
1.62453186e-05
1.61789845e-05
1.61129308e-05
1.60471564e-05
1.59816601e-05
1.59164405e-05
1.58514966e-05
1.57868271e-05
1.57224307e-05
1.56583064e-05
1.55944529e-05
1.55308689e-05
1.54675535e-05
1.54045052e-05
1.53417231e-05
1.52792059e-05
1.52169524e-05
1.51549616e-05
1.50932322e-05
1.50317632e-05
1.49705533e-05
1.49096015e-05
1.48489066e-05
1.47884675e-05
1.47282830e-05
1.46683522e-05
1.46086738e-05
1.45492467e-05
1.44900699e-05
1.44311423e-05
1.43724627e-05
1.43140301e-05
1.42558435e-05
1.41979017e-05
1.41402036e-05
1.40827483e-05
1.40255346e-05
1.39685615e-05
1.39118280e-05
1.38553330e-05
1.37990754e-05
1.37430543e-05
1.36872686e-05
1.36317172e-05
1.35763992e-05
1.35213135e-05
1.34664592e-05
1.34118352e-05
1.33574405e-05
1.33032741e-05
1.32493350e-05
1.31956223e-05
1.31421349e-05
1.30888719e-05
1.30358323e-05
1.29830151e-05
1.29304194e-05
1.28780442e-05
1.28258885e-05
1.27739514e-05
1.27222319e-05
1.26707292e-05
1.26194422e-05
1.25683699e-05
1.25175116e-05
1.24668662e-05
1.24164329e-05
1.23662107e-05
1.23161986e-05
1.22663959e-05
1.22168015e-05
1.21674145e-05
1.21182342e-05
1.20692595e-05
1.20204897e-05
1.19719237e-05
1.19235607e-05
1.18753999e-05
1.18274403e-05
1.17796811e-05
1.17321215e-05
1.16847605e-05
1.16375973e-05
1.15906310e-05
1.15438608e-05
1.14972859e-05
1.14509054e-05
1.14047184e-05
1.13587242e-05
1.13129218e-05
1.12673105e-05
1.12218894e-05
1.11766578e-05
1.11316147e-05
1.10867595e-05
1.10420911e-05
1.09976090e-05
1.09533122e-05
1.09092000e-05
1.08652715e-05
1.08215260e-05
1.07779627e-05
1.07345808e-05
1.06913795e-05
1.06483580e-05
1.06055156e-05
1.05628514e-05
1.05203648e-05
1.04780550e-05
1.04359211e-05
1.03939625e-05
1.03521783e-05
1.03105679e-05
1.02691304e-05
1.02278652e-05
1.01867715e-05
1.01458485e-05
1.01050956e-05
1.00645120e-05
1.00240969e-05
9.98384962e-06
9.94376949e-06
9.90385575e-06
9.86410770e-06
9.82452462e-06
9.78510580e-06
9.74585053e-06
9.70675812e-06
9.66782787e-06
9.62905907e-06
9.59045103e-06
9.55200307e-06
9.51371450e-06
9.47558463e-06
9.43761278e-06
9.39979828e-06
9.36214045e-06
9.32463861e-06
9.28729211e-06
9.25010026e-06
9.21306242e-06
9.17617792e-06
9.13944610e-06
9.10286631e-06
9.06643790e-06
9.03016021e-06
8.99403261e-06
8.95805445e-06
8.92222510e-06
8.88654390e-06
8.85101024e-06
8.81562348e-06
8.78038299e-06
8.74528814e-06
8.71033831e-06
8.67553289e-06
8.64087125e-06
8.60635278e-06
8.57197687e-06
8.53774291e-06
8.50365029e-06
8.46969840e-06
8.43588666e-06
8.40221445e-06
8.36868119e-06
8.33528627e-06
8.30202911e-06
8.26890913e-06
8.23592573e-06
8.20307833e-06
8.17036635e-06
8.13778922e-06
8.10534636e-06
8.07303720e-06
8.04086116e-06
8.00881768e-06
7.97690620e-06
7.94512615e-06
7.91347697e-06
7.88195810e-06
7.85056899e-06
7.81930909e-06
7.78817785e-06
7.75717471e-06
7.72629914e-06
7.69555058e-06
7.66492851e-06
7.63443238e-06
7.60406165e-06
7.57381580e-06
7.54369428e-06
7.51369658e-06
7.48382216e-06
7.45407051e-06
7.42444109e-06
7.39493340e-06
7.36554691e-06
7.33628110e-06
7.30713547e-06
7.27810951e-06
7.24920270e-06
7.22041454e-06
7.19174453e-06
7.16319217e-06
7.13475695e-06
7.10643838e-06
7.07823597e-06
7.05014921e-06
7.02217763e-06
6.99432073e-06
6.96657802e-06
6.93894903e-06
6.91143326e-06
6.88403025e-06
6.85673951e-06
6.82956056e-06
6.80249294e-06
6.77553617e-06
6.74868977e-06
6.72195330e-06
6.69532627e-06
6.66880823e-06
6.64239871e-06
6.61609725e-06
6.58990341e-06
6.56381671e-06
6.53783672e-06
6.51196297e-06
6.48619502e-06
6.46053242e-06
6.43497473e-06
6.40952150e-06
6.38417229e-06
6.35892666e-06
6.33378418e-06
6.30874440e-06
6.28380689e-06
6.25897123e-06
6.23423698e-06
6.20960371e-06
6.18507100e-06
6.16063843e-06
6.13630556e-06
6.11207198e-06
6.08793728e-06
6.06390102e-06
6.03996281e-06
6.01612222e-06
5.99237884e-06
5.96873227e-06
5.94518209e-06
5.92172790e-06
5.89836930e-06
5.87510588e-06
5.85193723e-06
5.82886297e-06
5.80588270e-06
5.78299601e-06
5.76020252e-06
5.73750183e-06
5.71489355e-06
5.69237729e-06
5.66995267e-06
5.64761929e-06
5.62537679e-06
5.60322476e-06
5.58116284e-06
5.55919065e-06
5.53730780e-06
5.51551392e-06
5.49380864e-06
5.47219159e-06
5.45066238e-06
5.42922067e-06
5.40786607e-06
5.38659823e-06
5.36541677e-06
5.34432134e-06
5.32331157e-06
5.30238710e-06
5.28154759e-06
5.26079266e-06
5.24012196e-06
5.21953515e-06
5.19903187e-06
5.17861177e-06
5.15827449e-06
5.13801970e-06
5.11784705e-06
5.09775619e-06
5.07774678e-06
5.05781849e-06
5.03797096e-06
5.01820386e-06
4.99851685e-06
4.97890961e-06
4.95938179e-06
4.93993306e-06
4.92056309e-06
4.90127155e-06
4.88205812e-06
4.86292246e-06
4.84386425e-06
4.82488318e-06
4.80597890e-06
4.78715111e-06
4.76839948e-06
4.74972370e-06
4.73112345e-06
4.71259840e-06
4.69414826e-06
4.67577270e-06
4.65747141e-06
4.63924409e-06
4.62109042e-06
4.60301010e-06
4.58500282e-06
4.56706828e-06
4.54920617e-06
4.53141618e-06
4.51369803e-06
4.49605140e-06
4.47847601e-06
4.46097155e-06
4.44353772e-06
4.42617424e-06
4.40888081e-06
4.39165714e-06
4.37450294e-06
4.35741791e-06
4.34040177e-06
4.32345423e-06
4.30657501e-06
4.28976383e-06
4.27302039e-06
4.25634441e-06
4.23973563e-06
4.22319375e-06
4.20671849e-06
4.19030959e-06
4.17396676e-06
4.15768973e-06
4.14147822e-06
4.12533197e-06
4.10925070e-06
4.09323414e-06
4.07728203e-06
4.06139408e-06
4.04557005e-06
4.02980966e-06
4.01411264e-06
3.99847874e-06
3.98290769e-06
3.96739923e-06
3.95195311e-06
3.93656905e-06
3.92124681e-06
3.90598613e-06
3.89078675e-06
3.87564842e-06
3.86057089e-06
3.84555389e-06
3.83059719e-06
3.81570053e-06
3.80086366e-06
3.78608634e-06
3.77136831e-06
3.75670934e-06
3.74210917e-06
3.72756756e-06
3.71308428e-06
3.69865907e-06
3.68429171e-06
3.66998194e-06
3.65572953e-06
3.64153424e-06
3.62739585e-06
3.61331410e-06
3.59928877e-06
3.58531962e-06
3.57140642e-06
3.55754894e-06
3.54374695e-06
3.53000021e-06
3.51630851e-06
3.50267161e-06
3.48908929e-06
3.47556132e-06
3.46208747e-06
3.44866752e-06
3.43530126e-06
3.42198845e-06
3.40872888e-06
3.39552233e-06
3.38236857e-06
3.36926740e-06
3.35621858e-06
3.34322192e-06
3.33027718e-06
3.31738417e-06
3.30454265e-06
3.29175243e-06
3.27901329e-06
3.26632501e-06
3.25368740e-06
3.24110024e-06
3.22856332e-06
3.21607643e-06
3.20363937e-06
3.19125194e-06
3.17891392e-06
3.16662513e-06
3.15438534e-06
3.14219436e-06
3.13005200e-06
3.11795804e-06
3.10591230e-06
3.09391456e-06
3.08196464e-06
3.07006234e-06
3.05820746e-06
3.04639981e-06
3.03463919e-06
3.02292540e-06
3.01125827e-06
2.99963758e-06
2.98806316e-06
2.97653482e-06
2.96505236e-06
2.95361559e-06
2.94222433e-06
2.93087839e-06
2.91957758e-06
2.90832172e-06
2.89711063e-06
2.88594411e-06
2.87482200e-06
2.86374410e-06
2.85271023e-06
2.84172021e-06
2.83077387e-06
2.81987102e-06
2.80901149e-06
2.79819509e-06
2.78742166e-06
2.77669101e-06
2.76600296e-06
2.75535735e-06
2.74475400e-06
2.73419274e-06
2.72367340e-06
2.71319579e-06
2.70275976e-06
2.69236513e-06
2.68201173e-06
2.67169939e-06
2.66142795e-06
2.65119724e-06
2.64100709e-06
2.63085733e-06
2.62074780e-06
2.61067833e-06
2.60064877e-06
2.59065894e-06
2.58070869e-06
2.57079785e-06
2.56092627e-06
2.55109377e-06
2.54130021e-06
2.53154542e-06
2.52182924e-06
2.51215152e-06
2.50251210e-06
2.49291082e-06
2.48334753e-06
2.47382207e-06
2.46433429e-06
2.45488403e-06
2.44547114e-06
2.43609547e-06
2.42675686e-06
2.41745517e-06
2.40819025e-06
2.39896193e-06
2.38977008e-06
2.38061455e-06
2.37149518e-06
2.36241184e-06
2.35336437e-06
2.34435262e-06
2.33537646e-06
2.32643573e-06
2.31753030e-06
2.30866001e-06
2.29982473e-06
2.29102431e-06
2.28225861e-06
2.27352749e-06
2.26483080e-06
2.25616842e-06
2.24754020e-06
2.23894599e-06
2.23038567e-06
2.22185908e-06
2.21336611e-06
2.20490660e-06
2.19648043e-06
2.18808745e-06
2.17972754e-06
2.17140055e-06
2.16310636e-06
2.15484483e-06
2.14661583e-06
2.13841922e-06
2.13025488e-06
2.12212267e-06
2.11402246e-06
2.10595413e-06
2.09791754e-06
2.08991257e-06
2.08193908e-06
2.07399695e-06
2.06608605e-06
2.05820625e-06
2.05035743e-06
2.04253947e-06
2.03475223e-06
2.02699560e-06
2.01926944e-06
2.01157364e-06
2.00390807e-06
1.99627261e-06
1.98866714e-06
1.98109153e-06
1.97354567e-06
1.96602943e-06
1.95854270e-06
1.95108535e-06
1.94365727e-06
1.93625834e-06
1.92888843e-06
1.92154744e-06
1.91423524e-06
1.90695172e-06
1.89969676e-06
1.89247024e-06
1.88527206e-06
1.87810210e-06
1.87096024e-06
1.86384637e-06
1.85676037e-06
1.84970214e-06
1.84267156e-06
1.83566851e-06
1.82869290e-06
1.82174460e-06
1.81482351e-06
1.80792952e-06
1.80106251e-06
1.79422238e-06
1.78740902e-06
1.78062233e-06
1.77386219e-06
1.76712849e-06
1.76042114e-06
1.75374002e-06
1.74708502e-06
1.74045605e-06
1.73385300e-06
1.72727576e-06
1.72072423e-06
1.71419831e-06
1.70769789e-06
1.70122286e-06
1.69477314e-06
1.68834861e-06
1.68194917e-06
1.67557473e-06
1.66922518e-06
1.66290041e-06
1.65660035e-06
1.65032487e-06
1.64407388e-06
1.63784730e-06
1.63164500e-06
1.62546691e-06
1.61931292e-06
1.61318293e-06
1.60707685e-06
1.60099458e-06
1.59493603e-06
1.58890110e-06
1.58288969e-06
1.57690171e-06
1.57093707e-06
1.56499568e-06
1.55907743e-06
1.55318224e-06
1.54731001e-06
1.54146066e-06
1.53563408e-06
1.52983020e-06
1.52404891e-06
1.51829012e-06
1.51255376e-06
1.50683972e-06
1.50114791e-06
1.49547825e-06
1.48983066e-06
1.48420503e-06
1.47860128e-06
1.47301933e-06
1.46745908e-06
1.46192045e-06
1.45640336e-06
1.45090771e-06
1.44543342e-06
1.43998041e-06
1.43454859e-06
1.42913787e-06
1.42374818e-06
1.41837941e-06
1.41303151e-06
1.40770436e-06
1.40239791e-06
1.39711206e-06
1.39184673e-06
1.38660183e-06
1.38137730e-06
1.37617304e-06
1.37098897e-06
1.36582501e-06
1.36068109e-06
1.35555712e-06
1.35045302e-06
1.34536872e-06
1.34030413e-06
1.33525917e-06
1.33023378e-06
1.32522786e-06
1.32024134e-06
1.31527414e-06
1.31032620e-06
1.30539742e-06
1.30048773e-06
1.29559706e-06
1.29072533e-06
1.28587247e-06
1.28103839e-06
1.27622303e-06
1.27142631e-06
1.26664816e-06
1.26188849e-06
1.25714725e-06
1.25242435e-06
1.24771972e-06
1.24303329e-06
1.23836498e-06
1.23371473e-06
1.22908246e-06
1.22446810e-06
1.21987158e-06
1.21529282e-06
1.21073176e-06
1.20618833e-06
1.20166246e-06
1.19715407e-06
1.19266310e-06
1.18818947e-06
1.18373312e-06
1.17929399e-06
1.17487199e-06
1.17046706e-06
1.16607914e-06
1.16170816e-06
1.15735405e-06
1.15301674e-06
1.14869617e-06
1.14439226e-06
1.14010496e-06
1.13583419e-06
1.13157990e-06
1.12734201e-06
1.12312047e-06
1.11891520e-06
1.11472614e-06
1.11055322e-06
1.10639639e-06
1.10225558e-06
1.09813072e-06
1.09402176e-06
1.08992862e-06
1.08585125e-06
1.08178959e-06
1.07774356e-06
1.07371312e-06
1.06969819e-06
1.06569871e-06
1.06171463e-06
1.05774589e-06
1.05379242e-06
1.04985416e-06
1.04593105e-06
1.04202303e-06
1.03813004e-06
1.03425203e-06
1.03038893e-06
1.02654068e-06
1.02270723e-06
1.01888852e-06
1.01508448e-06
1.01129507e-06
1.00752021e-06
1.00375986e-06
1.00001396e-06
9.96282450e-07
