-962.7203
-962.79046
-962.86828
-962.95246
-963.03503
-963.10881
-963.17017
-963.22152
-963.26831
-963.31321
-963.3565
-963.39756
-963.43557
-963.47054
-963.50333
-963.53445
-963.5641
-963.5921
-963.61844
-963.64318
-963.66657
-963.68878
-963.70993
-963.73007
-963.74919
-963.76736
-963.78464
-963.80109
-963.81681
-963.83184
-963.84621
-963.85995
-963.87307
-963.88564
-963.89768
-963.9092
-963.9202
-963.93073
-963.94083
-963.95052
-963.95983
-963.96878
-963.97739
-963.98565
-963.99361
-964.00127
-964.00861
-964.01567
-964.0225
-964.02909
-964.03546
-964.04162
-964.04758
-964.05331
-964.05886
-964.06422
-964.06939
-964.07437
-964.07919
-964.08386
-964.08838
-964.09277
-964.09703
-964.10115
-964.10515
-964.109
-964.11273
-964.11633
-964.11982
-964.12319
-964.12646
-964.1296
-964.13265
-964.13561
-964.13848
-964.14126
-964.14394
-964.14653
-964.14905
-964.15149
-964.15387
-964.15618
-964.15843
-964.16062
-964.16275
-964.16483
-964.16686
-964.16883
-964.17075
-964.17262
-964.17442
-964.17617
-964.17786
-964.1795
-964.18109
-964.18265
-964.18416
-964.18564
-964.1871
-964.18853
-964.18991
-964.19125
-964.19256
-964.19384
-964.19508
-964.1963
-964.19749
-964.19865
-964.19979
-964.2009
-964.20198
-964.20303
-964.20406
-964.20506
-964.20603
-964.20698
-964.20792
-964.20884
-964.20974
-964.21062
-964.21148
-964.21233
-964.21315
-964.21395
-964.21474
-964.21551
-964.21626
-964.21699
-964.21771
-964.21842
-964.2191
-964.21976
-964.22041
-964.22105
-964.22167
-964.22228
-964.22288
-964.22346
-964.22404
-964.2246
-964.22515
-964.22569
-964.22621
-964.22672
-964.22722
-964.22772
-964.2282
-964.22868
-964.22915
-964.22961
-964.23005
-964.2305
-964.23093
-964.23135
-964.23176
-964.23216
-964.23256
-964.23294
-964.23332
-964.23369
-964.23406
-964.23442
-964.23477
-964.23511
-964.23545
-964.23577
-964.23609
-964.2364
-964.2367
-964.237
-964.23729
-964.23758
-964.23787
-964.23815
-964.23842
-964.23869
-964.23895
-964.23921
-964.23946
-964.23971
-964.23995
-964.24018
-964.24041
-964.24064
-964.24086
-964.24108
-964.24129
-964.2415
-964.24171
-964.24191
-964.24211
-964.24231
-964.2425
-964.24269
-964.24287
-964.24305
-964.24323
-964.2434
-964.24357
-964.24373
-964.24389
-964.24405
-964.24421
-964.24437
-964.24452
-964.24467
-964.24482
-964.24496
-964.2451
-964.24524
-964.24538
-964.24551
-964.24564
-964.24577
-964.24589
-964.24602
-964.24614
-964.24626
-964.24638
-964.24649
-964.24661
-964.24672
-964.24683
-964.24693
-964.24704
-964.24714
-964.24724
-964.24734
-964.24744
-964.24753
-964.24763
-964.24772
-964.24782
-964.24791
-964.248
-964.24808
-964.24817
-964.24825
-964.24834
-964.24842
-964.2485
-964.24858
-964.24865
-964.24873
-964.24881
-964.24888
-964.24895
-964.24902
-964.24909
-964.24916
-964.24923
-964.24929
-964.24936
-964.24942
-964.24948
-964.24954
-964.2496
-964.24966
-964.24972
-964.24978
-964.24984
-964.24989
-964.24995
-964.25
-964.25006
-964.25011
-964.25016
-964.25021
-964.25026
-964.2503
-964.25035
-964.2504
-964.25044
-964.25049
-964.25054
-964.25058
-964.25063
-964.25067
-964.25071
-964.25075
-964.25079
-964.25083
-964.25087
-964.25091
-964.25095
-964.25099
-964.25102
-964.25106
-964.2511
-964.25113
-964.25117
-964.2512
-964.25123
-964.25127
-964.2513
-964.25133
-964.25136
-964.25139
-964.25143
-964.25146
-964.25149
-964.25151
-964.25154
-964.25157
-964.2516
-964.25163
-964.25165
-964.25168
-964.25171
-964.25173
-964.25176
-964.25178
-964.25181
-964.25183
-964.25185
-964.25188
-964.2519
-964.25192
-964.25195
-964.25197
-964.25199
-964.25201
-964.25203
-964.25205
-964.25207
-964.25209
-964.25211
-964.25213
-964.25215
-964.25217
-964.25219
-964.25221
-964.25223
-964.25225
-964.25226
-964.25228
-964.2523
-964.25231
-964.25233
-964.25235
-964.25236
-964.25238
-964.25239
-964.25241
-964.25242
-964.25244
-964.25245
-964.25247
-964.25248
-964.2525
-964.25251
-964.25253
-964.25254
-964.25255
-964.25256
-964.25258
-964.25259
-964.2526
-964.25261
-964.25263
-964.25264
-964.25265
-964.25266
-964.25267
-964.25269
-964.2527
-964.25271
-964.25272
-964.25273
-964.25274
-964.25275
-964.25276
-964.25277
-964.25278
-964.25279
-964.2528
-964.25281
-964.25282
-964.25283
-964.25284
-964.25285
-964.25286
-964.25286
-964.25287
-964.25288
-964.25289
-964.2529
-964.25291
-964.25291
-964.25292
-964.25293
-964.25294
-964.25295
-964.25295
-964.25296
-964.25297
-964.25298
-964.25298
-964.25299
-964.253
-964.253
-964.25301
-964.25302
-964.25302
-964.25303
-964.25304
-964.25304
-964.25305
-964.25305
-964.25306
-964.25307
-964.25307
-964.25308
-964.25308
-964.25309
-964.25309
-964.2531
-964.25311
-964.25311
-964.25312
-964.25312
-964.25313
-964.25313
-964.25314
-964.25314
-964.25315
-964.25315
-964.25316
-964.25316
-964.25316
-964.25317
-964.25317
-964.25318
-964.25318
-964.25319
-964.25319
-964.2532
-964.2532
-964.2532
-964.25321
-964.25321
-964.25322
-964.25322
-964.25322
-964.25323
-964.25323
-964.25323
-964.25324
-964.25324
-964.25324
-964.25325
-964.25325
-964.25326
-964.25326
-964.25326
-964.25327
-964.25327
-964.25327
-964.25327
-964.25328
-964.25328
-964.25328
-964.25329
-964.25329
-964.25329
-964.2533
-964.2533
-964.2533
-964.2533
-964.25331
-964.25331
-964.25331
-964.25331
-964.25332
-964.25332
-964.25332
-964.25332
-964.25333
-964.25333
-964.25333
-964.25333
-964.25334
-964.25334
-964.25334
-964.25334
-964.25335
-964.25335
-964.25335
-964.25335
-964.25335
-964.25336
-964.25336
-964.25336
-964.25336
-964.25336
-964.25337
-964.25337
-964.25337
-964.25337
-964.25337
-964.25338
-964.25338
-964.25338
-964.25338
-964.25338
-964.25338
-964.25339
-964.25339
-964.25339
-964.25339
-964.25339
-964.25339
-964.2534
-964.2534
-964.2534
-964.2534
-964.2534
-964.2534
-964.25341
-964.25341
-964.25341
-964.25341
-964.25341
-964.25341
-964.25341
-964.25342
-964.25342
-964.25342
-964.25342
-964.25342
-964.25342
-964.25342
-964.25342
-964.25343
-964.25343
-964.25343
-964.25343
-964.25343
-964.25343
-964.25343
-964.25343
-964.25343
-964.25344
-964.25344
-964.25344
-964.25344
-964.25344
-964.25344
-964.25344
-964.25344
-964.25344
-964.25345
-964.25345
-964.25345
-964.25345
-964.25345
-964.25345
-964.25345
-964.25345
-964.25345
-964.25345
-964.25345
-964.25346
-964.25346
-964.25346
-964.25346
-964.25346
-964.25346
-964.25346
-964.25346
-964.25346
-964.25346
-964.25346
-964.25346
-964.25347
-964.25347
-964.25347
-964.25347
-964.25347
-964.25347
-964.25347
-964.25347
-964.25347
-964.25347
-964.25347
-964.25347
-964.25347
-964.25347
-964.25348
-964.25348
-964.25348
-964.25348
-964.25348
-964.25348
-964.25348
-964.25348
-964.25348
-964.25348
-964.25348
-964.25348
-964.25348
-964.25348
-964.25348
-964.25348
-964.25348
-964.25349
-964.25349
-964.25349
-964.25349
-964.25349
-964.25349
-964.25349
-964.25349
-964.25349
-964.25349
-964.25349
-964.25349
-964.25349
-964.25349
-964.25349
-964.25349
-964.25349
-964.25349
-964.25349
-964.25349
-964.25349
-964.2535
-964.2535
-964.2535
-964.2535
-964.2535
-964.2535
-964.2535
-964.2535
-964.2535
-964.2535
-964.2535
-964.2535
-964.2535
-964.2535
-964.2535
-964.2535
-964.2535
-964.2535
-964.2535
-964.2535
-964.2535
-964.2535
-964.2535
-964.2535
-964.2535
-964.2535
-964.2535
-964.25351
-964.25351
-964.25351
-964.25351
-964.25351
-964.25351
-964.25351
-964.25351
-964.25351
-964.25351
-964.25351
-964.25351
-964.25351
-964.25351
-964.25351
-964.25351
-964.25351
-964.25351
-964.25351
-964.25351
-964.25351
-964.25351
-964.25351
-964.25351
-964.25351
-964.25351
-964.25351
-964.25351
-964.25351
-964.25351
-964.25351
-964.25351
-964.25351
-964.25351
-964.25351
-964.25351
-964.25351
-964.25351
-964.25352
-964.25352
-964.25352
-964.25352
-964.25352
-964.25352
-964.25352
-964.25352
-964.25352
-964.25352
-964.25352
-964.25352
-964.25352
-964.25352
-964.25352
-964.25352
-964.25352
-964.25352
-964.25352
-964.25352
-964.25352
-964.25352
-964.25352
-964.25352
-964.25352
-964.25352
-964.25352
-964.25352
-964.25352
-964.25352
-964.25352
-964.25352
-964.25352
-964.25352
-964.25352
-964.25352
-964.25352
-964.25352
-964.25352
-964.25352
-964.25352
-964.25352
-964.25352
-964.25352
-964.25352
-964.25352
-964.25352
-964.25352
-964.25352
-964.25352
-964.25352
-964.25352
-964.25352
-964.25352
-964.25352
-964.25352
-964.25352
-964.25352
-964.25352
-964.25352
-964.25352
-964.25352
-964.25352
-964.25353
-964.25353
-964.25353
-964.25353
-964.25353
-964.25353
-964.25353
-964.25353
-964.25353
-964.25353
-964.25353
-964.25353
-964.25353
-964.25353
-964.25353
-964.25353
-964.25353
-964.25353
-964.25353
-964.25353
-964.25353
-964.25353
-964.25353
-964.25353
-964.25353
-964.25353
-964.25353
-964.25353
-964.25353
-964.25353
-964.25353
-964.25353
-964.25353
-964.25353
-964.25353
-964.25353
-964.25353
-964.25353
-964.25353
-964.25353
-964.25353
-964.25353
-964.25353
-964.25353
-964.25353
-964.25353
-964.25353
-964.25353
-964.25353
-964.25353
-964.25353
-964.25353
-964.25353
-964.25353
-964.25353
-964.25353
-964.25353
-964.25353
-964.25353
-964.25353
-964.25353
-964.25353
-964.25353
-964.25353
-964.25353
-964.25353
-964.25353
-964.25353
-964.25353
-964.25353
-964.25353
-964.25353
-964.25353
-964.25353
-964.25353
-964.25353
-964.25353
-964.25353
-964.25353
-964.25353
-964.25353
-964.25353
-964.25353
-964.25353
-964.25353
-964.25353
-964.25353
-964.25353
-964.25353
-964.25353
-964.25353
-964.25353
-964.25353
-964.25353
-964.25353
-964.25353
-964.25353
-964.25353
-964.25353
-964.25353
-964.25353
-964.25353
-964.25353
-964.25353
-964.25353
-964.25353
-964.25353
-964.25353
-964.25353
-964.25353
-964.25353
-964.25353
-964.25353
-964.25353
-964.25353
-964.25353
-964.25353
-964.25353
-964.25353
-964.25353
-964.25353
-964.25353
-964.25353
-964.25353
-964.25353
-964.25353
-964.25353
-964.25353
-964.25353
-964.25353
-964.25353
-964.25353
-964.25353
-964.25353
-964.25353
-964.25353
-964.25353
-964.25353
-964.25353
-964.25353
-964.25353
-964.25353
-964.25353
-964.25353
-964.25353
-964.25353
-964.25353
-964.25353
-964.25353
-964.25353
-964.25353
-964.25353
-964.25353
-964.25353
-964.25353
-964.25353
-964.25353
-964.25353
-964.25353
-964.25353
-964.25353
-964.25353
-964.25353
-964.25353
-964.25353
-964.25353
-964.25353
-964.25353
-964.25353
-964.25353
-964.25353
-964.25353
-964.25353
-964.25353
-964.25353
-964.25353
-964.25353
-964.25353
-964.25353
-964.25353
-964.25353
-964.25353
-964.25353
-964.25353
-964.25353
-964.25353
-964.25353
-964.25353
-964.25353
-964.25353
-964.25353
-964.25353
-964.25353
-964.25353
-964.25353
-964.25353
-964.25353
-964.25353
-964.25353
-964.25353
-964.25354
-964.25354
-964.25354
-964.25354
-964.25354
-964.25354
-964.25354
-964.25354
-964.25354
-964.25354
-964.25354
-964.25354
-964.25354
-964.25354
-964.25354
-964.25354
-964.25354
-964.25354
-964.25354
-964.25354
-964.25354
-964.25354
-964.25354
-964.25354
-964.25354
-964.25354
-964.25354
-964.25354
-964.25354
-964.25354
-964.25354
-964.25354
-964.25354
-964.25354
-964.25354
-964.25354
-964.25354
-964.25354
-964.25354
-964.25354
-964.25354
-964.25354
-964.25354
-964.25354
-964.25354
-964.25354
-964.25354
-964.25354
-964.25354
-964.25354
-964.25354
-964.25354
-964.25354
-964.25354
-964.25354
-964.25354
-964.25354
-964.25354
-964.25354
-964.25354
-964.25354
-964.25354
-964.25354
-964.25354
-964.25354
-964.25354
-964.25354
-964.25354
-964.25354
-964.25354
-964.25354
-964.25354
-964.25354
-964.25354
-964.25354
-964.25354
-964.25354
-964.25354
-964.25354
-964.25354
-964.25354
-964.25354
-964.25354
-964.25354
-964.25354
-964.25354
-964.25354
-964.25354
-964.25354
-964.25354
-964.25354
-964.25354
-964.25354
-964.25354
-964.25354
-964.25354
-964.25354
-964.25354
-964.25354
-964.25354
-964.25354
-964.25354
-964.25354
-964.25354
-964.25354
-964.25354
-964.25354
-964.25354
-964.25354
-964.25354
-964.25354
-964.25354
-964.25354
-964.25354
-964.25354
-964.25354
-964.25354
-964.25354
-964.25354
-964.25354
-964.25354
-964.25354
-964.25354
-964.25354
-964.25354
-964.25354
-964.25354
-964.25354
-964.25354
-964.25354
-964.25354
-964.25354
-964.25354
-964.25354
-964.25354
-964.25354
-964.25354
-964.25354
-964.25354
-964.25354
-964.25354
-964.25354
-964.25354
-964.25354
-964.25354
-964.25354
-964.25354
-964.25354
-964.25354
-964.25354
-964.25354
-964.25354
-964.25354
-964.25354
-964.25354
-964.25354
-964.25354
-964.25354
-964.25354
-964.25354
-964.25354
-964.25354
-964.25354
-964.25354
-964.25354
-964.25354
-964.25354
-964.25354
-964.25354
-964.25354
-964.25354
-964.25354
-964.25354
-964.25354
-964.25354
-964.25354
-964.25354
-964.25354
-964.25354
-964.25354
-964.25354
-964.25354
-964.25354
-964.25354
-964.25354
-964.25354
-964.25354
-964.25354
-964.25354
-964.25354
-964.25354
-964.25354
-964.25354
-964.25354
-964.25354
-964.25354
-964.25354
-964.25354
-964.25354
-964.25354
-964.25354
-964.25354
-964.25354
-964.25354
-964.25354
-964.25354
-964.25354
-964.25354
-964.25354
-964.25354
-964.25354
-964.25354
-964.25354
-964.25354
-964.25354
-964.25354
-964.25354
-964.25354
-964.25354
-964.25354
-964.25354
-964.25354
-964.25354
-964.25354
-964.25354
-964.25354
-964.25354
-964.25354
-964.25354
-964.25354
-964.25354
-964.25354
-964.25354
-964.25354
-964.25354
-964.25354
-964.25354
-964.25354
-964.25354
-964.25354
-964.25354
-964.25354
-964.25354
-964.25354
-964.25354
-964.25354
-964.25354
-964.25354
-964.25354
-964.25354
-964.25354
-964.25354
-964.25354
-964.25354
-964.25354
-964.25354
-964.25354
-964.25354
-964.25354
-964.25354
-964.25354
-964.25354
-964.25354
-964.25354
-964.25354
-964.25354
-964.25354
-964.25354
-964.25354
-964.25354
-964.25354
-964.25354
-964.25354
-964.25354
-964.25354
-964.25354
-964.25354
-964.25354
-964.25354
-964.25354
-964.25354
-964.25354
-964.25354
-964.25354
-964.25354
-964.25354
-964.25354
-964.25354
-964.25354
-964.25354
-964.25354
-964.25354
-964.25354
-964.25354
-964.25354
-964.25354
-964.25354
-964.25354
-964.25354
-964.25354
-964.25354
-964.25354
-964.25354
-964.25354
-964.25354
-964.25354
-964.25354
-964.25354
-964.25354
-964.25354
-964.25354
-964.25354
-964.25354
-964.25354
-964.25354
-964.25354
-964.25354
-964.25354
-964.25354
-964.25354
-964.25354
-964.25354
-964.25354
-964.25354
-964.25354
-964.25354
-964.25354
-964.25354
-964.25354
-964.25354
-964.25354
-964.25354
-964.25354
-964.25354
-964.25354
-964.25354
-964.25354
-964.25354
-964.25354
-964.25354
-964.25354
-964.25354
-964.25354
-964.25354
-964.25354
-964.25354
-964.25354
-964.25354
-964.25354
-964.25354
-964.25354
-964.25354
-964.25354
-964.25354
-964.25354
-964.25354
-964.25354
-964.25354
-964.25354
-964.25354
-964.25354
-964.25354
-964.25354
-964.25354
-964.25354
-964.25354
-964.25354
-964.25354
-964.25354
-964.25354
-964.25354
-964.25354
-964.25354
-964.25354
-964.25354
-964.25354
-964.25354
-964.25354
-964.25354
-964.25354
-964.25354
-964.25354
-964.25354
-964.25354
-964.25354
-964.25354
-964.25354
-964.25354
-964.25354
-964.25354
-964.25354
-964.25354
-964.25354
-964.25354
-964.25354
-964.25354
-964.25354
-964.25354
-964.25354
-964.25354
-964.25354
-964.25354
-964.25354
-964.25354
-964.25354
-964.25354
-964.25354
-964.25354
-964.25354
-964.25354
-964.25354
-964.25354
-964.25354
-964.25354
-964.25354
-964.25354
-964.25354
-964.25354
-964.25354
-964.25354
-964.25354
-964.25354
-964.25354
-964.25354
-964.25354
-964.25354
-964.25354
-964.25354
-964.25354
-964.25354
-964.25354
-964.25354
-964.25354
-964.25354
-964.25354
-964.25354
-964.25354
-964.25354
-964.25354
-964.25354
-964.25354
-964.25354
-964.25354
-964.25354
-964.25354
-964.25354
-964.25354
-964.25354
-964.25354
-964.25354
-964.25354
-964.25354
-964.25354
-964.25354
-964.25354
-964.25354
-964.25354
-964.25354
-964.25354
-964.25354
-964.25354
-964.25354
-964.25354
-964.25354
-964.25354
-964.25354
-964.25354
-964.25354
-964.25354
-964.25354
-964.25354
-964.25354
-964.25354
-964.25354
-964.25354
-964.25354
-964.25354
-964.25354
-964.25354
-964.25354
-964.25354
-964.25354
-964.25354
-964.25354
-964.25354
-964.25354
-964.25354
-964.25354
-964.25354
-964.25354
-964.25354
-964.25354
-964.25354
-964.25354
-964.25354
-964.25354
-964.25354
-964.25354
-964.25354
-964.25354
-964.25354
-964.25354
-964.25354
-964.25354
-964.25354
-964.25354
-964.25354
-964.25354
-964.25354
-964.25354
-964.25354
-964.25354
-964.25354
-964.25354
-964.25354
-964.25354
-964.25354
-964.25354
-964.25354
-964.25354
-964.25354
-964.25354
-964.25354
-964.25354
-964.25354
-964.25354
-964.25354
-964.25354
-964.25354
-964.25354
-964.25354
-964.25354
-964.25354
-964.25354
-964.25354
-964.25354
-964.25354
-964.25354
-964.25354
-964.25354
-964.25354
-964.25354
-964.25354
-964.25354
-964.25354
-964.25354
-964.25354
-964.25354
-964.25354
-964.25354
-964.25354
-964.25354
-964.25354
-964.25354
-964.25354
-964.25354
-964.25354
-964.25354
-964.25354
-964.25354
-964.25354
-964.25354
-964.25354
-964.25354
-964.25354
-964.25354
-964.25354
-964.25354
-964.25354
-964.25354
-964.25354
-964.25354
-964.25354
-964.25354
-964.25354
-964.25354
-964.25354
-964.25354
-964.25354
-964.25354
-964.25354
-964.25354
-964.25354
-964.25354
-964.25354
-964.25354
-964.25354
-964.25354
-964.25354
-964.25354
-964.25354
-964.25354
-964.25354
-964.25354
-964.25354
-964.25354
-964.25354
-964.25354
-964.25354
-964.25354
-964.25354
-964.25354
-964.25354
-964.25354
-964.25354
-964.25354
-964.25354
-964.25354
-964.25354
-964.25354
-964.25354
-964.25354
-964.25354
-964.25354
-964.25354
-964.25354
-964.25354
-964.25354
-964.25354
-964.25354
-964.25354
-964.25354
-964.25354
-964.25354
-964.25354
-964.25354
-964.25354
-964.25354
-964.25354
-964.25354
-964.25354
-964.25354
-964.25354
-964.25354
-964.25354
-964.25354
-964.25354
-964.25354
-964.25354
-964.25354
-964.25354
-964.25354
-964.25354
-964.25354
-964.25354
-964.25354
-964.25354
-964.25354
-964.25354
-964.25354
-964.25354
-964.25354
-964.25354
-964.25354
-964.25354
-964.25354
-964.25354
-964.25354
-964.25354
-964.25354
-964.25354
-964.25354
-964.25354
-964.25354
-964.25354
-964.25354
-964.25354
-964.25354
-964.25354
-964.25354
-964.25354
-964.25354
-964.25354
-964.25354
-964.25354
-964.25354
-964.25354
-964.25354
-964.25354
-964.25354
-964.25354
-964.25354
-964.25354
-964.25354
-964.25354
-964.25354
-964.25354
-964.25354
-964.25354
-964.25354
-964.25354
-964.25354
-964.25354
-964.25354
-964.25354
-964.25354
-964.25354
-964.25354
-964.25354
-964.25354
-964.25354
-964.25354
-964.25354
-964.25354
-964.25354
-964.25354
-964.25354
-964.25354
-964.25354
-964.25354
-964.25354
-964.25354
-964.25354
-964.25354
-964.25354
-964.25354
-964.25354
-964.25354
-964.25354
-964.25354
-964.25354
-964.25354
-964.25354
-964.25354
-964.25354
-964.25354
-964.25354
-964.25354
-964.25354
-964.25354
-964.25354
-964.25354
-964.25354
-964.25354
-964.25354
-964.25354
-964.25354
-964.25354
-964.25354
-964.25354
-964.25354
-964.25354
-964.25354
-964.25354
-964.25354
-964.25354
-964.25354
-964.25354
-964.25354
-964.25354
-964.25354
-964.25354
-964.25354
-964.25354
-964.25354
-964.25354
-964.25354
-964.25354
-964.25354
-964.25354
-964.25354
-964.25354
-964.25354
-964.25354
-964.25354
-964.25354
-964.25354
-964.25354
-964.25354
-964.25354
-964.25354
-964.25354
-964.25354
-964.25354
-964.25354
-964.25354
-964.25354
-964.25354
-964.25354
-964.25354
-964.25354
-964.25354
-964.25354
-964.25354
-964.25354
-964.25354
-964.25354
-964.25354
-964.25354
-964.25354
-964.25354
-964.25354
-964.25354
-964.25354
-964.25354
-964.25354
-964.25354
-964.25354
-964.25354
-964.25354
-964.25354
-964.25354
-964.25354
-964.25354
-964.25354
-964.25354
-964.25354
-964.25354
-964.25354
-964.25354
-964.25354
-964.25354
-964.25354
-964.25354
-964.25354
-964.25354
-964.25354
-964.25354
-964.25354
-964.25354
-964.25354
-964.25354
-964.25354
-964.25354
-964.25354
-964.25354
-964.25354
-964.25354
-964.25354
-964.25354
-964.25354
-964.25354
-964.25354
-964.25354
-964.25354
-964.25354
-964.25354
-964.25354
-964.25354
-964.25354
-964.25354
-964.25354
-964.25354
-964.25354
-964.25354
-964.25354
-964.25354
-964.25354
-964.25354
-964.25354
-964.25354
-964.25354
-964.25354
-964.25354
-964.25354
-964.25354
-964.25354
-964.25354
-964.25354
-964.25354
-964.25354
-964.25354
-964.25354
-964.25354
-964.25354
-964.25354
-964.25354
-964.25354
-964.25354
-964.25354
-964.25354
-964.25354
-964.25354
-964.25354
-964.25354
-964.25354
-964.25354
-964.25354
-964.25354
-964.25354
-964.25354
-964.25354
-964.25354
-964.25354
-964.25354
-964.25354
-964.25354
-964.25354
-964.25354
-964.25354
-964.25354
-964.25354
-964.25354
-964.25354
-964.25354
-964.25354
-964.25354
-964.25354
-964.25354
-964.25354
-964.25354
-964.25354
-964.25354
-964.25354
-964.25354
-964.25354
-964.25354
-964.25354
-964.25354
-964.25354
-964.25354
-964.25354
-964.25354
-964.25354
-964.25354
-964.25354
-964.25354
-964.25354
-964.25354
-964.25354
-964.25354
-964.25354
-964.25354
-964.25354
-964.25354
-964.25354
-964.25354
-964.25354
-964.25354
-964.25354
-964.25354
-964.25354
-964.25354
-964.25354
-964.25354
-964.25354
-964.25354
-964.25354
-964.25354
-964.25354
-964.25354
-964.25354
-964.25354
-964.25354
-964.25354
-964.25354
-964.25354
-964.25354
-964.25354
-964.25354
-964.25354
-964.25354
-964.25354
-964.25354
-964.25354
-964.25354
-964.25354
-964.25354
-964.25354
-964.25354
-964.25354
-964.25354
-964.25354
-964.25354
-964.25354
-964.25354
-964.25354
-964.25354
-964.25354
-964.25354
-964.25354
-964.25354
-964.25354
-964.25354
-964.25354
-964.25354
-964.25354
-964.25354
-964.25354
-964.25354
-964.25354
-964.25354
-964.25354
-964.25354
-964.25354
-964.25354
-964.25354
-964.25354
-964.25354
-964.25354
-964.25354
-964.25354
-964.25354
-964.25354
-964.25354
-964.25354
-964.25354
-964.25354
-964.25354
-964.25354
-964.25354
-964.25354
-964.25354
-964.25354
-964.25354
-964.25354
-964.25354
-964.25354
-964.25354
-964.25354
-964.25354
-964.25354
-964.25354
-964.25354
-964.25354
-964.25354
-964.25354
-964.25354
-964.25354
-964.25354
-964.25354
-964.25354
-964.25354
-964.25354
-964.25354
-964.25354
-964.25354
-964.25354
-964.25354
-964.25354
-964.25354
-964.25354
-964.25354
-964.25354
-964.25354
-964.25354
-964.25354
-964.25354
-964.25354
-964.25354
-964.25354
-964.25354
-964.25354
-964.25354
-964.25354
-964.25354
-964.25354
-964.25354
-964.25354
-964.25354
-964.25354
-964.25354
-964.25354
-964.25354
-964.25354
-964.25354
-964.25354
-964.25354
-964.25354
-964.25354
-964.25354
-964.25354
-964.25354
-964.25354
-964.25354
-964.25354
-964.25354
-964.25354
-964.25354
-964.25354
-964.25354
-964.25354
-964.25354
-964.25354
-964.25354
-964.25354
-964.25354
-964.25354
-964.25354
-964.25354
-964.25354
-964.25354
-964.25354
-964.25354
-964.25354
-964.25354
-964.25354
-964.25354
-964.25354
-964.25354
-964.25354
-964.25354
-964.25354
-964.25354
-964.25354
-964.25354
-964.25354
-964.25354
-964.25354
-964.25354
-964.25354
-964.25354
-964.25354
-964.25354
-964.25354
-964.25354
-964.25354
-964.25354
-964.25354
-964.25354
-964.25354
-964.25354
-964.25354
-964.25354
-964.25354
-964.25354
-964.25354
-964.25354
-964.25354
-964.25354
-964.25354
-964.25354
-964.25354
-964.25354
-964.25354
-964.25354
-964.25354
-964.25354
-964.25354
-964.25354
-964.25354
-964.25354
-964.25354
-964.25354
-964.25354
-964.25354
-964.25354
-964.25354
-964.25354
-964.25354
-964.25354
-964.25354
-964.25354
-964.25354
-964.25354
-964.25354
-964.25354
-964.25354
-964.25354
-964.25354
-964.25354
-964.25354
-964.25354
-964.25354
-964.25354
-964.25354
-964.25354
-964.25354
-964.25354
-964.25354
-964.25354
-964.25354
-964.25354
-964.25354
-964.25354
-964.25354
-964.25354
-964.25354
-964.25354
-964.25354
-964.25354
-964.25354
-964.25354
-964.25354
-964.25354
-964.25354
-964.25354
-964.25354
-964.25354
-964.25354
-964.25354
-964.25354
-964.25354
-964.25354
-964.25354
-964.25354
-964.25354
-964.25354
-964.25354
-964.25354
-964.25354
-964.25354
-964.25354
-964.25354
-964.25354
-964.25354
-964.25354
-964.25354
-964.25354
-964.25354
-964.25354
-964.25354
-964.25354
-964.25354
-964.25354
-964.25354
-964.25354
-964.25354
-964.25354
-964.25354
-964.25354
-964.25354
-964.25354
-964.25354
-964.25354
-964.25354
-964.25354
-964.25354
-964.25354
-964.25354
-964.25354
-964.25354
-964.25354
-964.25354
-964.25354
-964.25354
-964.25354
-964.25354
-964.25354
-964.25354
-964.25354
-964.25354
-964.25354
-964.25354
-964.25354
-964.25354
-964.25354
-964.25354
-964.25354
-964.25354
-964.25354
-964.25354
-964.25354
-964.25354
-964.25354
-964.25354
-964.25354
-964.25354
-964.25354
-964.25354
-964.25354
-964.25354
-964.25354
-964.25354
-964.25354
-964.25354
-964.25354
-964.25354
-964.25354
-964.25354
-964.25354
-964.25354
-964.25354
-964.25354
-964.25354
-964.25354
-964.25354
-964.25354
-964.25354
-964.25354
-964.25354
-964.25354
-964.25354
