5.02646218e-01
3.74114999e-01
3.05139878e-01
2.92813627e-01
2.93002806e-01
2.84139060e-01
2.68083448e-01
2.50599578e-01
2.36509532e-01
2.26701663e-01
2.19438378e-01
2.12843719e-01
2.06220710e-01
1.99757462e-01
1.93818533e-01
1.88535331e-01
1.83818372e-01
1.79479626e-01
1.75372097e-01
1.71394780e-01
1.67613719e-01
1.64073253e-01
1.60762125e-01
1.57649216e-01
1.54665628e-01
1.51793507e-01
1.49022222e-01
1.46336884e-01
1.43713366e-01
1.41178486e-01
1.38735145e-01
1.36381659e-01
1.34124165e-01
1.31952529e-01
1.29879648e-01
1.27882140e-01
1.25882331e-01
1.23862230e-01
1.21909585e-01
1.20069858e-01
1.18337632e-01
1.16659641e-01
1.14990938e-01
1.13341197e-01
1.11726055e-01
1.10152782e-01
1.08608396e-01
1.07060565e-01
1.05545051e-01
1.04095730e-01
1.02694392e-01
1.01310547e-01
9.99441692e-02
9.85979848e-02
9.72828949e-02
9.59883639e-02
9.46904718e-02
9.34289089e-02
9.22348315e-02
9.10884959e-02
8.99512337e-02
8.88247361e-02
8.77288883e-02
8.66689173e-02
8.56365683e-02
8.46246640e-02
8.36348543e-02
8.26623391e-02
8.17110939e-02
8.07575579e-02
7.98097457e-02
7.88888947e-02
7.79985326e-02
7.71314485e-02
7.62811675e-02
7.54429935e-02
7.46076395e-02
7.37453125e-02
7.28822476e-02
7.20496488e-02
7.12401445e-02
7.04356734e-02
6.96559081e-02
6.89022668e-02
6.81608595e-02
6.74155927e-02
6.66772020e-02
6.59585781e-02
6.52631976e-02
6.45851244e-02
6.39157472e-02
6.32544396e-02
6.26037978e-02
6.19655024e-02
6.13417116e-02
6.07281082e-02
6.01160371e-02
5.95051422e-02
5.89083768e-02
5.83225451e-02
5.77506683e-02
5.71934096e-02
5.66439908e-02
5.61064068e-02
5.55781525e-02
5.50572146e-02
5.45432590e-02
5.40376738e-02
5.35402288e-02
5.30509247e-02
5.25659870e-02
5.20820473e-02
5.16061029e-02
5.11328076e-02
5.06518335e-02
5.01274910e-02
4.96112960e-02
4.91406707e-02
4.87128802e-02
4.82967848e-02
4.78735502e-02
4.74501939e-02
4.70275373e-02
4.66085049e-02
4.61901051e-02
4.57374480e-02
4.52583514e-02
4.48147749e-02
4.44231437e-02
4.40596296e-02
4.36913183e-02
4.33152427e-02
4.29413775e-02
4.25798639e-02
4.22259075e-02
4.18803336e-02
4.15367299e-02
4.11907834e-02
4.08453365e-02
4.04970379e-02
4.01535197e-02
3.98217815e-02
3.94880786e-02
3.91135327e-02
3.87444832e-02
3.84104581e-02
3.81070029e-02
3.78199203e-02
3.75330727e-02
3.72372092e-02
3.69308817e-02
3.66275490e-02
3.63364763e-02
3.60581708e-02
3.57875103e-02
3.55104503e-02
3.52233841e-02
3.49315129e-02
3.46479572e-02
3.43765393e-02
3.41166626e-02
3.38482985e-02
3.35557087e-02
3.32576684e-02
3.29763736e-02
3.27137312e-02
3.24661258e-02
3.22095798e-02
3.19462760e-02
3.16797046e-02
3.14009809e-02
3.11236472e-02
3.08601503e-02
3.06130778e-02
3.03769435e-02
3.01439337e-02
2.99083709e-02
2.96635380e-02
2.94229122e-02
2.91972837e-02
2.89854548e-02
2.87595077e-02
2.85205506e-02
2.82930552e-02
2.80876473e-02
2.78985636e-02
2.77105607e-02
2.75182303e-02
2.73235711e-02
2.71309494e-02
2.69429436e-02
2.67588221e-02
2.65769388e-02
2.63956861e-02
2.62122658e-02
2.59952643e-02
2.57391852e-02
2.54945460e-02
2.52847104e-02
2.51059962e-02
2.49408292e-02
2.47749072e-02
2.46041866e-02
2.44285312e-02
2.42539915e-02
2.40844906e-02
2.39177583e-02
2.37517378e-02
2.35877864e-02
2.34272166e-02
2.32684152e-02
2.31026626e-02
2.29296001e-02
2.27377967e-02
2.25404036e-02
2.23565836e-02
2.21727920e-02
2.19919934e-02
2.18216618e-02
2.16646449e-02
2.15172148e-02
2.13737775e-02
2.12252591e-02
2.10762578e-02
2.09278155e-02
2.07770741e-02
2.06298742e-02
2.04879954e-02
2.03519107e-02
2.02199804e-02
2.00904661e-02
1.99605841e-02
1.98002295e-02
1.96332272e-02
1.94819350e-02
1.93507529e-02
1.92310623e-02
1.91119834e-02
1.89911885e-02
1.88697586e-02
1.87446956e-02
1.86123967e-02
1.84834402e-02
1.83631122e-02
1.82504428e-02
1.81412175e-02
1.80318922e-02
1.79209986e-02
1.78094666e-02
1.76992039e-02
1.75910820e-02
1.74848228e-02
1.73784067e-02
1.72508098e-02
1.71212471e-02
1.70035014e-02
1.69000307e-02
1.67881803e-02
1.66712876e-02
1.65579295e-02
1.64531061e-02
1.63560386e-02
1.62623039e-02
1.61665034e-02
1.60668050e-02
1.59657300e-02
1.58666912e-02
1.57710973e-02
1.56791640e-02
1.55889351e-02
1.54991566e-02
1.54094832e-02
1.53148212e-02
1.52188813e-02
1.51266322e-02
1.50390579e-02
1.49545462e-02
1.48707199e-02
1.47863773e-02
1.47017747e-02
1.46178374e-02
1.45352017e-02
1.44538490e-02
1.43733762e-02
1.42934306e-02
1.42139267e-02
1.41349809e-02
1.40567287e-02
1.39780534e-02
1.38984857e-02
1.38199389e-02
1.37432813e-02
1.36677637e-02
1.35907088e-02
1.35138894e-02
1.34386669e-02
1.33651778e-02
1.32929400e-02
1.32212916e-02
1.31498836e-02
1.30787270e-02
1.30080070e-02
1.29378248e-02
1.28679396e-02
1.27972987e-02
1.27267639e-02
1.26574187e-02
1.25896302e-02
1.25227767e-02
1.24556608e-02
1.23882074e-02
1.23213621e-02
1.22505280e-02
1.21780392e-02
1.21079729e-02
1.20422604e-02
1.19799129e-02
1.19177280e-02
1.18547757e-02
1.17913060e-02
1.17281215e-02
1.16658942e-02
1.16048333e-02
1.15447400e-02
1.14852570e-02
1.14246611e-02
1.13608714e-02
1.12975373e-02
1.12357750e-02
1.11763768e-02
1.11187644e-02
1.10593733e-02
1.09984655e-02
1.09389135e-02
1.08818269e-02
1.08264652e-02
1.07715827e-02
1.07165348e-02
1.06614632e-02
1.06068045e-02
1.05528304e-02
1.04995292e-02
1.04467382e-02
1.03943080e-02
1.03421696e-02
1.02903162e-02
1.02387671e-02
1.01875473e-02
1.01366810e-02
1.00861842e-02
1.00360569e-02
9.98628237e-03
9.93683704e-03
9.88770383e-03
9.83887906e-03
9.79036932e-03
9.74218205e-03
9.69308320e-03
9.64267781e-03
9.59302498e-03
9.54511567e-03
9.49863634e-03
9.45272146e-03
9.40675832e-03
9.36067081e-03
9.31471696e-03
9.26915473e-03
9.22406268e-03
9.17937005e-03
9.13497563e-03
9.09083152e-03
9.04694855e-03
9.00335534e-03
8.96006232e-03
8.91705492e-03
8.87430903e-03
8.83180860e-03
8.78955241e-03
8.74754951e-03
8.70581042e-03
8.66434059e-03
8.62247856e-03
8.57926384e-03
8.53626753e-03
8.49454496e-03
8.45268098e-03
8.40832482e-03
8.36417075e-03
8.32223001e-03
8.28268771e-03
8.24437523e-03
8.20607964e-03
8.16409645e-03
8.11358579e-03
8.06149222e-03
8.01582067e-03
7.97755558e-03
7.94272735e-03
7.90083125e-03
7.85226259e-03
7.80520612e-03
7.76395010e-03
7.72763055e-03
7.69303849e-03
7.65675778e-03
7.61809187e-03
7.57894854e-03
7.54096247e-03
7.50463202e-03
7.46953106e-03
7.43496018e-03
7.40042469e-03
7.36577365e-03
7.33110319e-03
7.29659580e-03
7.26239925e-03
7.22857204e-03
7.19508557e-03
7.16186195e-03
7.12882281e-03
7.09582455e-03
7.06293520e-03
7.03021562e-03
6.99614212e-03
6.96219561e-03
6.92939829e-03
6.89778908e-03
6.86678255e-03
6.83580048e-03
6.80458773e-03
6.77327069e-03
6.74214716e-03
6.71138512e-03
6.68097287e-03
6.65080718e-03
6.62060107e-03
6.59009503e-03
6.55973145e-03
6.52982404e-03
6.50040551e-03
6.47121293e-03
6.44212945e-03
6.41314150e-03
6.38424221e-03
6.35536969e-03
6.32668319e-03
6.29826119e-03
6.27008494e-03
6.24209644e-03
6.21425574e-03
6.18655729e-03
6.15901394e-03
6.13163637e-03
6.10442501e-03
6.07737335e-03
6.05047390e-03
6.02372082e-03
5.99710971e-03
5.97063718e-03
5.94430142e-03
5.91799951e-03
5.89176626e-03
5.86543329e-03
5.83865804e-03
5.81217280e-03
5.78633248e-03
5.76102598e-03
5.73515516e-03
5.70881430e-03
5.68278587e-03
5.65741153e-03
5.63257827e-03
5.60803014e-03
5.58361615e-03
5.55932129e-03
5.53517160e-03
5.51109702e-03
5.48709631e-03
5.46321463e-03
5.43950112e-03
5.41597718e-03
5.39262974e-03
5.36942654e-03
5.34633731e-03
5.32320589e-03
5.30015176e-03
5.27727555e-03
5.25338861e-03
5.22933012e-03
5.20599346e-03
5.18352445e-03
5.16154687e-03
5.13960781e-03
5.11736644e-03
5.09505639e-03
5.07260216e-03
5.04916192e-03
5.02603475e-03
5.00396823e-03
4.98284751e-03
4.96208975e-03
4.94120263e-03
4.92006591e-03
4.89885669e-03
4.87781039e-03
4.85704192e-03
4.83652043e-03
4.81615025e-03
4.79585926e-03
4.77563286e-03
4.75549467e-03
4.73547040e-03
4.71556749e-03
4.69577728e-03
4.67608797e-03
4.65649410e-03
4.63699720e-03
4.61760095e-03
4.59830687e-03
4.57911370e-03
4.56001892e-03
4.54102081e-03
4.52211890e-03
4.50331308e-03
4.48460265e-03
4.46597833e-03
4.44742469e-03
4.42896546e-03
4.41061396e-03
4.39236788e-03
4.37421711e-03
4.35615357e-03
4.33817550e-03
4.32028539e-03
4.30248592e-03
4.28477743e-03
4.26715812e-03
4.24962571e-03
4.23217869e-03
4.21481662e-03
4.19753957e-03
4.18034752e-03
4.16324007e-03
4.14621656e-03
4.12927630e-03
4.11241870e-03
4.09564329e-03
4.07894961e-03
4.06233719e-03
4.04580551e-03
4.02935404e-03
4.01298232e-03
3.99668988e-03
3.98047631e-03
3.96434114e-03
3.94828394e-03
3.93210600e-03
3.91509611e-03
3.89818308e-03
3.88190562e-03
3.86620311e-03
3.85073959e-03
3.83527031e-03
3.81975746e-03
3.80427382e-03
3.78887748e-03
3.77357204e-03
3.75833967e-03
3.74317894e-03
3.72810783e-03
3.71314216e-03
3.69827882e-03
3.68349851e-03
3.66877048e-03
3.65386688e-03
3.63895599e-03
3.62419349e-03
3.60964079e-03
3.59526522e-03
3.58099133e-03
3.56675620e-03
3.55253744e-03
3.53834955e-03
3.52422271e-03
3.51018170e-03
3.49623527e-03
3.48237729e-03
3.46859435e-03
3.45487406e-03
3.44120984e-03
3.42760146e-03
3.41405264e-03
3.40056773e-03
3.38714931e-03
3.37379739e-03
3.36051009e-03
3.34728496e-03
3.33412021e-03
3.32101523e-03
3.30797040e-03
3.29498645e-03
3.28206383e-03
3.26920241e-03
3.25640147e-03
3.24366007e-03
3.23097733e-03
3.21835267e-03
3.20578580e-03
3.19327662e-03
3.18082502e-03
3.16843080e-03
3.15609363e-03
3.14371259e-03
3.13025831e-03
3.11679858e-03
3.10405810e-03
3.09204573e-03
3.08033758e-03
3.06854385e-03
3.05655470e-03
3.04448841e-03
3.03250151e-03
3.02065715e-03
3.00894901e-03
2.99732833e-03
2.98575684e-03
2.97409113e-03
2.96235101e-03
2.95068088e-03
2.93915185e-03
2.92776089e-03
2.91647597e-03
2.90527074e-03
2.89413000e-03
2.87880875e-03
2.86029213e-03
2.84363268e-03
2.83055562e-03
2.81978387e-03
2.80940680e-03
2.79854305e-03
2.78737882e-03
2.77636533e-03
2.76563373e-03
2.75499560e-03
2.74424081e-03
2.73333422e-03
2.72238498e-03
2.71151447e-03
2.70060304e-03
2.68981494e-03
2.67924981e-03
2.66890777e-03
2.65875362e-03
2.64872352e-03
2.63874786e-03
2.62876740e-03
2.61874664e-03
2.60868247e-03
2.59860272e-03
2.58855295e-03
2.57857762e-03
2.56870433e-03
2.55893776e-03
2.54926344e-03
2.53965711e-03
2.53009456e-03
2.52055828e-03
2.51104005e-03
2.50154021e-03
2.49206518e-03
2.48262433e-03
2.47322716e-03
2.46388121e-03
2.45459091e-03
2.44535715e-03
2.43617766e-03
2.42704783e-03
2.41796193e-03
2.40891449e-03
2.39990142e-03
2.39092080e-03
2.38197302e-03
2.37306025e-03
2.36418556e-03
2.35535182e-03
2.34656087e-03
2.33781311e-03
2.32910754e-03
2.32044230e-03
2.31181521e-03
2.30322441e-03
2.29459192e-03
2.28596763e-03
2.27740030e-03
2.26890809e-03
2.26048267e-03
2.25210635e-03
2.24376581e-03
2.23545629e-03
2.22717883e-03
2.21893612e-03
2.21073004e-03
2.20256125e-03
2.19442969e-03
2.18633494e-03
2.17827271e-03
2.17024277e-03
2.16224736e-03
2.15428774e-03
2.14636391e-03
2.13847518e-03
2.13062065e-03
2.12279952e-03
2.11501119e-03
2.10725537e-03
2.09953212e-03
2.09184177e-03
2.08381773e-03
2.07574170e-03
2.06788474e-03
2.06029101e-03
2.05248052e-03
2.04447928e-03
2.03653987e-03
2.02883698e-03
2.02138607e-03
2.01408072e-03
2.00678974e-03
1.99943813e-03
1.99203061e-03
1.98462314e-03
1.97727559e-03
1.97001783e-03
1.96284382e-03
1.95572459e-03
1.94863037e-03
1.94154558e-03
1.93447128e-03
1.92741852e-03
1.92039905e-03
1.91341894e-03
1.90647729e-03
1.89956891e-03
1.89268832e-03
1.88583261e-03
1.87900210e-03
1.87219924e-03
1.86542671e-03
1.85868597e-03
1.85197685e-03
1.84529793e-03
1.83864749e-03
1.83202422e-03
1.82542763e-03
1.81885784e-03
1.81231527e-03
1.80580021e-03
1.79931269e-03
1.79285244e-03
1.78641911e-03
1.78001245e-03
1.77363234e-03
1.76727879e-03
1.76095186e-03
1.75465154e-03
1.74837771e-03
1.74213017e-03
1.73590865e-03
1.72971293e-03
1.72354282e-03
1.71739816e-03
1.71127884e-03
1.70518475e-03
1.69911578e-03
1.69307180e-03
1.68705270e-03
1.68105838e-03
1.67508886e-03
1.66914405e-03
1.66322385e-03
1.65732817e-03
1.65145689e-03
1.64560988e-03
1.63978702e-03
1.63398818e-03
1.62821323e-03
1.62246203e-03
1.61673448e-03
1.61103045e-03
1.60534983e-03
1.59969250e-03
1.59405836e-03
1.58844730e-03
1.58285921e-03
1.57729398e-03
1.57175152e-03
1.56623170e-03
1.56073444e-03
1.55525961e-03
1.54980711e-03
1.54437683e-03
1.53896867e-03
1.53358252e-03
1.52821828e-03
1.52287583e-03
1.51755509e-03
1.51225594e-03
1.50697829e-03
1.50172203e-03
1.49648707e-03
1.49127330e-03
1.48608064e-03
1.48090896e-03
1.47575819e-03
1.47062821e-03
1.46551894e-03
1.46043027e-03
1.45536210e-03
1.45031434e-03
1.44528690e-03
1.44027967e-03
1.43529257e-03
1.43032550e-03
1.42537837e-03
1.42045108e-03
1.41554355e-03
1.41065568e-03
1.40578738e-03
1.40093856e-03
1.39610913e-03
1.39129900e-03
1.38650808e-03
1.38173629e-03
1.37698352e-03
1.37224970e-03
1.36753474e-03
1.36283855e-03
1.35816104e-03
1.35350213e-03
1.34886173e-03
1.34423975e-03
1.33963612e-03
1.33505074e-03
1.33048354e-03
1.32593443e-03
1.32140333e-03
1.31689015e-03
1.31239481e-03
1.30791724e-03
1.30345735e-03
1.29901505e-03
1.29459028e-03
1.29018294e-03
1.28579297e-03
1.28142027e-03
1.27706478e-03
1.27272641e-03
1.26840508e-03
1.26410073e-03
1.25981326e-03
1.25554261e-03
1.25128870e-03
1.24705145e-03
1.24283078e-03
1.23862663e-03
1.23443892e-03
1.23026757e-03
1.22611251e-03
1.22197366e-03
1.21785096e-03
1.21374432e-03
1.20953505e-03
1.20527662e-03
1.20108120e-03
1.19699250e-03
1.19298497e-03
1.18900676e-03
1.18502138e-03
1.18102265e-03
1.17702508e-03
1.17304630e-03
1.16909543e-03
1.16517164e-03
1.16126886e-03
1.15738115e-03
1.15350557e-03
1.14964211e-03
1.14579236e-03
1.14195801e-03
1.13813996e-03
1.13433814e-03
1.13055177e-03
1.12677994e-03
1.12302203e-03
1.11927795e-03
1.11554805e-03
1.11183281e-03
1.10813249e-03
1.10444701e-03
1.10077604e-03
1.09711916e-03
1.09347607e-03
1.08984668e-03
1.08623103e-03
1.08262923e-03
1.07904131e-03
1.07546723e-03
1.07190686e-03
1.06836009e-03
1.06482682e-03
1.06130700e-03
1.05780059e-03
1.05430756e-03
1.05082787e-03
1.04736145e-03
1.04390822e-03
1.04046811e-03
1.03704104e-03
1.03362696e-03
1.03022584e-03
1.02683761e-03
1.02346223e-03
1.02009964e-03
1.01674977e-03
1.01341257e-03
1.01008797e-03
1.00677592e-03
1.00347636e-03
1.00018926e-03
9.96914541e-04
9.93652163e-04
9.90402068e-04
9.87164203e-04
9.83938514e-04
9.80724947e-04
9.77523448e-04
9.74333964e-04
9.71156443e-04
9.67990834e-04
9.64837084e-04
9.61695143e-04
9.58564961e-04
9.55446488e-04
9.52339672e-04
9.49244463e-04
9.46160810e-04
9.43088663e-04
9.40027972e-04
9.36978686e-04
9.33940756e-04
9.30914134e-04
9.27898770e-04
9.24894617e-04
9.21901625e-04
9.18919748e-04
9.15948937e-04
9.12989145e-04
9.10040325e-04
9.07102429e-04
9.04175411e-04
9.01259225e-04
8.98324524e-04
8.95379040e-04
8.92449015e-04
8.89548629e-04
8.86677267e-04
8.83825826e-04
8.80974759e-04
8.78119218e-04
8.75268369e-04
8.72429750e-04
8.69606717e-04
8.66799646e-04
8.64007640e-04
8.61229278e-04
8.58462739e-04
8.55706112e-04
8.52958019e-04
8.50218123e-04
8.47487120e-04
8.44766221e-04
8.42056500e-04
8.39358466e-04
8.36672006e-04
8.33996585e-04
8.31331539e-04
8.28676293e-04
8.26030470e-04
8.23393894e-04
8.20766548e-04
8.18148505e-04
8.15539867e-04
8.12940712e-04
8.10351068e-04
8.07770905e-04
8.05200146e-04
8.02638694e-04
8.00086453e-04
7.97543353e-04
7.95009360e-04
7.92484472e-04
7.89968715e-04
7.87462114e-04
7.84964687e-04
7.82476425e-04
7.79997204e-04
7.77526890e-04
7.75065574e-04
7.72613295e-04
7.70170001e-04
7.67735578e-04
7.65309905e-04
7.62892900e-04
7.60484522e-04
7.58084759e-04
7.55693599e-04
7.53311017e-04
7.50936975e-04
7.48571424e-04
7.46214323e-04
7.43865636e-04
7.41525338e-04
7.39193408e-04
7.36869827e-04
7.34554567e-04
7.32247599e-04
7.29948887e-04
7.27658393e-04
7.25376079e-04
7.23101907e-04
7.20835840e-04
7.18577843e-04
7.16327878e-04
7.14085911e-04
7.11851906e-04
7.09625830e-04
7.07407649e-04
7.05197331e-04
7.02994844e-04
7.00800158e-04
6.98613241e-04
6.96434065e-04
6.94262597e-04
6.92098808e-04
6.89942667e-04
6.87794143e-04
6.85653205e-04
6.83519822e-04
6.81393963e-04
6.79275596e-04
6.77164691e-04
6.75061216e-04
6.72965141e-04
6.70876434e-04
6.68795067e-04
6.66721008e-04
6.64654228e-04
6.62594697e-04
6.60542387e-04
6.58497268e-04
6.56459312e-04
6.54428489e-04
6.52404772e-04
6.50388131e-04
6.48378539e-04
6.46375968e-04
6.44380389e-04
6.42391774e-04
6.36516554e-04
6.29019114e-04
6.23585946e-04
6.21083644e-04
6.20069485e-04
6.18804184e-04
6.16610254e-04
6.13857353e-04
6.11201461e-04
6.08961253e-04
6.07028888e-04
6.05145371e-04
6.03168064e-04
6.01126810e-04
5.99117485e-04
5.97187245e-04
5.95307543e-04
5.93422288e-04
5.91503568e-04
5.89567055e-04
5.87648540e-04
5.85772434e-04
5.83938109e-04
5.82127647e-04
5.80322043e-04
5.78511974e-04
5.76698392e-04
5.74886878e-04
5.73082068e-04
5.71285560e-04
5.69496856e-04
5.67715122e-04
5.65940162e-04
5.64172360e-04
5.60750968e-04
5.56845169e-04
5.53818030e-04
5.51913596e-04
5.50546624e-04
5.49064999e-04
5.47226070e-04
5.45172876e-04
5.43152981e-04
5.41294619e-04
5.39571615e-04
5.37894227e-04
5.36201523e-04
5.34488064e-04
5.32777321e-04
5.31087259e-04
5.29417602e-04
5.27757945e-04
5.26100514e-04
5.24445361e-04
5.22797192e-04
5.20754283e-04
5.15381190e-04
5.09886436e-04
5.06378400e-04
5.04824455e-04
5.03995080e-04
5.02838704e-04
5.01080714e-04
4.98999300e-04
4.96948521e-04
4.95087121e-04
4.93390400e-04
4.91778408e-04
4.90199604e-04
4.88635345e-04
4.87075693e-04
4.85511653e-04
4.83938891e-04
4.82367960e-04
4.80816918e-04
4.79296280e-04
4.77801070e-04
4.76315750e-04
4.74826001e-04
4.73327330e-04
4.71825327e-04
4.70329628e-04
4.68847266e-04
4.67379646e-04
4.65923700e-04
4.64475031e-04
4.63030540e-04
4.61589301e-04
4.60151953e-04
4.58719598e-04
4.57293001e-04
4.55872396e-04
4.54457686e-04
4.53048726e-04
4.51645452e-04
4.50247829e-04
4.48855740e-04
4.47468930e-04
4.46087070e-04
4.44709890e-04
4.43337293e-04
4.41969385e-04
4.40606384e-04
4.39248492e-04
4.37895785e-04
4.36548180e-04
4.35205493e-04
4.33867530e-04
4.32534169e-04
4.31205385e-04
4.29881230e-04
4.28561770e-04
4.27247038e-04
4.25937013e-04
4.24631628e-04
4.23330807e-04
4.22034489e-04
4.20742646e-04
4.19455277e-04
4.18172391e-04
4.16893989e-04
4.15620057e-04
4.14350568e-04
4.13085488e-04
4.11824786e-04
4.10568442e-04
4.09316442e-04
4.08068778e-04
4.06825440e-04
4.05586411e-04
4.04351669e-04
4.03121189e-04
4.01894946e-04
4.00672916e-04
3.99455079e-04
3.98241418e-04
3.97031918e-04
3.95826562e-04
3.94625332e-04
3.93428209e-04
3.92235176e-04
3.91046214e-04
3.89861305e-04
3.88680434e-04
3.87503586e-04
3.86330743e-04
3.85161891e-04
3.83997014e-04
3.82836094e-04
3.81679116e-04
3.80526063e-04
3.79376812e-04
3.78230935e-04
3.77088790e-04
3.75950654e-04
3.74816608e-04
3.73686593e-04
3.72560503e-04
3.71438244e-04
3.70319750e-04
3.69204977e-04
3.68093896e-04
3.66986503e-04
3.65882811e-04
3.64782844e-04
3.63686616e-04
3.62594128e-04
3.61505357e-04
3.60420269e-04
3.59338827e-04
3.58260998e-04
3.57186760e-04
3.56116097e-04
3.55049001e-04
3.53985465e-04
3.52925480e-04
3.51869035e-04
3.50816115e-04
3.49766706e-04
3.48720790e-04
3.47678352e-04
3.46639378e-04
3.45603858e-04
3.44571778e-04
3.43543128e-04
3.42517897e-04
3.41496071e-04
3.40477637e-04
3.39462581e-04
3.38450888e-04
3.37442544e-04
3.36437535e-04
3.35435848e-04
3.34437470e-04
3.33442389e-04
3.32450592e-04
3.31462067e-04
3.30476801e-04
3.29494781e-04
3.28515996e-04
3.27540433e-04
3.26568080e-04
3.25598925e-04
3.22670572e-04
3.19237129e-04
3.16867695e-04
3.15820196e-04
3.15391256e-04
3.14809484e-04
3.13782312e-04
3.12467807e-04
3.11159119e-04
3.10027665e-04
3.09068191e-04
3.08185236e-04
3.07294319e-04
3.06364778e-04
3.05407857e-04
3.04447295e-04
3.03499927e-04
3.02571357e-04
3.01659448e-04
3.00758644e-04
2.99862972e-04
2.98968086e-04
2.98072490e-04
2.97177454e-04
2.96285592e-04
2.95399002e-04
2.94518167e-04
2.93642117e-04
2.92769419e-04
2.91899135e-04
2.91031155e-04
2.90165913e-04
2.89303877e-04
2.88445209e-04
2.87589753e-04
2.86737226e-04
2.85887428e-04
2.85040333e-04
2.84196039e-04
2.83354670e-04
2.82516282e-04
2.81680845e-04
2.80848268e-04
2.80018457e-04
2.79191349e-04
2.78366925e-04
2.77545202e-04
2.76726203e-04
2.75909942e-04
2.75096415e-04
2.74285605e-04
2.73477491e-04
2.72672057e-04
2.71869291e-04
2.71069184e-04
2.70271724e-04
2.69476896e-04
2.68684680e-04
2.67895058e-04
2.67108012e-04
2.66323531e-04
2.65541608e-04
2.64762241e-04
2.63985427e-04
2.63211160e-04
2.62439433e-04
2.61670232e-04
2.60903545e-04
2.60139357e-04
2.59377655e-04
2.58618427e-04
2.57861666e-04
2.57107362e-04
2.56355508e-04
2.55606097e-04
2.54859119e-04
2.54114565e-04
2.53372426e-04
2.52632690e-04
2.51895348e-04
2.51160390e-04
2.50427805e-04
2.49697584e-04
2.48969718e-04
2.48244198e-04
2.47521015e-04
2.46800160e-04
2.46081626e-04
2.45365404e-04
2.44651485e-04
2.43939860e-04
2.43230520e-04
2.42284238e-04
2.38836779e-04
2.35233939e-04
2.33098310e-04
2.32447665e-04
2.32334788e-04
2.31929862e-04
2.31035208e-04
2.29916475e-04
2.28887322e-04
2.28056248e-04
2.27345518e-04
2.26642414e-04
2.25904921e-04
2.25159943e-04
2.24444456e-04
2.23763258e-04
2.23092292e-04
2.22407370e-04
2.21704975e-04
2.21000480e-04
2.20312277e-04
2.19648181e-04
2.19003108e-04
2.18365729e-04
2.17726503e-04
2.17081611e-04
2.16432247e-04
2.15781834e-04
2.15133682e-04
2.14489971e-04
2.13851647e-04
2.13218587e-04
2.12589858e-04
2.11964110e-04
2.11340134e-04
2.10717342e-04
2.10095904e-04
2.09476482e-04
2.08859736e-04
2.08245930e-04
2.07634834e-04
2.07025916e-04
2.06418671e-04
2.05812865e-04
2.05208598e-04
2.04606192e-04
2.04005997e-04
2.03408231e-04
2.02812909e-04
2.02219879e-04
2.01628914e-04
2.01039817e-04
2.00452478e-04
1.99866889e-04
1.99283110e-04
1.98701215e-04
1.98121258e-04
1.97543251e-04
1.96967170e-04
1.96392977e-04
1.95820642e-04
1.95250153e-04
1.94681515e-04
1.94114740e-04
1.93549835e-04
1.92986794e-04
1.92425599e-04
1.91866224e-04
1.91308645e-04
1.90752843e-04
1.90198807e-04
1.89646533e-04
1.89096021e-04
1.88547267e-04
1.88000267e-04
1.87455013e-04
1.86911492e-04
1.86369696e-04
1.85829614e-04
1.85291240e-04
1.84754570e-04
1.84219597e-04
1.83686319e-04
1.83154728e-04
1.82624820e-04
1.82096589e-04
1.81570028e-04
1.81045131e-04
1.80521893e-04
1.80000308e-04
1.79480371e-04
1.78962074e-04
1.78445411e-04
1.77930375e-04
1.77416959e-04
1.76905156e-04
1.76394959e-04
1.75886363e-04
1.75379361e-04
1.74873948e-04
1.74370117e-04
1.73867862e-04
1.73367178e-04
1.72868059e-04
1.72370498e-04
1.71874491e-04
1.71380030e-04
1.70887112e-04
1.70395729e-04
1.69905877e-04
1.69417550e-04
1.68930742e-04
1.68445449e-04
1.67961666e-04
1.67479386e-04
1.66998605e-04
1.66519319e-04
1.66041521e-04
1.65565206e-04
1.65090370e-04
1.64617006e-04
1.64145111e-04
1.63674677e-04
1.63205701e-04
1.62738177e-04
1.62272100e-04
1.61807464e-04
1.61344264e-04
1.60882495e-04
1.60422152e-04
1.59963230e-04
1.59505724e-04
1.59049629e-04
1.58594939e-04
1.58141651e-04
1.57689760e-04
1.57239260e-04
1.56790146e-04
1.56342415e-04
1.55896061e-04
1.55451079e-04
1.55007465e-04
1.54565215e-04
1.54124322e-04
1.53684784e-04
1.53246595e-04
1.52809750e-04
1.52374246e-04
1.51940076e-04
1.51507238e-04
1.51075725e-04
1.50645535e-04
1.50216662e-04
1.49789101e-04
1.48510788e-04
1.45483747e-04
1.42768108e-04
1.41468563e-04
1.41292319e-04
1.41337810e-04
1.41008981e-04
1.40291936e-04
1.39486990e-04
1.38838600e-04
1.38375321e-04
1.37985716e-04
1.37567412e-04
1.37101118e-04
1.36625621e-04
1.36177386e-04
1.35758400e-04
1.35346714e-04
1.34923949e-04
1.34490543e-04
1.34060534e-04
1.33646976e-04
1.33252373e-04
1.32869575e-04
1.32488929e-04
1.32104524e-04
1.31715761e-04
1.31325158e-04
1.30935408e-04
1.30547851e-04
1.30162597e-04
1.29779323e-04
1.29397827e-04
1.29018114e-04
1.28640242e-04
1.28264210e-04
1.26948148e-04
1.24842025e-04
1.23159659e-04
1.22406344e-04
1.22295612e-04
1.22266524e-04
1.21975954e-04
1.21421974e-04
1.20784506e-04
1.20221142e-04
1.19774703e-04
1.19402415e-04
1.19047609e-04
1.18682578e-04
1.18307683e-04
1.17931503e-04
1.17557915e-04
1.17186503e-04
1.16817907e-04
1.16455369e-04
1.16101537e-04
1.15755139e-04
1.15411338e-04
1.15065264e-04
1.14715363e-04
1.14363958e-04
1.14015055e-04
1.13671480e-04
1.13333405e-04
1.12998865e-04
1.12665406e-04
1.12331536e-04
1.11997193e-04
1.11663270e-04
1.11330801e-04
1.11000351e-04
1.10671890e-04
1.10345019e-04
1.10019310e-04
1.09694532e-04
1.09370694e-04
1.09047947e-04
1.08726448e-04
1.08406266e-04
1.08087361e-04
1.07769632e-04
1.07452975e-04
1.07137334e-04
1.06822709e-04
1.06509136e-04
1.06196651e-04
1.05885267e-04
1.05574969e-04
1.05265722e-04
1.04957498e-04
1.04650283e-04
1.04344082e-04
1.04038908e-04
1.03734775e-04
1.03431686e-04
1.03129629e-04
1.02828588e-04
1.02528545e-04
1.02229484e-04
1.01931398e-04
1.01634282e-04
1.01338135e-04
1.01042954e-04
1.00748735e-04
1.00455475e-04
1.00163166e-04
9.98718042e-05
9.95813852e-05
9.92919052e-05
9.90033607e-05
9.87157476e-05
9.84290614e-05
9.81432975e-05
9.78584509e-05
9.75745171e-05
9.72914918e-05
9.70093710e-05
9.67281509e-05
9.64478276e-05
9.61683973e-05
9.58898561e-05
9.56122002e-05
9.53354260e-05
9.50595297e-05
9.47845079e-05
9.45103567e-05
9.42370727e-05
9.39646520e-05
9.36930909e-05
9.34223858e-05
9.31525329e-05
9.28835287e-05
9.26153698e-05
9.23480528e-05
9.20815744e-05
9.18159313e-05
9.15511204e-05
9.12871383e-05
9.10239819e-05
9.07616480e-05
9.05001334e-05
9.02394350e-05
8.99795497e-05
8.97204742e-05
8.94622057e-05
8.92047409e-05
8.89480768e-05
8.86922104e-05
8.84371387e-05
8.81828587e-05
8.79293674e-05
8.76766619e-05
8.74247392e-05
8.71735965e-05
8.69232308e-05
8.66736394e-05
8.64248193e-05
8.61767678e-05
8.59294819e-05
8.56829591e-05
8.54371964e-05
8.51921911e-05
8.49479404e-05
8.47044417e-05
8.44616922e-05
8.42196893e-05
8.39784302e-05
8.37379124e-05
8.34981331e-05
8.32590897e-05
8.30207797e-05
8.27832003e-05
8.25463492e-05
8.23102236e-05
8.20748210e-05
8.18401388e-05
8.16061746e-05
8.13729259e-05
8.11403900e-05
8.09085646e-05
8.06774471e-05
8.04470350e-05
8.02173260e-05
7.99883176e-05
7.97600073e-05
7.95323927e-05
7.93054715e-05
7.90792412e-05
7.88536994e-05
7.86288438e-05
7.84046719e-05
7.81811816e-05
7.79583703e-05
7.77362359e-05
7.75147759e-05
7.72939880e-05
7.70738701e-05
7.68544197e-05
7.66356346e-05
7.64175126e-05
7.62000514e-05
7.59832487e-05
7.57671023e-05
7.55516100e-05
7.53367696e-05
7.51225789e-05
7.49090357e-05
7.46961377e-05
7.44838829e-05
7.42722690e-05
7.40612939e-05
7.38509555e-05
7.36412516e-05
7.34321801e-05
7.32237388e-05
7.30159257e-05
7.28087387e-05
7.26021756e-05
7.23962343e-05
7.21909129e-05
7.19862092e-05
7.17821212e-05
7.15786468e-05
7.13757840e-05
7.11735308e-05
7.09718851e-05
7.07708449e-05
7.05704082e-05
7.03705730e-05
7.01713374e-05
6.99726993e-05
6.97746568e-05
6.95772078e-05
6.93803505e-05
6.91840830e-05
6.89884031e-05
6.87933091e-05
6.85987989e-05
6.84048707e-05
6.82115226e-05
6.80187526e-05
6.78265589e-05
6.76349396e-05
6.74438927e-05
6.72534164e-05
6.70635089e-05
6.68741683e-05
6.66853927e-05
6.64971803e-05
6.63095292e-05
6.61224377e-05
6.59359038e-05
6.57499258e-05
6.50547228e-05
6.40597490e-05
6.33173868e-05
6.30068587e-05
6.29591407e-05
6.29224996e-05
6.27658918e-05
6.25033126e-05
6.22110300e-05
6.19470465e-05
6.17251105e-05
6.15316681e-05
6.13502774e-05
6.11721971e-05
6.09943461e-05
6.08148588e-05
6.06321261e-05
6.04462538e-05
6.02596433e-05
6.00755488e-05
5.98959980e-05
5.97208495e-05
5.95484210e-05
5.93768260e-05
5.92049466e-05
5.90326091e-05
5.88602137e-05
5.86882832e-05
5.85172087e-05
5.83471964e-05
5.81782962e-05
5.80104320e-05
5.78434273e-05
5.76770550e-05
5.75111148e-05
5.73455066e-05
5.71802589e-05
5.70154978e-05
5.68513724e-05
5.66879773e-05
5.65253114e-05
5.63632872e-05
5.62017818e-05
5.60406982e-05
5.58800058e-05
5.57197433e-05
5.55599871e-05
5.54008072e-05
5.52422336e-05
5.50842481e-05
5.49268011e-05
5.47698403e-05
5.46133346e-05
5.44572820e-05
5.43017026e-05
5.41466213e-05
5.39920532e-05
5.38379966e-05
5.36844366e-05
5.35313541e-05
5.33787349e-05
5.32265745e-05
5.30748772e-05
5.29236510e-05
5.27729022e-05
5.26226323e-05
5.24728370e-05
5.23235094e-05
5.21746422e-05
5.20262305e-05
5.18782725e-05
5.17307682e-05
5.15837182e-05
5.14371222e-05
5.12909786e-05
5.11452846e-05
5.10000370e-05
5.08552330e-05
5.07108706e-05
5.05669487e-05
5.04234663e-05
5.02804225e-05
5.01378162e-05
4.99956455e-05
4.98539085e-05
4.97126030e-05
4.95717270e-05
4.94312789e-05
4.92912570e-05
4.91516601e-05
4.90124866e-05
4.88737351e-05
4.87354040e-05
4.85974915e-05
4.84599961e-05
4.83229162e-05
4.81862504e-05
4.80499973e-05
4.79141554e-05
4.77787235e-05
4.76437001e-05
4.75090837e-05
4.73748729e-05
4.72410663e-05
4.71076623e-05
4.69746597e-05
4.68420569e-05
4.67098527e-05
4.65780456e-05
4.64466343e-05
4.63156173e-05
4.61849932e-05
4.60547608e-05
4.59249187e-05
4.57954654e-05
4.56663998e-05
4.55377204e-05
4.54094260e-05
4.52815153e-05
4.51539869e-05
4.50268395e-05
4.49000719e-05
4.47736828e-05
4.46476708e-05
4.45220348e-05
4.43967734e-05
4.42718854e-05
4.41473696e-05
4.40232247e-05
4.38994494e-05
4.37760426e-05
4.36530030e-05
4.35303293e-05
4.34080205e-05
4.32860752e-05
4.31644922e-05
4.30432705e-05
4.29224086e-05
4.28019056e-05
4.26817601e-05
4.25619711e-05
4.24425373e-05
4.23234575e-05
4.22047307e-05
4.20863555e-05
4.19683310e-05
4.18506559e-05
4.17333291e-05
4.16163494e-05
4.14997157e-05
4.13834269e-05
4.12674819e-05
4.11518795e-05
4.10366186e-05
4.09216982e-05
4.08071170e-05
4.06928741e-05
4.05789683e-05
4.04653985e-05
4.03521636e-05
4.02392626e-05
4.01266943e-05
4.00144578e-05
3.99025519e-05
3.97909755e-05
3.96797277e-05
3.95688073e-05
3.94582132e-05
3.93479445e-05
3.92380001e-05
3.91283790e-05
3.90190801e-05
3.89101023e-05
3.88014448e-05
3.86931063e-05
3.85850860e-05
3.84773827e-05
3.83699955e-05
3.82629234e-05
3.81561654e-05
3.80497204e-05
3.79435875e-05
3.78377656e-05
3.77322538e-05
3.76270512e-05
3.75221566e-05
3.74175692e-05
3.73132879e-05
3.72093118e-05
3.71056400e-05
3.70022714e-05
3.68992051e-05
3.67964401e-05
3.66939755e-05
3.65918104e-05
3.64899437e-05
3.63883746e-05
3.62871021e-05
3.61861253e-05
3.60854433e-05
3.59850550e-05
3.58849596e-05
3.57851562e-05
3.56856438e-05
3.55864216e-05
3.54874886e-05
3.53888439e-05
3.52904866e-05
3.51924158e-05
3.50946306e-05
3.49971301e-05
3.48999134e-05
3.48029797e-05
3.47063280e-05
3.46099574e-05
3.45138672e-05
3.44180563e-05
3.43225240e-05
3.42272693e-05
3.41322914e-05
3.40375894e-05
3.39431626e-05
3.38490099e-05
3.37551306e-05
3.36615237e-05
3.35681886e-05
3.34751242e-05
3.33823298e-05
3.32898046e-05
3.31975476e-05
3.31055581e-05
3.30138352e-05
3.29223781e-05
3.28311860e-05
3.27402580e-05
3.26495933e-05
3.25591912e-05
3.24690508e-05
3.23791713e-05
3.22895518e-05
3.22001916e-05
3.21110899e-05
3.20222459e-05
3.19336588e-05
3.18453277e-05
3.17572519e-05
3.16694307e-05
3.15818631e-05
3.14945485e-05
3.14074861e-05
3.13206750e-05
3.12341146e-05
3.11478040e-05
3.10617424e-05
3.09759291e-05
3.08903634e-05
3.08050444e-05
3.07199715e-05
3.06351438e-05
3.05505606e-05
3.04662211e-05
3.03821247e-05
3.02982705e-05
3.02146578e-05
3.01312859e-05
3.00481540e-05
2.99652615e-05
2.98826075e-05
2.98001913e-05
2.97180122e-05
2.96360695e-05
2.95543624e-05
2.94728903e-05
2.93916524e-05
2.93106480e-05
2.92298764e-05
2.91493368e-05
2.90690286e-05
2.89889511e-05
2.89091035e-05
2.88294852e-05
2.87500954e-05
2.86709335e-05
2.85919987e-05
2.85132904e-05
2.84348079e-05
2.83565505e-05
2.82785175e-05
2.82007082e-05
2.81231219e-05
2.80457580e-05
2.79686158e-05
2.78916945e-05
2.78149937e-05
2.77385125e-05
2.76622502e-05
2.75862064e-05
2.75103802e-05
2.74347710e-05
2.73593782e-05
2.72842010e-05
2.72092389e-05
2.71344912e-05
2.70599573e-05
2.69856364e-05
2.69115280e-05
2.68376314e-05
2.67639459e-05
2.66904710e-05
2.66172060e-05
2.65441502e-05
2.64713030e-05
2.63986638e-05
2.63262320e-05
2.62540069e-05
2.61819880e-05
2.61101745e-05
2.60385659e-05
2.59671615e-05
2.58959607e-05
2.58249630e-05
2.57541677e-05
2.56835742e-05
2.56131818e-05
2.55429901e-05
2.54729983e-05
2.54032059e-05
2.53336123e-05
2.52642168e-05
2.51950189e-05
2.51260180e-05
2.50572135e-05
2.49886048e-05
2.49201913e-05
2.48519725e-05
2.47839477e-05
2.47161163e-05
2.46484778e-05
2.45810316e-05
2.45137772e-05
2.44467138e-05
2.43798411e-05
2.43131583e-05
2.42466650e-05
2.41803606e-05
2.41142444e-05
2.40483160e-05
2.39825747e-05
2.39170201e-05
2.38516515e-05
2.37864684e-05
2.37214703e-05
2.36566565e-05
2.35920266e-05
2.35275799e-05
2.34633160e-05
2.33992343e-05
2.33353342e-05
2.32716152e-05
2.32080768e-05
2.31447184e-05
2.30815395e-05
2.30185396e-05
2.29557180e-05
2.28930744e-05
2.28306081e-05
2.27683186e-05
2.27062054e-05
2.26442680e-05
2.25825059e-05
2.25209184e-05
2.24595052e-05
2.23982657e-05
2.23371993e-05
2.22763056e-05
2.22155841e-05
2.21550341e-05
2.20946553e-05
2.20344471e-05
2.19744090e-05
2.19145405e-05
2.18548411e-05
2.17953103e-05
2.17359475e-05
2.16767524e-05
2.16177243e-05
2.15588629e-05
2.15001675e-05
2.14416378e-05
2.13832732e-05
2.13250732e-05
2.12670374e-05
2.12091652e-05
2.11514562e-05
2.10939098e-05
2.10365257e-05
2.09793033e-05
2.09222422e-05
2.08653418e-05
2.08086017e-05
2.07520214e-05
2.06956005e-05
2.06393384e-05
2.05832348e-05
2.05272891e-05
2.04715008e-05
2.04158696e-05
2.03603949e-05
2.03050763e-05
2.02499133e-05
2.01949055e-05
2.01400523e-05
2.00853534e-05
2.00308083e-05
1.99764165e-05
1.99221776e-05
1.98680912e-05
1.98141567e-05
1.97603738e-05
1.97067419e-05
1.96532607e-05
1.95999297e-05
1.95467484e-05
1.94937165e-05
1.94408334e-05
1.93880988e-05
1.93355122e-05
1.92830731e-05
1.92307812e-05
1.91786360e-05
1.91266370e-05
1.90747839e-05
1.90230762e-05
1.89715134e-05
1.89200953e-05
1.88688212e-05
1.88176909e-05
1.87667038e-05
1.87158597e-05
1.86651579e-05
1.86145982e-05
1.85641801e-05
1.85139032e-05
1.84637671e-05
1.84137714e-05
1.83639156e-05
1.83141993e-05
1.82646223e-05
1.82151839e-05
1.81658838e-05
1.81167217e-05
1.80676971e-05
1.80188096e-05
1.79700589e-05
1.79214444e-05
1.78729658e-05
1.78246228e-05
1.77764149e-05
1.77283417e-05
1.76804029e-05
1.76325979e-05
1.75849266e-05
1.75373884e-05
1.74899829e-05
1.74427098e-05
1.73955688e-05
1.73485593e-05
1.73016811e-05
1.72549337e-05
1.72083167e-05
1.71618299e-05
1.71154727e-05
1.70692449e-05
1.70231460e-05
1.69771757e-05
1.69313336e-05
1.68856192e-05
1.68400324e-05
1.67945726e-05
1.67492395e-05
1.67040328e-05
1.66589520e-05
1.66139969e-05
1.65691669e-05
1.65244619e-05
1.64798813e-05
1.64354250e-05
1.63910923e-05
1.63468832e-05
1.63027971e-05
1.62588337e-05
1.62149926e-05
1.61712736e-05
1.61276762e-05
1.60842001e-05
1.60408449e-05
1.59976103e-05
1.59544960e-05
1.59115015e-05
1.58686266e-05
1.58258709e-05
1.57832340e-05
1.57407156e-05
1.56983154e-05
1.56560330e-05
1.56138681e-05
1.55718203e-05
1.55298894e-05
1.54880748e-05
1.54463764e-05
1.54047938e-05
1.53633266e-05
1.53219746e-05
1.52807373e-05
1.52396145e-05
1.51986058e-05
1.51577109e-05
1.51169294e-05
1.50762611e-05
1.50357056e-05
1.49952625e-05
1.49549316e-05
1.49147126e-05
1.48746050e-05
1.48346087e-05
1.47947231e-05
1.47549482e-05
1.47152834e-05
1.46757286e-05
1.46362833e-05
1.45969473e-05
1.45577203e-05
1.45186019e-05
1.44795919e-05
1.44406898e-05
1.44018955e-05
1.43632086e-05
1.43246287e-05
1.42861556e-05
1.42477890e-05
1.42095285e-05
1.41713739e-05
1.41333249e-05
1.40953811e-05
1.40575422e-05
1.40198080e-05
1.39821781e-05
1.39446523e-05
1.39072302e-05
1.38699115e-05
1.38326960e-05
1.37955834e-05
1.37585733e-05
1.37216654e-05
1.36848595e-05
1.36481553e-05
1.36115525e-05
1.35750507e-05
1.35386498e-05
1.35023493e-05
1.34661491e-05
1.34300488e-05
1.33940481e-05
1.33581468e-05
1.33223446e-05
1.32866411e-05
1.32510362e-05
1.32155295e-05
1.31801207e-05
1.31448096e-05
1.31095959e-05
1.30744793e-05
1.30394595e-05
1.30045362e-05
1.29697092e-05
1.29349782e-05
1.29003429e-05
1.28658031e-05
1.28313584e-05
1.27970086e-05
1.27627535e-05
1.27285927e-05
1.26945260e-05
1.26605531e-05
1.26266737e-05
1.25928877e-05
1.25591946e-05
1.25255943e-05
1.24920865e-05
1.24586709e-05
1.24253472e-05
1.23921153e-05
1.23589747e-05
1.23259254e-05
1.22929669e-05
1.22600991e-05
1.22273217e-05
1.21946344e-05
1.21620370e-05
1.21295292e-05
1.20971107e-05
1.20647814e-05
1.20325409e-05
1.20003890e-05
1.19683255e-05
1.19363501e-05
1.19044625e-05
1.18726625e-05
1.18409498e-05
1.18093242e-05
1.17777855e-05
1.17463334e-05
1.17149676e-05
1.16836880e-05
1.16524942e-05
1.16213860e-05
1.15903631e-05
1.15594255e-05
1.15285727e-05
1.14978045e-05
1.14671207e-05
1.14365212e-05
1.14060055e-05
1.13755735e-05
1.13452250e-05
1.13149597e-05
1.12847773e-05
1.12546777e-05
1.12246606e-05
1.11947258e-05
1.11648730e-05
1.11351020e-05
1.11054125e-05
1.10758045e-05
1.10462775e-05
1.10168314e-05
1.09874659e-05
1.09581809e-05
1.09289760e-05
1.08998511e-05
1.08708060e-05
1.08418403e-05
1.08129540e-05
1.07841467e-05
1.07554182e-05
1.07267684e-05
1.06981969e-05
1.06697036e-05
1.06412882e-05
1.06129506e-05
1.05846905e-05
1.05565076e-05
1.05284019e-05
1.05003729e-05
1.04724206e-05
1.04445448e-05
1.04167451e-05
1.03890213e-05
1.03613734e-05
1.03338010e-05
1.03063040e-05
1.02788820e-05
1.02515350e-05
1.02242627e-05
1.01970648e-05
1.01699413e-05
1.01428918e-05
1.01159162e-05
1.00890142e-05
1.00621857e-05
1.00354303e-05
1.00087481e-05
9.98213862e-06
9.95560178e-06
9.92913735e-06
9.90274513e-06
9.87642491e-06
9.85017649e-06
9.82399966e-06
9.79789423e-06
9.77185999e-06
9.74589674e-06
9.72000429e-06
9.69418242e-06
9.66843095e-06
9.64274968e-06
9.61713840e-06
9.59159692e-06
9.56612504e-06
9.54072257e-06
9.51538931e-06
9.49012506e-06
9.46492964e-06
9.43980284e-06
9.41474447e-06
9.38975435e-06
9.36483228e-06
9.33997807e-06
9.31519152e-06
9.29047243e-06
9.26582064e-06
9.24123594e-06
9.21671816e-06
9.19226710e-06
9.16788256e-06
9.14356438e-06
9.11931235e-06
9.09512629e-06
9.07100602e-06
9.04695136e-06
9.02296211e-06
8.99903810e-06
8.97517914e-06
8.95138504e-06
8.92765563e-06
8.90399073e-06
8.88039015e-06
8.85685371e-06
8.83338123e-06
8.80997254e-06
8.78662745e-06
8.76334578e-06
8.74012736e-06
8.71697202e-06
8.69387956e-06
8.67084983e-06
8.64788263e-06
8.62497780e-06
8.60213516e-06
8.57935453e-06
8.55663575e-06
8.53397864e-06
8.51138302e-06
8.48884872e-06
8.46637558e-06
8.44396342e-06
8.42161207e-06
8.39932135e-06
8.37709111e-06
8.35492116e-06
8.33281135e-06
8.31076150e-06
8.28877144e-06
8.26684101e-06
8.24497005e-06
8.22315837e-06
8.20140583e-06
8.17971224e-06
8.15807746e-06
8.13650131e-06
8.11498362e-06
8.09352425e-06
8.07212301e-06
8.05077976e-06
8.02949433e-06
8.00826655e-06
7.98709627e-06
7.96598332e-06
7.94492754e-06
7.92392879e-06
7.90298688e-06
7.88210168e-06
7.86127301e-06
7.84050073e-06
7.81978466e-06
7.79912467e-06
7.77852058e-06
7.75797225e-06
7.73747951e-06
7.71704222e-06
7.69666022e-06
7.67633335e-06
7.65606146e-06
7.63584440e-06
7.61568201e-06
7.59557415e-06
7.57552065e-06
7.55552137e-06
7.53557616e-06
7.51568487e-06
7.49584734e-06
7.47606343e-06
7.45633298e-06
7.43665585e-06
7.41703190e-06
7.39746096e-06
7.37794290e-06
7.35847756e-06
7.33906481e-06
7.31970448e-06
7.30039645e-06
7.28114055e-06
7.26193666e-06
7.24278461e-06
7.22368428e-06
7.20463550e-06
7.18563815e-06
7.16669208e-06
7.14779714e-06
7.12895319e-06
7.11016009e-06
7.09141771e-06
7.07272589e-06
7.05408450e-06
7.03549340e-06
7.01695245e-06
6.99846150e-06
6.98002043e-06
6.96162908e-06
6.94328734e-06
6.92499504e-06
6.90675207e-06
6.88855827e-06
6.87041352e-06
6.85231768e-06
6.83427062e-06
6.81627219e-06
6.79832226e-06
6.78042070e-06
6.76256737e-06
6.74476215e-06
6.72700489e-06
6.70929547e-06
6.69163374e-06
6.67401959e-06
6.65645287e-06
6.63893345e-06
6.62146122e-06
6.60403602e-06
6.58665774e-06
6.56932624e-06
6.55204139e-06
6.53480307e-06
6.51761114e-06
6.50046548e-06
6.48336596e-06
6.46631245e-06
6.44930482e-06
6.43234295e-06
6.41542671e-06
6.39855598e-06
6.38173062e-06
6.36495051e-06
6.34821553e-06
6.33152555e-06
6.31488045e-06
6.29828010e-06
6.28172438e-06
6.26521317e-06
6.24874634e-06
6.23232377e-06
6.21594534e-06
6.19961092e-06
6.18332040e-06
6.16707365e-06
6.15087056e-06
6.13471099e-06
6.11859484e-06
6.10252197e-06
6.08649228e-06
6.07050564e-06
6.05456194e-06
6.03866104e-06
6.02280285e-06
6.00698723e-06
5.99121408e-06
5.97548326e-06
5.95979468e-06
5.94414821e-06
5.92854373e-06
5.91298112e-06
5.89746029e-06
5.88198109e-06
5.86654344e-06
5.85114720e-06
5.83579226e-06
5.82047851e-06
5.80520584e-06
5.78997414e-06
5.77478328e-06
5.75963316e-06
5.74452367e-06
5.72945469e-06
5.71442611e-06
5.69943783e-06
5.68448972e-06
5.66958168e-06
5.65471360e-06
5.63988537e-06
5.62509688e-06
5.61034801e-06
5.59563867e-06
5.58096874e-06
5.56633811e-06
5.55174667e-06
5.53719432e-06
5.52268096e-06
5.50820646e-06
5.49377073e-06
5.47937365e-06
5.46501513e-06
5.45069505e-06
5.43641332e-06
5.42216982e-06
5.40796445e-06
5.39379710e-06
5.37966767e-06
5.36557606e-06
5.35152217e-06
5.33750588e-06
5.32352709e-06
5.30958571e-06
5.29568163e-06
5.28181474e-06
5.26798495e-06
5.25419215e-06
5.24043624e-06
5.22671712e-06
5.21303469e-06
5.19938885e-06
5.18577950e-06
5.17220653e-06
5.15866985e-06
5.14516936e-06
5.13170496e-06
5.11827654e-06
5.10488402e-06
5.09152729e-06
5.07820626e-06
5.06492082e-06
5.05167087e-06
5.03845633e-06
5.02527710e-06
5.01213307e-06
4.99902415e-06
4.98595025e-06
4.97291127e-06
4.95990710e-06
4.94693767e-06
4.93400287e-06
4.92110260e-06
4.90823678e-06
4.89540531e-06
4.88260809e-06
4.86984503e-06
4.85711604e-06
4.84442102e-06
4.83175988e-06
4.81913253e-06
4.80653888e-06
4.79397882e-06
4.78145228e-06
4.76895916e-06
4.75649937e-06
4.74407281e-06
4.73167940e-06
4.71931904e-06
4.70699165e-06
4.69469714e-06
4.68243540e-06
4.67020636e-06
4.65800993e-06
4.64584601e-06
4.63371453e-06
4.62161538e-06
4.60954847e-06
4.59751374e-06
4.58551107e-06
4.57354040e-06
4.56160162e-06
4.54969465e-06
4.53781941e-06
4.52597581e-06
4.51416375e-06
4.50238317e-06
4.49063396e-06
4.47891605e-06
4.46722935e-06
4.45557377e-06
4.44394923e-06
4.43235564e-06
4.42079292e-06
4.40926099e-06
4.39775976e-06
4.38628914e-06
4.37484906e-06
4.36343943e-06
4.35206016e-06
4.34071118e-06
4.32939240e-06
4.31810375e-06
4.30684512e-06
4.29561646e-06
4.28441766e-06
4.27324866e-06
4.26210937e-06
4.25099971e-06
4.23991960e-06
4.22886896e-06
4.21784771e-06
4.20685576e-06
4.19589304e-06
4.18495948e-06
4.17405498e-06
4.16317947e-06
4.15233287e-06
4.14151510e-06
4.13072609e-06
4.11996576e-06
4.10923402e-06
4.09853080e-06
4.08785602e-06
4.07720961e-06
4.06659148e-06
4.05600157e-06
4.04543979e-06
4.03490606e-06
4.02440032e-06
4.01392248e-06
4.00347247e-06
3.99305021e-06
3.98265563e-06
3.97228865e-06
3.96194920e-06
3.95163720e-06
3.94135258e-06
3.93109526e-06
3.92086517e-06
3.91066224e-06
3.90048638e-06
3.89033754e-06
3.88021563e-06
3.87012057e-06
3.86005231e-06
3.85001076e-06
3.83999586e-06
3.83000752e-06
3.82004568e-06
3.81011027e-06
3.80020121e-06
3.79031844e-06
3.78046187e-06
3.77063145e-06
3.76082709e-06
3.75104874e-06
3.74129631e-06
3.73156974e-06
3.72186895e-06
3.71219388e-06
3.70254446e-06
3.69292062e-06
3.68332229e-06
3.67374939e-06
3.66420187e-06
3.65467965e-06
3.64518266e-06
3.63571083e-06
3.62626410e-06
3.61684240e-06
3.60744566e-06
3.59807381e-06
3.58872678e-06
3.57940452e-06
3.57010694e-06
3.56083399e-06
3.55158559e-06
3.54236169e-06
3.53316221e-06
3.52398708e-06
3.51483625e-06
3.50570965e-06
3.49660720e-06
3.48752885e-06
3.47847453e-06
3.46944417e-06
3.46043772e-06
3.45145510e-06
3.44249625e-06
3.43356110e-06
3.42464960e-06
3.41576168e-06
3.40689727e-06
3.39805631e-06
3.38923874e-06
3.38044449e-06
3.37167350e-06
3.36292571e-06
3.35420105e-06
3.34549947e-06
3.33682090e-06
3.32816528e-06
3.31953254e-06
3.31092262e-06
3.30233547e-06
3.29377102e-06
3.28522920e-06
3.27670997e-06
3.26821325e-06
3.25973899e-06
3.25128712e-06
3.24285759e-06
3.23445033e-06
3.22606529e-06
3.21770240e-06
3.20936161e-06
3.20104285e-06
3.19274607e-06
3.18447120e-06
3.17621819e-06
3.16798697e-06
3.15977750e-06
3.15158971e-06
3.14342353e-06
3.13527893e-06
3.12715582e-06
3.11905416e-06
3.11097390e-06
3.10291496e-06
3.09487730e-06
3.08686085e-06
3.07886556e-06
3.07089138e-06
3.06293824e-06
3.05500609e-06
3.04709487e-06
3.03920453e-06
3.03133500e-06
3.02348624e-06
3.01565818e-06
3.00785078e-06
3.00006397e-06
2.99229770e-06
2.98455192e-06
2.97682656e-06
2.96912158e-06
2.96143692e-06
2.95377253e-06
2.94612834e-06
2.93850431e-06
2.93090038e-06
2.92331650e-06
2.91575261e-06
2.90820866e-06
2.90068459e-06
2.89318036e-06
2.88569590e-06
2.87823117e-06
2.87078612e-06
2.86336068e-06
2.85595481e-06
2.84856845e-06
2.84120155e-06
2.83385407e-06
2.82652594e-06
2.81921711e-06
2.81192754e-06
2.80465716e-06
2.79740594e-06
2.79017381e-06
2.78296073e-06
2.77576665e-06
2.76859150e-06
2.76143526e-06
2.75429785e-06
2.74717923e-06
2.74007936e-06
2.73299818e-06
2.72593563e-06
2.71889168e-06
2.71186627e-06
2.70485934e-06
2.69787086e-06
2.69090077e-06
2.68394902e-06
2.67701556e-06
2.67010035e-06
2.66320333e-06
2.65632446e-06
2.64946368e-06
2.64262095e-06
2.63579622e-06
2.62898944e-06
2.62220057e-06
2.61542955e-06
2.60867633e-06
2.60194088e-06
2.59522313e-06
2.58852305e-06
2.58184059e-06
2.57517570e-06
2.56852833e-06
2.56189843e-06
2.55528596e-06
2.54869087e-06
2.54211312e-06
2.53555266e-06
2.52900943e-06
2.52248341e-06
2.51597453e-06
2.50948276e-06
2.50300804e-06
2.49655034e-06
2.49010960e-06
2.48368578e-06
2.47727884e-06
2.47088873e-06
2.46451540e-06
2.45815881e-06
2.45181892e-06
2.44549568e-06
2.43918905e-06
2.43289897e-06
2.42662541e-06
2.42036833e-06
2.41412767e-06
2.40790340e-06
2.40169547e-06
2.39550384e-06
2.38932845e-06
2.38316928e-06
2.37702628e-06
2.37089940e-06
2.36478859e-06
2.35869383e-06
2.35261506e-06
2.34655223e-06
2.34050532e-06
2.33447427e-06
2.32845905e-06
2.32245961e-06
2.31647590e-06
2.31050789e-06
2.30455554e-06
2.29861880e-06
2.29269763e-06
2.28679199e-06
2.28090183e-06
2.27502713e-06
2.26916782e-06
2.26332389e-06
2.25749527e-06
2.25168194e-06
2.24588384e-06
2.24010095e-06
2.23433321e-06
2.22858060e-06
2.22284306e-06
2.21712056e-06
2.21141306e-06
2.20572052e-06
2.20004289e-06
2.19438015e-06
2.18873224e-06
2.18309913e-06
2.17748077e-06
2.17187714e-06
2.16628819e-06
2.16071388e-06
2.15515417e-06
2.14960903e-06
2.14407841e-06
2.13856227e-06
2.13306058e-06
2.12757330e-06
2.12210039e-06
2.11664180e-06
2.11119752e-06
2.10576748e-06
2.10035167e-06
2.09495003e-06
2.08956253e-06
2.08418914e-06
2.07882981e-06
2.07348451e-06
2.06815320e-06
2.06283585e-06
2.05753241e-06
2.05224285e-06
2.04696713e-06
2.04170522e-06
2.03645707e-06
2.03122266e-06
2.02600194e-06
2.02079487e-06
2.01560144e-06
2.01042158e-06
2.00525528e-06
2.00010249e-06
1.99496317e-06
1.98983730e-06
1.98472483e-06
1.97962574e-06
1.97453998e-06
1.96946751e-06
1.96440831e-06
1.95936234e-06
1.95432956e-06
1.94930993e-06
1.94430343e-06
1.93931002e-06
1.93432966e-06
1.92936231e-06
1.92440795e-06
1.91946654e-06
1.91453805e-06
1.90962243e-06
1.90471966e-06
1.89982970e-06
1.89495251e-06
1.89008807e-06
1.88523634e-06
1.88039728e-06
1.87557087e-06
1.87075706e-06
1.86595583e-06
1.86116714e-06
1.85639096e-06
1.85162725e-06
1.84687598e-06
1.84213712e-06
1.83741064e-06
1.83269649e-06
1.82799466e-06
1.82330510e-06
1.81862779e-06
1.81396269e-06
1.80930977e-06
1.80466899e-06
1.80004033e-06
1.79542375e-06
1.79081922e-06
1.78622671e-06
1.78164618e-06
1.77707761e-06
1.77252096e-06
1.76797620e-06
1.76344330e-06
1.75892223e-06
1.75441295e-06
1.74991544e-06
1.74542966e-06
1.74095558e-06
1.73649318e-06
1.73204241e-06
1.72760326e-06
1.72317568e-06
1.71875965e-06
1.71435514e-06
1.70996212e-06
1.70558055e-06
1.70121040e-06
1.69685166e-06
1.69250427e-06
1.68816822e-06
1.68384348e-06
1.67953001e-06
1.67522779e-06
1.67093678e-06
1.66665695e-06
1.66238829e-06
1.65813074e-06
1.65388430e-06
1.64964892e-06
1.64542458e-06
1.64121124e-06
1.63700889e-06
1.63281749e-06
1.62863700e-06
1.62446741e-06
1.62030869e-06
1.61616079e-06
1.61202371e-06
1.60789740e-06
1.60378184e-06
1.59967699e-06
1.59558284e-06
1.59149936e-06
1.58742650e-06
1.58336426e-06
1.57931259e-06
1.57527148e-06
1.57124088e-06
1.56722078e-06
1.56321115e-06
1.55921196e-06
1.55522318e-06
1.55124478e-06
1.54727674e-06
1.54331903e-06
1.53937162e-06
1.53543449e-06
1.53150760e-06
1.52759093e-06
1.52368445e-06
1.51978815e-06
1.51590198e-06
1.51202592e-06
1.50815995e-06
1.50430404e-06
1.50045815e-06
1.49662228e-06
1.49279638e-06
1.48898044e-06
1.48517442e-06
1.48137831e-06
1.47759207e-06
1.47381567e-06
1.47004910e-06
1.46629232e-06
1.46254532e-06
1.45880805e-06
1.45508051e-06
1.45136266e-06
1.44765447e-06
1.44395593e-06
1.44026700e-06
1.43658766e-06
1.43291789e-06
1.42925766e-06
1.42560694e-06
1.42196572e-06
1.41833395e-06
1.41471163e-06
1.41109872e-06
1.40749520e-06
1.40390104e-06
1.40031623e-06
1.39674073e-06
1.39317452e-06
1.38961758e-06
1.38606988e-06
1.38253139e-06
1.37900210e-06
1.37548198e-06
1.37197100e-06
1.36846915e-06
1.36497639e-06
1.36149270e-06
1.35801806e-06
1.35455244e-06
1.35109582e-06
1.34764819e-06
1.34420950e-06
1.34077974e-06
1.33735889e-06
1.33394692e-06
1.33054382e-06
1.32714954e-06
1.32376408e-06
1.32038741e-06
1.31701950e-06
1.31366034e-06
1.31030989e-06
1.30696815e-06
1.30363507e-06
1.30031065e-06
1.29699485e-06
1.29368766e-06
1.29038906e-06
1.28709901e-06
1.28381750e-06
1.28054450e-06
1.27728000e-06
1.27402397e-06
1.27077638e-06
1.26753722e-06
1.26430647e-06
1.26108409e-06
1.25787007e-06
1.25466439e-06
1.25146703e-06
1.24827796e-06
1.24509716e-06
1.24192460e-06
1.23876028e-06
1.23560416e-06
1.23245623e-06
1.22931646e-06
1.22618483e-06
1.22306132e-06
1.21994591e-06
1.21683857e-06
1.21373930e-06
1.21064805e-06
1.20756482e-06
1.20448958e-06
1.20142232e-06
1.19836300e-06
1.19531162e-06
1.19226814e-06
1.18923255e-06
1.18620482e-06
1.18318495e-06
1.18017290e-06
1.17716865e-06
1.17417219e-06
1.17118349e-06
1.16820254e-06
1.16522931e-06
1.16226378e-06
1.15930593e-06
1.15635575e-06
1.15341321e-06
1.15047829e-06
1.14755097e-06
1.14463124e-06
1.14171907e-06
1.13881444e-06
1.13591733e-06
1.13302772e-06
1.13014560e-06
1.12727094e-06
1.12440373e-06
1.12154394e-06
1.11869155e-06
1.11584655e-06
1.11300892e-06
1.11017863e-06
1.10735566e-06
1.10454001e-06
1.10173164e-06
1.09893055e-06
1.09613670e-06
1.09335009e-06
1.09057069e-06
1.08779848e-06
1.08503344e-06
1.08227556e-06
1.07952482e-06
1.07678120e-06
1.07404467e-06
1.07131523e-06
1.06859285e-06
1.06587751e-06
1.06316920e-06
1.06046789e-06
1.05777357e-06
1.05508623e-06
1.05240583e-06
1.04973237e-06
1.04706582e-06
1.04440617e-06
1.04175340e-06
1.03910749e-06
1.03646842e-06
1.03383618e-06
1.03121074e-06
1.02859209e-06
1.02598022e-06
1.02337510e-06
1.02077671e-06
1.01818504e-06
1.01560008e-06
1.01302179e-06
1.01045017e-06
1.00788520e-06
1.00532686e-06
1.00277514e-06
1.00023001e-06
9.97691453e-07
