-964.06306
-964.08412
-964.12241
-964.17422
-964.22895
-964.27697
-964.31328
-964.34086
-964.36579
-964.39119
-964.41702
-964.44178
-964.46418
-964.48444
-964.50349
-964.52192
-964.53977
-964.55687
-964.57299
-964.58814
-964.60256
-964.61643
-964.62981
-964.64271
-964.65508
-964.66695
-964.67834
-964.68929
-964.69986
-964.71004
-964.71986
-964.72931
-964.73843
-964.74725
-964.75582
-964.76413
-964.77217
-964.77995
-964.78751
-964.79484
-964.80196
-964.80886
-964.81555
-964.82203
-964.82833
-964.83444
-964.84038
-964.84615
-964.85177
-964.85725
-964.86258
-964.86777
-964.87281
-964.87769
-964.88245
-964.88707
-964.89157
-964.89596
-964.90024
-964.90443
-964.90849
-964.91246
-964.91634
-964.92013
-964.92383
-964.92744
-964.93098
-964.93443
-964.9378
-964.94109
-964.9443
-964.94744
-964.95051
-964.95351
-964.95644
-964.95929
-964.96208
-964.96479
-964.96745
-964.97005
-964.97259
-964.97508
-964.97752
-964.97992
-964.98226
-964.98453
-964.98676
-964.98895
-964.9911
-964.99321
-964.99527
-964.99729
-964.99926
-965.00119
-965.00309
-965.00495
-965.00677
-965.00855
-965.01029
-965.012
-965.01367
-965.01532
-965.01694
-965.01853
-965.02009
-965.02162
-965.02312
-965.02459
-965.02604
-965.02746
-965.02885
-965.03022
-965.03156
-965.03288
-965.03416
-965.03542
-965.03665
-965.03786
-965.03906
-965.04023
-965.04138
-965.04251
-965.04362
-965.04472
-965.04579
-965.04684
-965.04786
-965.04887
-965.04986
-965.05083
-965.05179
-965.05272
-965.05365
-965.05456
-965.05546
-965.05635
-965.05722
-965.05807
-965.0589
-965.05972
-965.06053
-965.06133
-965.06212
-965.06288
-965.06364
-965.06438
-965.06511
-965.06583
-965.06654
-965.06724
-965.06791
-965.06858
-965.06925
-965.0699
-965.07055
-965.07118
-965.0718
-965.0724
-965.073
-965.07359
-965.07418
-965.07476
-965.07533
-965.07588
-965.07643
-965.07697
-965.0775
-965.07802
-965.07854
-965.07904
-965.07953
-965.08001
-965.08048
-965.08094
-965.0814
-965.08186
-965.0823
-965.08275
-965.08318
-965.08361
-965.08403
-965.08444
-965.08485
-965.08525
-965.08565
-965.08605
-965.08644
-965.08682
-965.0872
-965.08757
-965.08794
-965.0883
-965.08866
-965.08901
-965.08935
-965.08969
-965.09001
-965.09033
-965.09065
-965.09096
-965.09127
-965.09158
-965.09189
-965.09219
-965.09249
-965.09278
-965.09307
-965.09335
-965.09364
-965.09391
-965.09419
-965.09445
-965.09472
-965.09497
-965.09523
-965.09548
-965.09572
-965.09596
-965.0962
-965.09644
-965.09667
-965.0969
-965.09713
-965.09735
-965.09757
-965.09778
-965.098
-965.09821
-965.09841
-965.09862
-965.09883
-965.09903
-965.09922
-965.09942
-965.0996
-965.09979
-965.09998
-965.10016
-965.10034
-965.10052
-965.1007
-965.10087
-965.10104
-965.10121
-965.10138
-965.10155
-965.10171
-965.10187
-965.10204
-965.10219
-965.10235
-965.1025
-965.10265
-965.1028
-965.10295
-965.10309
-965.10323
-965.10337
-965.10352
-965.10366
-965.10379
-965.10393
-965.10407
-965.1042
-965.10433
-965.10445
-965.10458
-965.1047
-965.10483
-965.10495
-965.10507
-965.10519
-965.10531
-965.10543
-965.10554
-965.10566
-965.10577
-965.10588
-965.10599
-965.1061
-965.10621
-965.10632
-965.10642
-965.10653
-965.10663
-965.10673
-965.10683
-965.10693
-965.10703
-965.10713
-965.10722
-965.10732
-965.10741
-965.1075
-965.1076
-965.10769
-965.10778
-965.10787
-965.10795
-965.10804
-965.10813
-965.10821
-965.1083
-965.10838
-965.10846
-965.10854
-965.10862
-965.1087
-965.10878
-965.10886
-965.10894
-965.10901
-965.10909
-965.10916
-965.10923
-965.10931
-965.10938
-965.10945
-965.10952
-965.10959
-965.10966
-965.10973
-965.1098
-965.10987
-965.10993
-965.11
-965.11006
-965.11013
-965.11019
-965.11025
-965.11031
-965.11037
-965.11043
-965.1105
-965.11056
-965.11062
-965.11067
-965.11073
-965.11079
-965.11085
-965.1109
-965.11096
-965.11101
-965.11107
-965.11112
-965.11117
-965.11123
-965.11128
-965.11133
-965.11138
-965.11143
-965.11148
-965.11153
-965.11158
-965.11163
-965.11168
-965.11173
-965.11177
-965.11182
-965.11186
-965.11191
-965.11196
-965.112
-965.11205
-965.11209
-965.11213
-965.11218
-965.11222
-965.11226
-965.1123
-965.11235
-965.11239
-965.11243
-965.11247
-965.11251
-965.11255
-965.11259
-965.11263
-965.11266
-965.1127
-965.11274
-965.11278
-965.11281
-965.11285
-965.11289
-965.11292
-965.11296
-965.11299
-965.11303
-965.11306
-965.11309
-965.11313
-965.11316
-965.11319
-965.11323
-965.11326
-965.11329
-965.11332
-965.11335
-965.11338
-965.11341
-965.11344
-965.11347
-965.1135
-965.11353
-965.11356
-965.11359
-965.11362
-965.11365
-965.11368
-965.11371
-965.11373
-965.11376
-965.11379
-965.11382
-965.11384
-965.11387
-965.11389
-965.11392
-965.11395
-965.11397
-965.114
-965.11402
-965.11405
-965.11407
-965.11409
-965.11412
-965.11414
-965.11417
-965.11419
-965.11421
-965.11423
-965.11426
-965.11428
-965.1143
-965.11432
-965.11435
-965.11437
-965.11439
-965.11441
-965.11443
-965.11445
-965.11447
-965.11449
-965.11451
-965.11453
-965.11455
-965.11457
-965.11459
-965.11461
-965.11463
-965.11465
-965.11467
-965.11469
-965.11471
-965.11473
-965.11474
-965.11476
-965.11478
-965.1148
-965.11482
-965.11483
-965.11485
-965.11487
-965.11488
-965.1149
-965.11492
-965.11493
-965.11495
-965.11497
-965.11498
-965.115
-965.11501
-965.11503
-965.11504
-965.11506
-965.11508
-965.11509
-965.11511
-965.11512
-965.11514
-965.11515
-965.11516
-965.11518
-965.11519
-965.11521
-965.11522
-965.11523
-965.11525
-965.11526
-965.11528
-965.11529
-965.1153
-965.11532
-965.11533
-965.11534
-965.11535
-965.11537
-965.11538
-965.11539
-965.1154
-965.11542
-965.11543
-965.11544
-965.11545
-965.11546
-965.11548
-965.11549
-965.1155
-965.11551
-965.11552
-965.11553
-965.11555
-965.11556
-965.11557
-965.11558
-965.11559
-965.1156
-965.11561
-965.11562
-965.11563
-965.11564
-965.11565
-965.11566
-965.11567
-965.11568
-965.11569
-965.1157
-965.11571
-965.11572
-965.11573
-965.11574
-965.11575
-965.11576
-965.11577
-965.11578
-965.11579
-965.1158
-965.11581
-965.11581
-965.11582
-965.11583
-965.11584
-965.11585
-965.11586
-965.11587
-965.11588
-965.11588
-965.11589
-965.1159
-965.11591
-965.11592
-965.11592
-965.11593
-965.11594
-965.11595
-965.11596
-965.11596
-965.11597
-965.11598
-965.11599
-965.11599
-965.116
-965.11601
-965.11602
-965.11602
-965.11603
-965.11604
-965.11604
-965.11605
-965.11606
-965.11607
-965.11607
-965.11608
-965.11609
-965.11609
-965.1161
-965.1161
-965.11611
-965.11612
-965.11612
-965.11613
-965.11614
-965.11614
-965.11615
-965.11616
-965.11616
-965.11617
-965.11617
-965.11618
-965.11619
-965.11619
-965.1162
-965.1162
-965.11621
-965.11621
-965.11622
-965.11623
-965.11623
-965.11624
-965.11624
-965.11625
-965.11625
-965.11626
-965.11626
-965.11627
-965.11627
-965.11628
-965.11628
-965.11629
-965.11629
-965.1163
-965.1163
-965.11631
-965.11631
-965.11632
-965.11632
-965.11633
-965.11633
-965.11634
-965.11634
-965.11635
-965.11635
-965.11636
-965.11636
-965.11637
-965.11637
-965.11637
-965.11638
-965.11638
-965.11639
-965.11639
-965.1164
-965.1164
-965.1164
-965.11641
-965.11641
-965.11642
-965.11642
-965.11642
-965.11643
-965.11643
-965.11644
-965.11644
-965.11644
-965.11645
-965.11645
-965.11645
-965.11646
-965.11646
-965.11647
-965.11647
-965.11647
-965.11648
-965.11648
-965.11648
-965.11649
-965.11649
-965.11649
-965.1165
-965.1165
-965.1165
-965.11651
-965.11651
-965.11651
-965.11652
-965.11652
-965.11652
-965.11653
-965.11653
-965.11653
-965.11654
-965.11654
-965.11654
-965.11655
-965.11655
-965.11655
-965.11655
-965.11656
-965.11656
-965.11656
-965.11657
-965.11657
-965.11657
-965.11657
-965.11658
-965.11658
-965.11658
-965.11659
-965.11659
-965.11659
-965.11659
-965.1166
-965.1166
-965.1166
-965.1166
-965.11661
-965.11661
-965.11661
-965.11661
-965.11662
-965.11662
-965.11662
-965.11662
-965.11663
-965.11663
-965.11663
-965.11663
-965.11664
-965.11664
-965.11664
-965.11664
-965.11665
-965.11665
-965.11665
-965.11665
-965.11665
-965.11666
-965.11666
-965.11666
-965.11666
-965.11666
-965.11667
-965.11667
-965.11667
-965.11667
-965.11668
-965.11668
-965.11668
-965.11668
-965.11668
-965.11669
-965.11669
-965.11669
-965.11669
-965.11669
-965.1167
-965.1167
-965.1167
-965.1167
-965.1167
-965.1167
-965.11671
-965.11671
-965.11671
-965.11671
-965.11671
-965.11672
-965.11672
-965.11672
-965.11672
-965.11672
-965.11672
-965.11673
-965.11673
-965.11673
-965.11673
-965.11673
-965.11673
-965.11674
-965.11674
-965.11674
-965.11674
-965.11674
-965.11674
-965.11675
-965.11675
-965.11675
-965.11675
-965.11675
-965.11675
-965.11675
-965.11676
-965.11676
-965.11676
-965.11676
-965.11676
-965.11676
-965.11676
-965.11677
-965.11677
-965.11677
-965.11677
-965.11677
-965.11677
-965.11677
-965.11678
-965.11678
-965.11678
-965.11678
-965.11678
-965.11678
-965.11678
-965.11678
-965.11679
-965.11679
-965.11679
-965.11679
-965.11679
-965.11679
-965.11679
-965.11679
-965.1168
-965.1168
-965.1168
-965.1168
-965.1168
-965.1168
-965.1168
-965.1168
-965.1168
-965.11681
-965.11681
-965.11681
-965.11681
-965.11681
-965.11681
-965.11681
-965.11681
-965.11681
-965.11682
-965.11682
-965.11682
-965.11682
-965.11682
-965.11682
-965.11682
-965.11682
-965.11682
-965.11682
-965.11683
-965.11683
-965.11683
-965.11683
-965.11683
-965.11683
-965.11683
-965.11683
-965.11683
-965.11683
-965.11684
-965.11684
-965.11684
-965.11684
-965.11684
-965.11684
-965.11684
-965.11684
-965.11684
-965.11684
-965.11684
-965.11684
-965.11685
-965.11685
-965.11685
-965.11685
-965.11685
-965.11685
-965.11685
-965.11685
-965.11685
-965.11685
-965.11685
-965.11685
-965.11686
-965.11686
-965.11686
-965.11686
-965.11686
-965.11686
-965.11686
-965.11686
-965.11686
-965.11686
-965.11686
-965.11686
-965.11686
-965.11686
-965.11687
-965.11687
-965.11687
-965.11687
-965.11687
-965.11687
-965.11687
-965.11687
-965.11687
-965.11687
-965.11687
-965.11687
-965.11687
-965.11687
-965.11688
-965.11688
-965.11688
-965.11688
-965.11688
-965.11688
-965.11688
-965.11688
-965.11688
-965.11688
-965.11688
-965.11688
-965.11688
-965.11688
-965.11688
-965.11688
-965.11688
-965.11689
-965.11689
-965.11689
-965.11689
-965.11689
-965.11689
-965.11689
-965.11689
-965.11689
-965.11689
-965.11689
-965.11689
-965.11689
-965.11689
-965.11689
-965.11689
-965.11689
-965.11689
-965.1169
-965.1169
-965.1169
-965.1169
-965.1169
-965.1169
-965.1169
-965.1169
-965.1169
-965.1169
-965.1169
-965.1169
-965.1169
-965.1169
-965.1169
-965.1169
-965.1169
-965.1169
-965.1169
-965.1169
-965.1169
-965.11691
-965.11691
-965.11691
-965.11691
-965.11691
-965.11691
-965.11691
-965.11691
-965.11691
-965.11691
-965.11691
-965.11691
-965.11691
-965.11691
-965.11691
-965.11691
-965.11691
-965.11691
-965.11691
-965.11691
-965.11691
-965.11691
-965.11691
-965.11691
-965.11691
-965.11692
-965.11692
-965.11692
-965.11692
-965.11692
-965.11692
-965.11692
-965.11692
-965.11692
-965.11692
-965.11692
-965.11692
-965.11692
-965.11692
-965.11692
-965.11692
-965.11692
-965.11692
-965.11692
-965.11692
-965.11692
-965.11692
-965.11692
-965.11692
-965.11692
-965.11692
-965.11692
-965.11692
-965.11693
-965.11693
-965.11693
-965.11693
-965.11693
-965.11693
-965.11693
-965.11693
-965.11693
-965.11693
-965.11693
-965.11693
-965.11693
-965.11693
-965.11693
-965.11693
-965.11693
-965.11693
-965.11693
-965.11693
-965.11693
-965.11693
-965.11693
-965.11693
-965.11693
-965.11693
-965.11693
-965.11693
-965.11693
-965.11693
-965.11693
-965.11693
-965.11693
-965.11693
-965.11693
-965.11694
-965.11694
-965.11694
-965.11694
-965.11694
-965.11694
-965.11694
-965.11694
-965.11694
-965.11694
-965.11694
-965.11694
-965.11694
-965.11694
-965.11694
-965.11694
-965.11694
-965.11694
-965.11694
-965.11694
-965.11694
-965.11694
-965.11694
-965.11694
-965.11694
-965.11694
-965.11694
-965.11694
-965.11694
-965.11694
-965.11694
-965.11694
-965.11694
-965.11694
-965.11694
-965.11694
-965.11694
-965.11694
-965.11694
-965.11694
-965.11694
-965.11694
-965.11694
-965.11694
-965.11694
-965.11694
-965.11694
-965.11695
-965.11695
-965.11695
-965.11695
-965.11695
-965.11695
-965.11695
-965.11695
-965.11695
-965.11695
-965.11695
-965.11695
-965.11695
-965.11695
-965.11695
-965.11695
-965.11695
-965.11695
-965.11695
-965.11695
-965.11695
-965.11695
-965.11695
-965.11695
-965.11695
-965.11695
-965.11695
-965.11695
-965.11695
-965.11695
-965.11695
-965.11695
-965.11695
-965.11695
-965.11695
-965.11695
-965.11695
-965.11695
-965.11695
-965.11695
-965.11695
-965.11695
-965.11695
-965.11695
-965.11695
-965.11695
-965.11695
-965.11695
-965.11695
-965.11695
-965.11695
-965.11695
-965.11695
-965.11695
-965.11695
-965.11695
-965.11695
-965.11695
-965.11695
-965.11695
-965.11695
-965.11695
-965.11695
-965.11695
-965.11695
-965.11695
-965.11695
-965.11695
-965.11695
-965.11696
-965.11696
-965.11696
-965.11696
-965.11696
-965.11696
-965.11696
-965.11696
-965.11696
-965.11696
-965.11696
-965.11696
-965.11696
-965.11696
-965.11696
-965.11696
-965.11696
-965.11696
-965.11696
-965.11696
-965.11696
-965.11696
-965.11696
-965.11696
-965.11696
-965.11696
-965.11696
-965.11696
-965.11696
-965.11696
-965.11696
-965.11696
-965.11696
-965.11696
-965.11696
-965.11696
-965.11696
-965.11696
-965.11696
-965.11696
-965.11696
-965.11696
-965.11696
-965.11696
-965.11696
-965.11696
-965.11696
-965.11696
-965.11696
-965.11696
-965.11696
-965.11696
-965.11696
-965.11696
-965.11696
-965.11696
-965.11696
-965.11696
-965.11696
-965.11696
-965.11696
-965.11696
-965.11696
-965.11696
-965.11696
-965.11696
-965.11696
-965.11696
-965.11696
-965.11696
-965.11696
-965.11696
-965.11696
-965.11696
-965.11696
-965.11696
-965.11696
-965.11696
-965.11696
-965.11696
-965.11696
-965.11696
-965.11696
-965.11696
-965.11696
-965.11696
-965.11696
-965.11696
-965.11696
-965.11696
-965.11696
-965.11696
-965.11696
-965.11696
-965.11696
-965.11696
-965.11696
-965.11696
-965.11696
-965.11696
-965.11696
-965.11696
-965.11696
-965.11696
-965.11696
-965.11696
-965.11696
-965.11696
-965.11696
-965.11696
-965.11696
-965.11696
-965.11696
-965.11696
-965.11696
-965.11696
-965.11696
-965.11696
-965.11696
-965.11696
-965.11696
-965.11696
-965.11696
-965.11696
-965.11696
-965.11696
-965.11697
-965.11697
-965.11697
-965.11697
-965.11697
-965.11697
-965.11697
-965.11697
-965.11697
-965.11697
-965.11697
-965.11697
-965.11697
-965.11697
-965.11697
-965.11697
-965.11697
-965.11697
-965.11697
-965.11697
-965.11697
-965.11697
-965.11697
-965.11697
-965.11697
-965.11697
-965.11697
-965.11697
-965.11697
-965.11697
-965.11697
-965.11697
-965.11697
-965.11697
-965.11697
-965.11697
-965.11697
-965.11697
-965.11697
-965.11697
-965.11697
-965.11697
-965.11697
-965.11697
-965.11697
-965.11697
-965.11697
-965.11697
-965.11697
-965.11697
-965.11697
-965.11697
-965.11697
-965.11697
-965.11697
-965.11697
-965.11697
-965.11697
-965.11697
-965.11697
-965.11697
-965.11697
-965.11697
-965.11697
-965.11697
-965.11697
-965.11697
-965.11697
-965.11697
-965.11697
-965.11697
-965.11697
-965.11697
-965.11697
-965.11697
-965.11697
-965.11697
-965.11697
-965.11697
-965.11697
-965.11697
-965.11697
-965.11697
-965.11697
-965.11697
-965.11697
-965.11697
-965.11697
-965.11697
-965.11697
-965.11697
-965.11697
-965.11697
-965.11697
-965.11697
-965.11697
-965.11697
-965.11697
-965.11697
-965.11697
-965.11697
-965.11697
-965.11697
-965.11697
-965.11697
-965.11697
-965.11697
-965.11697
-965.11697
-965.11697
-965.11697
-965.11697
-965.11697
-965.11697
-965.11697
-965.11697
-965.11697
-965.11697
-965.11697
-965.11697
-965.11697
-965.11697
-965.11697
-965.11697
-965.11697
-965.11697
-965.11697
-965.11697
-965.11697
-965.11697
-965.11697
-965.11697
-965.11697
-965.11697
-965.11697
-965.11697
-965.11697
-965.11697
-965.11697
-965.11697
-965.11697
-965.11697
-965.11697
-965.11697
-965.11697
-965.11697
-965.11697
-965.11697
-965.11697
-965.11697
-965.11697
-965.11697
-965.11697
-965.11697
-965.11697
-965.11697
-965.11697
-965.11697
-965.11697
-965.11697
-965.11697
-965.11697
-965.11697
-965.11697
-965.11697
-965.11697
-965.11697
-965.11697
-965.11697
-965.11697
-965.11697
-965.11697
-965.11697
-965.11697
-965.11697
-965.11697
-965.11697
-965.11697
-965.11697
-965.11697
-965.11697
-965.11697
-965.11697
-965.11697
-965.11697
-965.11697
-965.11697
-965.11697
-965.11697
-965.11697
-965.11697
-965.11697
-965.11697
-965.11697
-965.11697
-965.11697
-965.11697
-965.11697
-965.11697
-965.11697
-965.11697
-965.11697
-965.11697
-965.11697
-965.11697
-965.11697
-965.11697
-965.11697
-965.11697
-965.11697
-965.11697
-965.11697
-965.11697
-965.11697
-965.11697
-965.11697
-965.11697
-965.11697
-965.11697
-965.11697
-965.11697
-965.11697
-965.11697
-965.11697
-965.11697
-965.11697
-965.11697
-965.11697
-965.11697
-965.11697
-965.11697
-965.11697
-965.11697
-965.11697
-965.11697
-965.11697
-965.11697
-965.11697
-965.11697
-965.11697
-965.11697
-965.11697
-965.11697
-965.11697
-965.11697
-965.11697
-965.11697
-965.11697
-965.11697
-965.11697
-965.11697
-965.11697
-965.11697
-965.11697
-965.11697
-965.11697
-965.11697
-965.11697
-965.11697
-965.11697
-965.11697
-965.11697
-965.11697
-965.11697
-965.11697
-965.11697
-965.11697
-965.11697
-965.11697
-965.11697
-965.11697
-965.11697
-965.11697
-965.11697
-965.11697
-965.11697
-965.11697
-965.11697
-965.11697
-965.11697
-965.11697
-965.11697
-965.11697
-965.11697
-965.11697
-965.11697
-965.11697
-965.11697
-965.11697
-965.11697
-965.11697
-965.11697
-965.11697
-965.11697
-965.11697
-965.11697
-965.11697
-965.11697
-965.11697
-965.11697
-965.11697
-965.11697
-965.11697
-965.11697
-965.11697
-965.11697
-965.11697
-965.11697
-965.11697
-965.11697
-965.11697
-965.11697
-965.11697
-965.11697
-965.11697
-965.11697
-965.11697
-965.11697
-965.11697
-965.11697
-965.11697
-965.11697
-965.11697
-965.11697
-965.11697
-965.11697
-965.11697
-965.11697
-965.11697
-965.11697
-965.11697
-965.11697
-965.11697
-965.11697
-965.11697
-965.11697
-965.11697
-965.11697
-965.11697
-965.11697
-965.11697
-965.11697
-965.11697
-965.11697
-965.11697
-965.11697
-965.11697
-965.11697
-965.11697
-965.11697
-965.11697
-965.11697
-965.11697
-965.11697
-965.11697
-965.11697
-965.11697
-965.11697
-965.11697
-965.11697
-965.11697
-965.11697
-965.11697
-965.11697
-965.11697
-965.11697
-965.11697
-965.11697
-965.11697
-965.11697
-965.11697
-965.11697
-965.11697
-965.11697
-965.11697
-965.11697
-965.11697
-965.11697
-965.11697
-965.11697
-965.11697
-965.11697
-965.11697
-965.11697
-965.11697
-965.11697
-965.11697
-965.11697
-965.11697
-965.11697
-965.11697
-965.11697
-965.11697
-965.11697
-965.11697
-965.11697
-965.11697
-965.11697
-965.11697
-965.11697
-965.11697
-965.11697
-965.11697
-965.11697
-965.11697
-965.11697
-965.11697
-965.11697
-965.11697
-965.11697
-965.11697
-965.11697
-965.11697
-965.11697
-965.11697
-965.11697
-965.11697
-965.11697
-965.11697
-965.11697
-965.11697
-965.11697
-965.11697
-965.11697
-965.11697
-965.11697
-965.11697
-965.11697
-965.11697
-965.11697
-965.11697
-965.11697
-965.11697
-965.11697
-965.11697
-965.11697
-965.11697
-965.11697
-965.11697
-965.11697
-965.11697
-965.11697
-965.11697
-965.11697
-965.11697
-965.11697
-965.11697
-965.11697
-965.11697
-965.11697
-965.11697
-965.11697
-965.11697
-965.11697
-965.11697
-965.11697
-965.11697
-965.11697
-965.11697
-965.11697
-965.11697
-965.11697
-965.11697
-965.11697
-965.11697
-965.11697
-965.11697
-965.11697
-965.11697
-965.11697
-965.11697
-965.11697
-965.11697
-965.11697
-965.11697
-965.11697
-965.11697
-965.11697
-965.11697
-965.11697
-965.11697
-965.11697
-965.11697
-965.11697
-965.11697
-965.11697
-965.11697
-965.11697
-965.11697
-965.11697
-965.11697
-965.11697
-965.11697
-965.11697
-965.11697
-965.11697
-965.11697
-965.11697
-965.11697
-965.11697
-965.11697
-965.11697
-965.11697
-965.11697
-965.11697
-965.11697
-965.11697
-965.11697
-965.11697
-965.11697
-965.11697
-965.11697
-965.11697
-965.11697
-965.11697
-965.11697
-965.11697
-965.11697
-965.11697
-965.11697
-965.11697
-965.11697
-965.11697
-965.11697
-965.11697
-965.11697
-965.11697
-965.11697
-965.11697
-965.11697
-965.11697
-965.11697
-965.11697
-965.11697
-965.11697
-965.11697
-965.11697
-965.11697
-965.11697
-965.11697
-965.11697
-965.11697
-965.11697
-965.11697
-965.11697
-965.11697
-965.11697
-965.11697
-965.11697
-965.11697
-965.11697
-965.11697
-965.11697
-965.11697
-965.11697
-965.11697
-965.11697
-965.11697
-965.11697
-965.11697
-965.11697
-965.11697
-965.11697
-965.11697
-965.11697
-965.11697
-965.11697
-965.11697
-965.11697
-965.11697
-965.11697
-965.11697
-965.11697
-965.11697
-965.11697
-965.11697
-965.11697
-965.11697
-965.11697
-965.11697
-965.11697
-965.11697
-965.11697
-965.11697
-965.11697
-965.11697
-965.11697
-965.11697
-965.11697
-965.11697
-965.11697
-965.11697
-965.11697
-965.11697
-965.11697
-965.11697
-965.11697
-965.11697
-965.11697
-965.11697
-965.11697
-965.11697
-965.11697
-965.11697
-965.11697
-965.11697
-965.11697
-965.11697
-965.11697
-965.11697
-965.11697
-965.11697
-965.11697
-965.11697
-965.11697
-965.11697
-965.11697
-965.11697
-965.11697
-965.11697
-965.11697
-965.11697
-965.11697
-965.11697
-965.11697
-965.11697
-965.11697
-965.11697
-965.11697
-965.11697
-965.11697
-965.11697
-965.11697
-965.11697
-965.11697
-965.11697
-965.11697
-965.11697
-965.11697
-965.11697
-965.11697
-965.11697
-965.11697
-965.11697
-965.11697
-965.11697
-965.11697
-965.11697
-965.11697
-965.11697
-965.11697
-965.11697
-965.11697
-965.11697
-965.11697
-965.11697
-965.11697
-965.11697
-965.11697
-965.11697
-965.11697
-965.11697
-965.11697
-965.11697
-965.11697
-965.11697
-965.11697
-965.11697
-965.11697
-965.11697
-965.11697
-965.11697
-965.11697
-965.11697
-965.11697
-965.11697
-965.11697
-965.11697
-965.11697
-965.11697
-965.11697
-965.11697
-965.11697
-965.11697
-965.11697
-965.11697
-965.11697
-965.11697
-965.11697
-965.11697
-965.11697
-965.11697
-965.11697
-965.11697
-965.11697
-965.11697
-965.11697
-965.11697
-965.11697
-965.11697
-965.11697
-965.11697
-965.11697
-965.11697
-965.11697
-965.11697
-965.11697
-965.11697
-965.11697
-965.11697
-965.11697
-965.11697
-965.11697
-965.11697
-965.11697
-965.11697
-965.11697
-965.11697
-965.11697
-965.11697
-965.11697
-965.11697
-965.11697
-965.11697
-965.11697
-965.11697
-965.11697
-965.11697
-965.11697
-965.11697
-965.11697
-965.11697
-965.11697
-965.11697
-965.11697
-965.11697
-965.11697
-965.11697
-965.11697
-965.11697
-965.11697
-965.11697
-965.11697
-965.11697
-965.11697
-965.11697
-965.11697
-965.11697
-965.11697
-965.11697
-965.11697
-965.11697
-965.11697
-965.11697
-965.11697
-965.11697
-965.11697
-965.11697
-965.11697
-965.11697
-965.11697
-965.11697
-965.11697
-965.11697
-965.11697
-965.11697
-965.11697
-965.11697
-965.11697
-965.11697
-965.11697
-965.11697
-965.11697
-965.11697
-965.11697
-965.11697
-965.11697
-965.11697
-965.11697
-965.11697
-965.11697
-965.11697
-965.11697
-965.11697
-965.11697
-965.11697
-965.11697
-965.11697
-965.11697
-965.11697
-965.11697
-965.11697
-965.11697
-965.11697
-965.11697
-965.11697
-965.11697
-965.11697
-965.11697
-965.11697
-965.11697
-965.11697
-965.11697
-965.11697
-965.11697
-965.11697
-965.11697
-965.11697
-965.11697
-965.11697
-965.11697
-965.11697
-965.11697
-965.11697
-965.11697
-965.11697
-965.11697
-965.11697
-965.11697
-965.11697
-965.11697
-965.11697
-965.11697
-965.11697
-965.11697
-965.11697
-965.11697
-965.11697
-965.11697
-965.11697
-965.11697
-965.11697
-965.11697
-965.11697
-965.11697
-965.11697
-965.11697
-965.11697
-965.11697
-965.11697
-965.11697
-965.11697
-965.11697
-965.11697
-965.11697
-965.11697
-965.11697
-965.11697
-965.11697
-965.11697
-965.11697
-965.11697
-965.11697
-965.11697
-965.11697
-965.11697
-965.11697
-965.11697
-965.11697
-965.11697
-965.11697
-965.11697
-965.11697
-965.11697
-965.11697
-965.11697
-965.11697
-965.11697
-965.11697
-965.11697
-965.11697
-965.11697
-965.11697
-965.11697
-965.11697
-965.11697
-965.11697
-965.11697
-965.11697
-965.11697
-965.11697
-965.11697
-965.11697
-965.11697
-965.11697
-965.11697
-965.11697
-965.11697
-965.11697
-965.11697
-965.11697
-965.11697
-965.11697
-965.11697
-965.11697
-965.11697
-965.11697
-965.11697
-965.11697
-965.11697
-965.11697
-965.11697
-965.11697
-965.11697
-965.11697
-965.11697
-965.11697
-965.11697
-965.11697
-965.11697
-965.11697
-965.11697
-965.11697
-965.11697
-965.11697
-965.11697
-965.11697
-965.11697
-965.11697
-965.11697
-965.11697
-965.11697
-965.11697
-965.11697
-965.11697
-965.11697
-965.11697
-965.11697
-965.11697
-965.11697
-965.11697
-965.11697
-965.11697
-965.11697
-965.11697
-965.11697
-965.11697
-965.11697
-965.11697
-965.11697
-965.11697
-965.11697
-965.11697
-965.11697
-965.11697
-965.11697
-965.11697
-965.11697
-965.11697
-965.11697
-965.11697
-965.11697
-965.11697
-965.11697
-965.11697
-965.11697
-965.11697
-965.11697
-965.11697
-965.11697
-965.11697
-965.11697
-965.11697
-965.11697
-965.11697
-965.11697
-965.11697
-965.11697
-965.11697
-965.11697
-965.11697
-965.11697
-965.11697
-965.11697
-965.11697
-965.11697
-965.11697
-965.11697
-965.11697
-965.11697
-965.11697
-965.11697
-965.11697
-965.11697
-965.11697
-965.11697
-965.11697
-965.11697
-965.11697
-965.11697
-965.11697
-965.11697
-965.11697
-965.11697
-965.11697
-965.11697
-965.11697
-965.11697
-965.11697
-965.11697
-965.11697
-965.11697
-965.11697
-965.11697
-965.11697
-965.11697
-965.11697
-965.11697
-965.11697
-965.11697
-965.11697
-965.11697
-965.11697
-965.11697
-965.11697
-965.11697
-965.11697
-965.11697
-965.11697
-965.11697
-965.11697
-965.11697
-965.11697
-965.11697
-965.11697
-965.11697
-965.11697
-965.11697
-965.11697
-965.11697
-965.11697
-965.11697
-965.11697
-965.11697
-965.11697
-965.11697
-965.11697
-965.11697
-965.11697
-965.11697
-965.11697
-965.11697
-965.11697
-965.11697
-965.11697
-965.11697
-965.11697
-965.11697
-965.11697
-965.11697
-965.11697
-965.11697
-965.11697
-965.11697
-965.11697
-965.11697
-965.11697
-965.11697
-965.11697
-965.11697
-965.11697
-965.11697
-965.11697
-965.11697
-965.11697
-965.11697
-965.11697
-965.11697
-965.11697
-965.11697
-965.11697
-965.11697
-965.11697
-965.11697
-965.11697
-965.11697
-965.11697
-965.11697
-965.11697
-965.11697
-965.11697
-965.11697
-965.11697
-965.11697
-965.11697
-965.11697
-965.11697
-965.11697
-965.11697
-965.11697
-965.11697
-965.11697
-965.11697
-965.11697
-965.11697
-965.11697
-965.11697
-965.11697
-965.11697
-965.11697
-965.11697
-965.11697
-965.11697
-965.11697
-965.11697
-965.11697
-965.11697
-965.11697
-965.11697
-965.11697
-965.11697
-965.11697
-965.11697
-965.11697
-965.11697
-965.11697
-965.11697
-965.11697
-965.11697
-965.11697
-965.11697
-965.11697
-965.11697
-965.11697
-965.11697
-965.11697
-965.11697
-965.11697
-965.11697
-965.11697
-965.11697
-965.11697
-965.11697
-965.11697
-965.11697
-965.11697
-965.11697
-965.11697
-965.11697
-965.11697
-965.11697
-965.11697
-965.11697
-965.11697
-965.11697
-965.11697
-965.11697
-965.11697
-965.11697
-965.11697
-965.11697
-965.11697
-965.11697
-965.11697
-965.11697
-965.11697
-965.11697
-965.11697
-965.11697
-965.11697
-965.11697
-965.11697
-965.11697
-965.11697
-965.11697
-965.11697
-965.11697
-965.11697
-965.11697
-965.11697
-965.11697
-965.11697
-965.11697
-965.11697
-965.11697
-965.11697
-965.11697
-965.11697
-965.11697
-965.11697
-965.11697
-965.11697
-965.11697
-965.11697
-965.11697
-965.11697
-965.11697
-965.11697
-965.11697
-965.11697
-965.11697
-965.11697
-965.11697
-965.11697
-965.11697
-965.11697
-965.11697
-965.11697
-965.11697
-965.11697
-965.11697
-965.11697
-965.11697
-965.11697
-965.11697
-965.11697
-965.11697
-965.11697
-965.11697
-965.11697
-965.11697
-965.11697
-965.11697
-965.11697
-965.11697
-965.11697
-965.11697
-965.11697
-965.11697
-965.11697
-965.11697
-965.11697
-965.11697
-965.11697
-965.11697
-965.11697
-965.11697
-965.11697
-965.11697
-965.11697
-965.11697
-965.11697
-965.11697
-965.11697
-965.11697
-965.11697
-965.11697
-965.11697
-965.11697
-965.11697
-965.11697
-965.11697
-965.11697
-965.11697
-965.11697
-965.11697
-965.11697
-965.11697
-965.11697
-965.11697
-965.11697
-965.11697
-965.11697
-965.11697
-965.11697
-965.11697
-965.11697
-965.11697
-965.11697
-965.11697
-965.11697
-965.11697
-965.11697
-965.11697
-965.11697
-965.11697
-965.11697
-965.11697
-965.11697
-965.11697
-965.11697
-965.11697
-965.11697
-965.11697
-965.11697
-965.11697
-965.11697
-965.11697
-965.11697
-965.11697
-965.11697
-965.11697
-965.11697
-965.11697
-965.11697
-965.11697
-965.11697
-965.11697
-965.11697
-965.11697
-965.11697
-965.11697
-965.11697
-965.11697
-965.11697
-965.11697
-965.11697
-965.11697
-965.11697
-965.11697
-965.11697
-965.11697
-965.11697
-965.11697
-965.11697
-965.11697
-965.11697
-965.11697
-965.11697
-965.11697
-965.11697
-965.11697
-965.11697
-965.11697
-965.11697
-965.11697
-965.11697
-965.11697
-965.11697
-965.11697
-965.11697
-965.11697
-965.11697
-965.11697
-965.11697
-965.11697
-965.11697
-965.11697
-965.11697
-965.11697
-965.11697
-965.11697
-965.11697
-965.11697
-965.11697
-965.11697
-965.11697
-965.11697
-965.11697
-965.11697
-965.11697
-965.11697
-965.11697
-965.11697
-965.11697
-965.11697
-965.11697
-965.11697
-965.11697
-965.11697
-965.11697
-965.11697
-965.11697
-965.11697
-965.11697
-965.11697
-965.11697
-965.11697
-965.11697
-965.11697
-965.11697
-965.11697
-965.11697
-965.11697
-965.11697
-965.11697
-965.11697
-965.11697
-965.11697
-965.11697
-965.11697
-965.11697
-965.11697
-965.11697
-965.11697
-965.11697
-965.11697
-965.11697
-965.11697
-965.11697
-965.11697
-965.11697
-965.11697
-965.11697
-965.11697
-965.11697
-965.11697
-965.11697
-965.11697
-965.11697
-965.11697
-965.11697
-965.11697
-965.11697
-965.11697
-965.11697
-965.11697
-965.11697
-965.11697
-965.11697
-965.11697
-965.11697
-965.11697
-965.11697
-965.11697
-965.11697
-965.11697
-965.11697
-965.11697
-965.11697
-965.11697
-965.11697
-965.11697
-965.11697
-965.11697
-965.11697
-965.11697
-965.11697
-965.11697
-965.11697
-965.11697
-965.11697
-965.11697
-965.11697
-965.11697
-965.11697
-965.11697
-965.11697
-965.11697
-965.11697
-965.11697
-965.11697
-965.11697
-965.11697
-965.11697
-965.11697
-965.11697
-965.11697
-965.11697
-965.11697
-965.11697
-965.11697
-965.11697
-965.11697
-965.11697
-965.11697
-965.11697
-965.11697
-965.11697
-965.11697
-965.11697
-965.11697
-965.11697
-965.11697
-965.11697
-965.11697
-965.11697
-965.11697
-965.11697
-965.11697
-965.11697
-965.11697
-965.11697
-965.11697
-965.11697
-965.11697
-965.11697
-965.11697
-965.11697
-965.11697
-965.11697
-965.11697
-965.11697
-965.11697
-965.11697
-965.11697
-965.11697
-965.11697
-965.11697
-965.11697
-965.11697
-965.11697
-965.11697
-965.11697
-965.11697
-965.11697
-965.11697
-965.11697
-965.11697
-965.11697
-965.11697
-965.11697
-965.11697
-965.11697
-965.11697
-965.11697
-965.11697
-965.11697
-965.11697
-965.11697
-965.11697
-965.11697
-965.11697
-965.11697
-965.11697
-965.11697
-965.11697
-965.11697
-965.11697
-965.11697
-965.11697
-965.11697
-965.11697
-965.11697
-965.11697
-965.11697
-965.11697
-965.11697
-965.11697
-965.11697
-965.11697
-965.11697
-965.11697
-965.11697
-965.11697
-965.11697
-965.11697
-965.11697
-965.11697
-965.11697
-965.11697
-965.11697
-965.11697
-965.11697
-965.11697
-965.11697
-965.11697
-965.11697
-965.11697
-965.11697
-965.11697
-965.11697
-965.11697
-965.11697
-965.11697
-965.11697
-965.11697
-965.11697
-965.11697
-965.11697
-965.11697
-965.11697
-965.11697
-965.11697
-965.11697
-965.11697
-965.11697
-965.11697
-965.11697
-965.11697
-965.11697
-965.11697
-965.11697
-965.11697
-965.11697
-965.11697
-965.11697
-965.11697
-965.11697
-965.11697
-965.11697
-965.11697
-965.11697
-965.11697
-965.11697
-965.11697
-965.11697
-965.11697
-965.11697
-965.11697
-965.11697
-965.11697
-965.11697
-965.11697
-965.11697
-965.11697
-965.11697
-965.11697
-965.11697
-965.11697
-965.11697
-965.11697
-965.11697
-965.11697
-965.11697
-965.11697
-965.11697
-965.11697
-965.11697
-965.11697
-965.11697
-965.11697
-965.11697
-965.11697
-965.11697
-965.11697
-965.11697
-965.11697
-965.11697
-965.11697
-965.11697
-965.11697
-965.11697
-965.11697
-965.11697
-965.11697
-965.11697
-965.11697
-965.11697
-965.11697
-965.11697
-965.11697
-965.11697
-965.11697
-965.11697
-965.11697
-965.11697
-965.11697
-965.11697
-965.11697
-965.11697
-965.11697
-965.11697
-965.11697
-965.11697
-965.11697
-965.11697
-965.11697
-965.11697
-965.11697
-965.11697
-965.11697
-965.11697
-965.11697
-965.11697
-965.11697
-965.11697
-965.11697
-965.11697
-965.11697
-965.11697
-965.11697
-965.11697
-965.11697
-965.11697
-965.11697
-965.11697
-965.11697
-965.11697
-965.11697
-965.11697
-965.11697
-965.11697
-965.11697
-965.11697
-965.11697
-965.11697
-965.11697
-965.11697
-965.11697
-965.11697
-965.11697
-965.11697
-965.11697
-965.11697
-965.11697
-965.11697
-965.11697
-965.11697
-965.11697
-965.11697
-965.11697
-965.11697
-965.11697
-965.11697
-965.11697
-965.11697
-965.11697
-965.11697
-965.11697
-965.11697
-965.11697
-965.11697
-965.11697
-965.11697
-965.11697
-965.11697
-965.11697
-965.11697
-965.11697
-965.11697
-965.11697
-965.11697
-965.11697
-965.11697
-965.11697
-965.11697
-965.11697
-965.11697
-965.11697
-965.11697
-965.11697
-965.11697
-965.11697
-965.11697
-965.11697
-965.11697
-965.11697
-965.11697
-965.11697
-965.11697
-965.11697
-965.11697
-965.11697
-965.11697
-965.11697
-965.11697
-965.11697
-965.11697
-965.11697
-965.11697
-965.11697
-965.11697
-965.11697
-965.11697
-965.11697
-965.11697
-965.11697
-965.11697
-965.11697
-965.11697
-965.11697
-965.11697
-965.11697
-965.11697
-965.11697
-965.11697
-965.11697
-965.11697
-965.11697
-965.11697
-965.11697
-965.11697
-965.11697
-965.11697
-965.11697
-965.11697
-965.11697
-965.11697
-965.11697
-965.11697
-965.11697
-965.11697
-965.11697
-965.11697
-965.11697
-965.11697
-965.11697
-965.11697
-965.11697
-965.11697
-965.11697
-965.11697
-965.11697
-965.11697
-965.11697
-965.11697
-965.11697
-965.11697
-965.11697
-965.11697
-965.11697
-965.11697
-965.11697
-965.11697
-965.11697
-965.11697
-965.11697
-965.11697
-965.11697
-965.11697
-965.11697
-965.11697
-965.11697
-965.11697
-965.11697
-965.11697
-965.11697
-965.11697
-965.11697
-965.11697
-965.11697
-965.11697
-965.11697
-965.11697
-965.11697
-965.11697
-965.11697
-965.11697
-965.11697
-965.11697
-965.11697
-965.11697
-965.11697
-965.11697
-965.11697
-965.11697
-965.11697
-965.11697
-965.11697
-965.11697
-965.11697
-965.11697
-965.11697
-965.11697
-965.11697
-965.11697
-965.11697
-965.11697
-965.11697
-965.11697
-965.11697
-965.11697
-965.11697
-965.11697
-965.11697
-965.11697
-965.11697
-965.11697
-965.11697
-965.11697
-965.11697
-965.11697
-965.11697
-965.11697
-965.11697
-965.11697
-965.11697
-965.11697
-965.11697
-965.11697
-965.11697
-965.11697
-965.11697
-965.11697
-965.11697
-965.11697
-965.11697
-965.11697
-965.11697
-965.11697
-965.11697
-965.11697
-965.11697
-965.11697
-965.11697
-965.11697
-965.11697
-965.11697
-965.11697
-965.11697
-965.11697
-965.11697
-965.11697
-965.11697
-965.11697
-965.11697
-965.11697
-965.11697
-965.11697
-965.11697
-965.11697
-965.11697
-965.11697
-965.11697
-965.11697
-965.11697
-965.11697
-965.11697
-965.11697
-965.11697
-965.11697
-965.11697
-965.11697
-965.11697
-965.11697
-965.11697
-965.11697
-965.11697
-965.11697
-965.11697
-965.11697
-965.11697
-965.11697
-965.11697
-965.11697
-965.11697
-965.11697
-965.11697
-965.11697
-965.11697
-965.11697
-965.11697
-965.11697
-965.11697
-965.11697
-965.11697
-965.11697
-965.11697
-965.11697
-965.11697
-965.11697
-965.11697
-965.11697
-965.11697
-965.11697
-965.11697
-965.11697
-965.11697
-965.11697
-965.11697
-965.11697
-965.11697
-965.11697
-965.11697
-965.11697
-965.11697
-965.11697
-965.11697
-965.11697
-965.11697
-965.11697
-965.11697
-965.11697
-965.11697
-965.11697
-965.11697
-965.11697
-965.11697
-965.11697
-965.11697
-965.11697
-965.11697
-965.11697
-965.11697
-965.11697
-965.11697
-965.11697
-965.11697
-965.11697
-965.11697
-965.11697
-965.11697
-965.11697
-965.11697
-965.11697
-965.11697
-965.11697
-965.11697
-965.11697
-965.11697
-965.11697
-965.11697
-965.11697
-965.11697
-965.11697
-965.11697
-965.11697
-965.11697
-965.11697
-965.11697
-965.11697
-965.11697
-965.11697
-965.11697
-965.11697
-965.11697
-965.11697
-965.11697
-965.11697
-965.11697
-965.11697
-965.11697
-965.11697
-965.11697
-965.11697
-965.11697
-965.11697
-965.11697
-965.11697
-965.11697
-965.11697
-965.11697
-965.11697
-965.11697
-965.11697
-965.11697
-965.11697
-965.11697
-965.11697
-965.11697
-965.11697
-965.11697
-965.11697
-965.11697
-965.11697
-965.11697
-965.11697
-965.11697
-965.11697
-965.11697
-965.11697
-965.11697
-965.11697
-965.11697
-965.11697
-965.11697
-965.11697
-965.11697
-965.11697
-965.11697
-965.11697
-965.11697
-965.11697
-965.11697
-965.11697
-965.11697
-965.11697
-965.11697
-965.11697
-965.11697
-965.11697
-965.11697
-965.11697
-965.11697
-965.11697
-965.11697
-965.11697
-965.11697
-965.11697
-965.11697
-965.11697
-965.11697
-965.11697
-965.11697
