-962.71725
-962.7865
-962.86338
-962.94697
-963.02943
-963.10372
-963.166
-963.2184
-963.26583
-963.31102
-963.35443
-963.39543
-963.43338
-963.46837
-963.5012
-963.53227
-963.56182
-963.58982
-963.61622
-963.64109
-963.66461
-963.68691
-963.70814
-963.72834
-963.74749
-963.76572
-963.78302
-963.79949
-963.8152
-963.83022
-963.8446
-963.85838
-963.87154
-963.88415
-963.89622
-963.90776
-963.91878
-963.92934
-963.93945
-963.94915
-963.95847
-963.96743
-963.97606
-963.98434
-963.9923
-963.99998
-964.00733
-964.01441
-964.02126
-964.02788
-964.03427
-964.04045
-964.04642
-964.05217
-964.05773
-964.06311
-964.0683
-964.0733
-964.07813
-964.08282
-964.08736
-964.09177
-964.09604
-964.10019
-964.10419
-964.10806
-964.1118
-964.11541
-964.11891
-964.1223
-964.12557
-964.12873
-964.13179
-964.13476
-964.13764
-964.14043
-964.14313
-964.14574
-964.14827
-964.15072
-964.15311
-964.15543
-964.15769
-964.15989
-964.16203
-964.16413
-964.16617
-964.16815
-964.17008
-964.17196
-964.17377
-964.17553
-964.17723
-964.17888
-964.18048
-964.18204
-964.18357
-964.18506
-964.18653
-964.18796
-964.18935
-964.1907
-964.19202
-964.19331
-964.19457
-964.19579
-964.19699
-964.19816
-964.1993
-964.20042
-964.20151
-964.20257
-964.20361
-964.20462
-964.2056
-964.20656
-964.2075
-964.20843
-964.20934
-964.21023
-964.2111
-964.21195
-964.21278
-964.21359
-964.21438
-964.21516
-964.21591
-964.21665
-964.21738
-964.21809
-964.21877
-964.21945
-964.2201
-964.22074
-964.22137
-964.22198
-964.22259
-964.22318
-964.22377
-964.22434
-964.22489
-964.22543
-964.22596
-964.22648
-964.22699
-964.22749
-964.22798
-964.22846
-964.22893
-964.22939
-964.22985
-964.23029
-964.23073
-964.23116
-964.23157
-964.23198
-964.23237
-964.23276
-964.23315
-964.23353
-964.2339
-964.23426
-964.23461
-964.23496
-964.2353
-964.23563
-964.23596
-964.23627
-964.23658
-964.23688
-964.23717
-964.23747
-964.23776
-964.23804
-964.23832
-964.23859
-964.23886
-964.23912
-964.23938
-964.23963
-964.23987
-964.24011
-964.24034
-964.24057
-964.24079
-964.24102
-964.24123
-964.24145
-964.24166
-964.24186
-964.24207
-964.24226
-964.24246
-964.24265
-964.24283
-964.24302
-964.2432
-964.24337
-964.24354
-964.24371
-964.24388
-964.24404
-964.2442
-964.24436
-964.24451
-964.24467
-964.24481
-964.24496
-964.2451
-964.24524
-964.24538
-964.24552
-964.24565
-964.24578
-964.24591
-964.24604
-964.24616
-964.24628
-964.24641
-964.24652
-964.24664
-964.24675
-964.24686
-964.24697
-964.24708
-964.24718
-964.24729
-964.24739
-964.24749
-964.24759
-964.24768
-964.24778
-964.24787
-964.24797
-964.24806
-964.24815
-964.24823
-964.24832
-964.2484
-964.24849
-964.24857
-964.24865
-964.24873
-964.24881
-964.24888
-964.24896
-964.24903
-964.2491
-964.24918
-964.24925
-964.24931
-964.24938
-964.24945
-964.24952
-964.24958
-964.24964
-964.2497
-964.24976
-964.24982
-964.24988
-964.24994
-964.25
-964.25005
-964.25011
-964.25016
-964.25022
-964.25027
-964.25032
-964.25037
-964.25042
