6.59644474e-01
4.29275364e-01
2.65146580e-01
2.47008883e-01
2.68681269e-01
2.66758184e-01
2.42576871e-01
2.10468688e-01
1.86191574e-01
1.75115204e-01
1.70458424e-01
1.64895248e-01
1.56666295e-01
1.47854940e-01
1.40911795e-01
1.36372386e-01
1.33083047e-01
1.29839209e-01
1.26312058e-01
1.22815584e-01
1.19730167e-01
1.17127679e-01
1.14825969e-01
1.12625278e-01
1.10468675e-01
1.08406912e-01
1.06501605e-01
1.04750654e-01
1.03116329e-01
1.01549911e-01
1.00044395e-01
9.86116980e-02
9.72629878e-02
9.59782171e-02
9.47541559e-02
9.35751614e-02
9.24478551e-02
9.13768915e-02
9.03591130e-02
8.93923970e-02
8.84618562e-02
8.75594358e-02
8.66855852e-02
8.58418317e-02
8.50270191e-02
8.42428366e-02
8.34886745e-02
8.27578151e-02
8.20518435e-02
8.13714671e-02
8.07238770e-02
8.01071919e-02
7.95138334e-02
7.89349919e-02
7.83743401e-02
7.78321890e-02
7.73087191e-02
7.67960437e-02
7.62945982e-02
7.58085707e-02
7.53373849e-02
7.48730282e-02
7.44185338e-02
7.39788379e-02
7.35568526e-02
7.31435769e-02
7.27367388e-02
7.23398709e-02
7.19557603e-02
7.15859506e-02
7.12246464e-02
7.08684654e-02
7.05182491e-02
7.01656279e-02
6.98152738e-02
6.94748983e-02
6.91445185e-02
6.88234935e-02
6.85116742e-02
6.82059772e-02
6.79040676e-02
6.76053411e-02
6.73120326e-02
6.70220562e-02
6.67359637e-02
6.64542974e-02
6.61769584e-02
6.59042938e-02
6.56377363e-02
6.53748257e-02
6.51170390e-02
6.48618545e-02
6.46104326e-02
6.43625545e-02
6.41163639e-02
6.38734619e-02
6.36361041e-02
6.33987876e-02
6.31597814e-02
6.29241970e-02
6.26930977e-02
6.24653579e-02
6.22373370e-02
6.20105828e-02
6.17869037e-02
6.15679673e-02
6.13508495e-02
6.11360778e-02
6.09242896e-02
6.07157317e-02
6.05112734e-02
6.03091337e-02
6.01121944e-02
5.99201664e-02
5.97305904e-02
5.95419647e-02
5.93495584e-02
5.91550578e-02
5.89622856e-02
5.87743500e-02
5.85918710e-02
5.84143935e-02
5.82386351e-02
5.80621452e-02
5.78846413e-02
5.77086105e-02
5.75370907e-02
5.73692608e-02
5.72034845e-02
5.70403605e-02
5.68790313e-02
5.67186805e-02
5.65594124e-02
5.64021143e-02
5.62452722e-02
5.60878948e-02
5.59323297e-02
5.57789408e-02
5.56265772e-02
5.54730763e-02
5.53199192e-02
5.51676312e-02
5.50169682e-02
5.48692178e-02
5.47231412e-02
5.45788793e-02
5.44343596e-02
5.42898653e-02
5.41454952e-02
5.40013693e-02
5.38569199e-02
5.37143748e-02
5.35741440e-02
5.34349913e-02
5.32953727e-02
5.31545737e-02
5.30141804e-02
5.28746766e-02
5.27384784e-02
5.26056551e-02
5.24739520e-02
5.23432815e-02
5.22152830e-02
5.20900053e-02
5.19659450e-02
5.18414933e-02
5.17161682e-02
5.15892881e-02
5.14615409e-02
5.13347418e-02
5.12082910e-02
5.10834225e-02
5.09606296e-02
5.08390764e-02
5.07156978e-02
5.05898599e-02
5.04666516e-02
5.03484519e-02
5.02335104e-02
5.01199108e-02
5.00063484e-02
4.98927337e-02
4.97792193e-02
4.96661130e-02
4.95537219e-02
4.94422374e-02
4.93306901e-02
4.92189979e-02
4.91081118e-02
4.89986825e-02
4.88892636e-02
4.87780396e-02
4.86666718e-02
4.85561818e-02
4.84470907e-02
4.83396939e-02
4.82340282e-02
4.81289048e-02
4.80234251e-02
4.79180101e-02
4.78125548e-02
4.77078317e-02
4.76026213e-02
4.74986821e-02
4.73961530e-02
4.72949870e-02
4.71946448e-02
4.70946591e-02
4.69936611e-02
4.68913470e-02
4.67889114e-02
4.66868225e-02
4.65855598e-02
4.64851826e-02
4.63855196e-02
4.62865167e-02
4.61879667e-02
4.60893198e-02
4.59895286e-02
4.58882350e-02
4.57876579e-02
4.56898412e-02
4.55934761e-02
4.54979493e-02
4.54034121e-02
4.53088762e-02
4.52124867e-02
4.51163061e-02
4.50224323e-02
4.49304187e-02
4.48383460e-02
4.47458332e-02
4.46529438e-02
4.45602354e-02
4.44682631e-02
4.43775238e-02
4.42877919e-02
4.41990193e-02
4.41104902e-02
4.40227180e-02
4.39353241e-02
4.38460777e-02
4.37559655e-02
4.36663552e-02
4.35783961e-02
4.34913639e-02
4.34047335e-02
4.33176349e-02
4.32308630e-02
4.31437089e-02
4.30570886e-02
4.29707092e-02
4.28848817e-02
4.27993687e-02
4.27120206e-02
4.26240578e-02
4.25370937e-02
4.24512150e-02
4.23663616e-02
4.22801677e-02
4.21946516e-02
4.21108910e-02
4.20290314e-02
4.19484776e-02
4.18677506e-02
4.17861352e-02
4.17031263e-02
4.16190893e-02
4.15368153e-02
4.14571484e-02
4.13760633e-02
4.12927212e-02
4.12108801e-02
4.11322142e-02
4.10552462e-02
4.09773331e-02
4.08969390e-02
4.08163398e-02
4.07361065e-02
4.06566016e-02
4.05772954e-02
4.04987164e-02
4.04194290e-02
4.03384198e-02
4.02568223e-02
4.01763982e-02
4.00971798e-02
4.00195786e-02
3.99440539e-02
3.98697363e-02
3.97947775e-02
3.97187728e-02
3.96422146e-02
3.95654259e-02
3.94888388e-02
3.94130265e-02
3.93381300e-02
3.92632041e-02
3.91853844e-02
3.91073717e-02
3.90310533e-02
3.89558622e-02
3.88790469e-02
3.88017637e-02
3.87272244e-02
3.86550949e-02
3.85836360e-02
3.85123411e-02
3.84409491e-02
3.83698390e-02
3.82980835e-02
3.82254082e-02
3.81515159e-02
3.80767803e-02
3.80032138e-02
3.79324188e-02
3.78632201e-02
3.77935990e-02
3.77227381e-02
3.76524877e-02
3.75837314e-02
3.75160968e-02
3.74485499e-02
3.73798553e-02
3.73086061e-02
3.72366704e-02
3.71647552e-02
3.70925721e-02
3.70214088e-02
3.69515818e-02
3.68832710e-02
3.68145373e-02
3.67449600e-02
3.66756885e-02
3.66082256e-02
3.65420815e-02
3.64767636e-02
3.64117533e-02
3.63447393e-02
3.62754881e-02
3.62059543e-02
3.61394087e-02
3.60756068e-02
3.60126736e-02
3.59478144e-02
3.58810841e-02
3.58132994e-02
3.57455305e-02
3.56798896e-02
3.56157807e-02
3.55525476e-02
3.54895031e-02
3.54275301e-02
3.53663241e-02
3.53057195e-02
3.52458423e-02
3.51864014e-02
3.51269311e-02
3.50672955e-02
3.50063970e-02
3.49450580e-02
3.48849054e-02
3.48263318e-02
3.47686495e-02
3.47102318e-02
3.46519072e-02
3.45943302e-02
3.45373765e-02
3.44807447e-02
3.44244514e-02
3.43681033e-02
3.43109946e-02
3.42534559e-02
3.41963532e-02
3.41396775e-02
3.40826044e-02
3.40256387e-02
3.39685872e-02
3.39110048e-02
3.38544915e-02
3.37992617e-02
3.37455286e-02
3.36914799e-02
3.36365615e-02
3.35810362e-02
3.35250817e-02
3.34705943e-02
3.34175393e-02
3.33641853e-02
3.33105186e-02
3.32568605e-02
3.32043082e-02
3.31523938e-02
3.30995673e-02
3.30456987e-02
3.29926426e-02
3.29413662e-02
3.28918815e-02
3.28419468e-02
3.27912500e-02
3.27384851e-02
3.26859659e-02
3.26343624e-02
3.25832884e-02
3.25323854e-02
3.24824315e-02
3.24339238e-02
3.23862881e-02
3.23385532e-02
3.22886637e-02
3.22378155e-02
3.21869880e-02
3.21368042e-02
3.20877687e-02
3.20388188e-02
3.19898161e-02
3.19412693e-02
3.18937561e-02
3.18479242e-02
3.18029412e-02
3.17580771e-02
3.17129498e-02
3.16674764e-02
3.16212489e-02
3.15752854e-02
3.15300119e-02
3.14848395e-02
3.14393641e-02
3.13938790e-02
3.13483568e-02
3.13029204e-02
3.12582180e-02
3.12146069e-02
3.11705137e-02
3.11261717e-02
3.10823232e-02
3.10393784e-02
3.09969786e-02
3.09545634e-02
3.09105556e-02
3.08650568e-02
3.08206313e-02
3.07785101e-02
3.07380245e-02
3.06980575e-02
3.06578981e-02
3.06178658e-02
3.05773559e-02
3.05356943e-02
3.04939024e-02
3.04528388e-02
3.04127353e-02
3.03731496e-02
3.03335006e-02
3.02938692e-02
3.02546138e-02
3.02157484e-02
3.01770688e-02
3.01381316e-02
3.00991915e-02
3.00605750e-02
3.00223149e-02
2.99841606e-02
2.99462093e-02
2.99083601e-02
2.98705153e-02
2.98328508e-02
2.97954361e-02
2.97583967e-02
2.97216297e-02
2.96847448e-02
2.96476833e-02
2.96107938e-02
2.95741016e-02
2.95376766e-02
2.95013760e-02
2.94651313e-02
2.94288594e-02
2.93922316e-02
2.93556279e-02
2.93193070e-02
2.92834581e-02
2.92480446e-02
2.92128604e-02
2.91774465e-02
2.91415318e-02
2.91053727e-02
2.90694638e-02
2.90340872e-02
2.89991476e-02
2.89644799e-02
2.89299091e-02
2.88954215e-02
2.88610468e-02
2.88266019e-02
2.87918956e-02
2.87572356e-02
2.87224943e-02
2.86876870e-02
2.86532088e-02
2.86192068e-02
2.85853970e-02
2.85513879e-02
2.85170016e-02
2.84822154e-02
2.84475710e-02
2.84131685e-02
2.83789629e-02
2.83451782e-02
2.83117596e-02
2.82786364e-02
2.82455180e-02
2.82121335e-02
2.81785912e-02
2.81451861e-02
2.81120963e-02
2.80790739e-02
2.80461926e-02
2.80138075e-02
2.79817261e-02
2.79495527e-02
2.79167696e-02
2.78830939e-02
2.78496304e-02
2.78171423e-02
2.77857343e-02
2.77547334e-02
2.77235497e-02
2.76918486e-02
2.76596259e-02
2.76272898e-02
2.75956089e-02
2.75647012e-02
2.75340968e-02
2.75034138e-02
2.74725240e-02
2.74416805e-02
2.74108855e-02
2.73800677e-02
2.73492290e-02
2.73186342e-02
2.72884424e-02
2.72583411e-02
2.72282059e-02
2.71979595e-02
2.71678038e-02
2.71376371e-02
2.71074746e-02
2.70774711e-02
2.70474790e-02
2.70175221e-02
2.69877379e-02
2.69579669e-02
2.69280838e-02
2.68980590e-02
2.68680714e-02
2.68383500e-02
2.68087921e-02
2.67791919e-02
2.67495294e-02
2.67199223e-02
2.66905443e-02
2.66613456e-02
2.66322038e-02
2.66030378e-02
2.65729643e-02
2.65428334e-02
2.65134398e-02
2.64847267e-02
2.64561807e-02
2.64275013e-02
2.63986773e-02
2.63699925e-02
2.63414927e-02
2.63131403e-02
2.62850093e-02
2.62567862e-02
2.62284603e-02
2.62002650e-02
2.61719476e-02
2.61435799e-02
2.61153112e-02
2.60872771e-02
2.60594067e-02
2.60314881e-02
2.60034068e-02
2.59750008e-02
2.59464925e-02
2.59180104e-02
2.58898276e-02
2.58620045e-02
2.58343205e-02
2.58066068e-02
2.57789064e-02
2.57512928e-02
2.57237169e-02
2.56961512e-02
2.56686116e-02
2.56408080e-02
2.56128982e-02
2.55851967e-02
2.55577938e-02
2.55303718e-02
2.55029156e-02
2.54756945e-02
2.54487110e-02
2.54218180e-02
2.53947268e-02
2.53672904e-02
2.53396347e-02
2.53120881e-02
2.52849786e-02
2.52581483e-02
2.52312645e-02
2.52043672e-02
2.51775654e-02
2.51507592e-02
2.51241765e-02
2.50977905e-02
2.50714925e-02
2.50451830e-02
2.50186282e-02
2.49920169e-02
2.49655494e-02
2.49392338e-02
2.49129990e-02
2.48869198e-02
2.48609279e-02
2.48349190e-02
2.48086336e-02
2.47822733e-02
2.47561359e-02
2.47302324e-02
2.47043460e-02
2.46784102e-02
2.46525540e-02
2.46266759e-02
2.46007793e-02
2.45748760e-02
2.45489748e-02
2.45232575e-02
2.44974304e-02
2.44716766e-02
2.44460627e-02
2.44205199e-02
2.43951900e-02
2.43700304e-02
2.43450323e-02
2.43200140e-02
2.42943168e-02
2.42680515e-02
2.42422100e-02
2.42169937e-02
2.41920824e-02
2.41670833e-02
2.41419935e-02
2.41165053e-02
2.40911880e-02
2.40663188e-02
2.40416512e-02
2.40169618e-02
2.39922422e-02
2.39676751e-02
2.39434048e-02
2.39192446e-02
2.38950197e-02
2.38707599e-02
2.38460354e-02
2.38210715e-02
2.37963801e-02
2.37721768e-02
2.37482837e-02
2.37240506e-02
2.36996961e-02
2.36753618e-02
2.36512995e-02
2.36275726e-02
2.36038671e-02
2.35800908e-02
2.35561866e-02
2.35321937e-02
2.35082616e-02
2.34844602e-02
2.34607811e-02
2.34371246e-02
2.34132412e-02
2.33890017e-02
2.33649752e-02
2.33413451e-02
2.33180702e-02
2.32945998e-02
2.32709146e-02
2.32470811e-02
2.32234609e-02
2.32001716e-02
2.31770767e-02
2.31538827e-02
2.31308000e-02
2.31075476e-02
2.30840454e-02
2.30605965e-02
2.30374113e-02
2.30144637e-02
2.29917550e-02
2.29692242e-02
2.29467079e-02
2.29241515e-02
2.29016366e-02
2.28790897e-02
2.28565152e-02
2.28340532e-02
2.28115943e-02
2.27891873e-02
2.27669605e-02
2.27450132e-02
2.27231607e-02
2.27013168e-02
2.26794929e-02
2.26577490e-02
2.26359295e-02
2.26138890e-02
2.25917318e-02
2.25696186e-02
2.25476670e-02
2.25259215e-02
2.25041142e-02
2.24819861e-02
2.24590199e-02
2.24360180e-02
2.24135774e-02
2.23915879e-02
2.23699812e-02
2.23485741e-02
2.23272419e-02
2.23060557e-02
2.22849457e-02
2.22637334e-02
2.22423859e-02
2.22209157e-02
2.21994785e-02
2.21781015e-02
2.21569119e-02
2.21359574e-02
2.21151688e-02
2.20943871e-02
2.20735667e-02
2.20527321e-02
2.20318105e-02
2.20109583e-02
2.19900980e-02
2.19693865e-02
2.19487234e-02
2.19281468e-02
2.19076107e-02
2.18867640e-02
2.18646329e-02
2.18422178e-02
2.18206075e-02
2.17999352e-02
2.17797039e-02
2.17593858e-02
2.17389194e-02
2.17184510e-02
2.16980210e-02
2.16775293e-02
2.16569572e-02
2.16364150e-02
2.16159734e-02
2.15958287e-02
2.15758664e-02
2.15559201e-02
2.15358465e-02
2.15156788e-02
2.14956218e-02
2.14756319e-02
2.14557056e-02
2.14358035e-02
2.14151004e-02
2.13936472e-02
2.13725403e-02
2.13522688e-02
2.13326283e-02
2.13130530e-02
2.12932173e-02
2.12731891e-02
2.12531348e-02
2.12333728e-02
2.12139412e-02
2.11947040e-02
2.11754365e-02
2.11559968e-02
2.11363618e-02
2.11167438e-02
2.10972237e-02
2.10778743e-02
2.10586525e-02
2.10396122e-02
2.10204874e-02
2.10013175e-02
2.09822285e-02
2.09632500e-02
2.09442735e-02
2.09251527e-02
2.09060135e-02
2.08869509e-02
2.08679533e-02
2.08489660e-02
2.08300377e-02
2.08112868e-02
2.07926232e-02
2.07739500e-02
2.07552801e-02
2.07366943e-02
2.07181116e-02
2.06982672e-02
2.06781966e-02
2.06587141e-02
2.06399959e-02
2.06216500e-02
2.06031641e-02
2.05845941e-02
2.05661642e-02
2.05478915e-02
2.05295406e-02
2.05109660e-02
2.04922259e-02
2.04736444e-02
2.04552432e-02
2.04369203e-02
2.04185869e-02
2.04004457e-02
2.03825641e-02
2.03642932e-02
2.03450577e-02
2.03258288e-02
2.03072153e-02
2.02890934e-02
2.02711799e-02
2.02533909e-02
2.02357874e-02
2.02183163e-02
2.02006595e-02
2.01827660e-02
2.01647484e-02
2.01467523e-02
2.01287226e-02
2.01107909e-02
2.00930112e-02
2.00753388e-02
2.00578306e-02
2.00404433e-02
2.00230273e-02
2.00055489e-02
1.99880729e-02
1.99703475e-02
1.99518888e-02
1.99335336e-02
1.99158416e-02
1.98987563e-02
1.98819405e-02
1.98651571e-02
1.98482711e-02
1.98313568e-02
1.98144659e-02
1.97976059e-02
1.97798634e-02
1.97615980e-02
1.97436601e-02
1.97263363e-02
1.97092107e-02
1.96919755e-02
1.96748296e-02
1.96578429e-02
1.96409384e-02
1.96240338e-02
1.96071813e-02
1.95904773e-02
1.95738367e-02
1.95572798e-02
1.95408024e-02
1.95240523e-02
1.95062046e-02
1.94879340e-02
1.94701873e-02
1.94531935e-02
1.94368021e-02
1.94207119e-02
1.94046504e-02
1.93885374e-02
1.93723634e-02
1.93561595e-02
1.93400117e-02
1.93238186e-02
1.93076247e-02
1.92914049e-02
1.92752952e-02
1.92593295e-02
1.92434559e-02
1.92275982e-02
1.92117945e-02
1.91959100e-02
1.91800203e-02
1.91639938e-02
1.91479468e-02
1.91320031e-02
1.91160948e-02
1.91002606e-02
1.90845916e-02
1.90689917e-02
1.90534167e-02
1.90378266e-02
1.90222093e-02
1.90066251e-02
1.89910729e-02
1.89755616e-02
1.89599792e-02
1.89443864e-02
1.89288323e-02
1.89133224e-02
1.88979739e-02
1.88826888e-02
1.88675104e-02
1.88524005e-02
1.88371756e-02
1.88218153e-02
1.88063769e-02
1.87908800e-02
1.87754940e-02
1.87602350e-02
1.87443443e-02
1.87276781e-02
1.87114269e-02
1.86958791e-02
1.86806001e-02
1.86649272e-02
1.86491409e-02
1.86335936e-02
1.86183969e-02
1.86035511e-02
1.85887410e-02
1.85739803e-02
1.85592044e-02
1.85442655e-02
1.85292619e-02
1.85142038e-02
1.84988963e-02
1.84833747e-02
1.84680229e-02
1.84524551e-02
1.84370537e-02
1.84221674e-02
1.84077899e-02
1.83920670e-02
1.83760641e-02
1.83605648e-02
1.83457914e-02
1.83314123e-02
1.83169436e-02
1.83022981e-02
1.82877137e-02
1.82733705e-02
1.82591146e-02
1.82448808e-02
1.82305571e-02
1.82161813e-02
1.82018826e-02
1.81877255e-02
1.81736445e-02
1.81595679e-02
1.81454174e-02
1.81310477e-02
1.81166596e-02
1.81024323e-02
1.80884351e-02
1.80741809e-02
1.80598892e-02
1.80455896e-02
1.80313489e-02
1.80172663e-02
1.80032310e-02
1.79885675e-02
1.79734189e-02
1.79586352e-02
1.79444727e-02
1.79306321e-02
1.79168082e-02
1.79029782e-02
1.78892832e-02
1.78755483e-02
1.78617206e-02
1.78477137e-02
1.78338103e-02
1.78201660e-02
1.78067895e-02
1.77935133e-02
1.77801868e-02
1.77666297e-02
1.77529806e-02
1.77394342e-02
1.77260826e-02
1.77129064e-02
1.76998680e-02
1.76868627e-02
1.76737396e-02
1.76605491e-02
1.76472680e-02
1.76338680e-02
1.76205135e-02
1.76074192e-02
1.75945195e-02
1.75816257e-02
1.75686031e-02
1.75555069e-02
1.75424527e-02
1.75295642e-02
1.75164780e-02
1.75031462e-02
1.74897860e-02
1.74761947e-02
1.74627256e-02
1.74494006e-02
1.74362457e-02
1.74231952e-02
1.74101208e-02
1.73970048e-02
1.73840088e-02
1.73711600e-02
1.73583374e-02
1.73455483e-02
1.73328589e-02
1.73202422e-02
1.73075375e-02
1.72948456e-02
1.72821476e-02
1.72695209e-02
1.72570084e-02
1.72443919e-02
1.72316153e-02
1.72188298e-02
1.72061700e-02
1.71937096e-02
1.71813885e-02
1.71690480e-02
1.71566834e-02
1.71444125e-02
1.71322651e-02
1.71201143e-02
1.71076929e-02
1.70949898e-02
1.70823669e-02
1.70700718e-02
1.70579929e-02
1.70459433e-02
1.70338172e-02
1.70215003e-02
1.70091535e-02
1.69969508e-02
1.69849056e-02
1.69728630e-02
1.69606520e-02
1.69482003e-02
1.69358246e-02
1.69235648e-02
1.69114366e-02
1.68994002e-02
1.68875284e-02
1.68757167e-02
1.68638337e-02
1.68518960e-02
1.68399886e-02
1.68279651e-02
1.68159190e-02
1.68037523e-02
1.67913124e-02
1.67790013e-02
1.67669621e-02
1.67551289e-02
1.67433402e-02
1.67312499e-02
1.67190208e-02
1.67069882e-02
1.66952707e-02
1.66837152e-02
1.66722067e-02
1.66607766e-02
1.66493388e-02
1.66373691e-02
1.66247048e-02
1.66122444e-02
1.66003002e-02
1.65888114e-02
1.65774285e-02
1.65649007e-02
1.65518509e-02
1.65393248e-02
1.65276673e-02
1.65164148e-02
1.65050179e-02
1.64934491e-02
1.64818759e-02
1.64703170e-02
1.64588714e-02
1.64474441e-02
1.64360857e-02
1.64248178e-02
1.64136493e-02
1.64025547e-02
1.63914842e-02
1.63804463e-02
1.63692936e-02
1.63581206e-02
1.63470659e-02
1.63360649e-02
1.63250762e-02
1.63140647e-02
1.63029701e-02
1.62919186e-02
1.62808707e-02
1.62698882e-02
1.62588194e-02
1.62476351e-02
1.62364799e-02
1.62252669e-02
1.62141130e-02
1.62030616e-02
1.61921151e-02
1.61812513e-02
1.61703303e-02
1.61593410e-02
1.61483481e-02
1.61373866e-02
1.61264379e-02
1.61155788e-02
1.61046653e-02
1.60936081e-02
1.60821310e-02
1.60702171e-02
1.60585712e-02
1.60474861e-02
1.60363958e-02
1.60251770e-02
1.60139945e-02
1.60030186e-02
1.59924474e-02
1.59821736e-02
1.59720005e-02
1.59617107e-02
1.59510967e-02
1.59402980e-02
1.59294194e-02
1.59183723e-02
1.59072650e-02
1.58963127e-02
1.58856759e-02
1.58753261e-02
1.58650562e-02
1.58546697e-02
1.58439802e-02
1.58333221e-02
1.58228074e-02
1.58122954e-02
1.58017736e-02
1.57913438e-02
1.57810878e-02
1.57708839e-02
1.57605749e-02
1.57499366e-02
1.57391969e-02
1.57285893e-02
1.57180630e-02
1.57077788e-02
1.56976725e-02
1.56875430e-02
1.56772721e-02
1.56667440e-02
1.56561353e-02
1.56456843e-02
1.56354534e-02
1.56254410e-02
1.56156053e-02
1.56058467e-02
1.55958751e-02
1.55855021e-02
1.55751180e-02
1.55649120e-02
1.55548454e-02
1.55448687e-02
1.55348359e-02
1.55246194e-02
1.55142959e-02
1.55040035e-02
1.54939546e-02
1.54842067e-02
1.54745892e-02
1.54648916e-02
1.54550166e-02
1.54450132e-02
1.54350383e-02
1.54252797e-02
1.54156818e-02
1.54061489e-02
1.53965497e-02
1.53869131e-02
1.53772392e-02
1.53675172e-02
1.53577926e-02
1.53480748e-02
1.53384480e-02
1.53288376e-02
1.53189382e-02
1.53086594e-02
1.52984305e-02
1.52884353e-02
1.52787519e-02
1.52691982e-02
1.52595997e-02
1.52499838e-02
1.52404145e-02
1.52308712e-02
1.52213434e-02
1.52116141e-02
1.52017038e-02
1.51918266e-02
1.51820954e-02
1.51724576e-02
1.51629781e-02
1.51537010e-02
1.51445250e-02
1.51353441e-02
1.51260659e-02
1.51165276e-02
1.51068594e-02
1.50972216e-02
1.50877674e-02
1.50784710e-02
1.50692037e-02
1.50597345e-02
1.50501762e-02
1.50407208e-02
1.50313806e-02
1.50221249e-02
1.50129152e-02
1.50036717e-02
1.49944152e-02
1.49851614e-02
1.49757511e-02
1.49662231e-02
1.49566300e-02
1.49472525e-02
1.49381379e-02
1.49291796e-02
1.49201937e-02
1.49111381e-02
1.49021348e-02
1.48932076e-02
1.48840750e-02
1.48747638e-02
1.48653523e-02
1.48559894e-02
1.48468335e-02
1.48378883e-02
1.48290362e-02
1.48200247e-02
1.48107661e-02
1.48009756e-02
1.47909227e-02
1.47809716e-02
1.47713971e-02
1.47623038e-02
1.47529256e-02
1.47429051e-02
1.47329004e-02
1.47228777e-02
1.47131634e-02
1.47038817e-02
1.46949188e-02
1.46858444e-02
1.46765358e-02
1.46671561e-02
1.46578536e-02
1.46486104e-02
1.46395598e-02
1.46307519e-02
1.46221485e-02
1.46136368e-02
1.46050512e-02
1.45963249e-02
1.45875112e-02
1.45785304e-02
1.45696205e-02
1.45608389e-02
1.45522029e-02
1.45435059e-02
1.45347035e-02
1.45258417e-02
1.45170161e-02
1.45083048e-02
1.44996089e-02
1.44908347e-02
1.44819343e-02
1.44730735e-02
1.44643681e-02
1.44557124e-02
1.44466790e-02
1.44375260e-02
1.44282494e-02
1.44191963e-02
1.44104616e-02
1.44020949e-02
1.43937686e-02
1.43852754e-02
1.43766023e-02
1.43679167e-02
1.43592139e-02
1.43504609e-02
1.43417579e-02
1.43330403e-02
1.43242869e-02
1.43156083e-02
1.43070615e-02
1.42985830e-02
1.42900899e-02
1.42815697e-02
1.42730279e-02
1.42645061e-02
1.42560575e-02
1.42477339e-02
1.42393589e-02
1.42309606e-02
1.42225049e-02
1.42139448e-02
1.42052473e-02
1.41966933e-02
1.41882095e-02
1.41794986e-02
1.41707936e-02
1.41624041e-02
1.41542419e-02
1.41460949e-02
1.41378229e-02
1.41294567e-02
1.41210612e-02
1.41127351e-02
1.41044525e-02
1.40960799e-02
1.40877623e-02
1.40795233e-02
1.40712670e-02
1.40630226e-02
1.40547399e-02
1.40464936e-02
1.40383252e-02
1.40302829e-02
1.40222228e-02
1.40141554e-02
1.40061216e-02
1.39980278e-02
1.39898977e-02
1.39814215e-02
1.39728738e-02
1.39644044e-02
1.39562204e-02
1.39481057e-02
1.39395032e-02
1.39306458e-02
1.39218440e-02
1.39134110e-02
1.39050817e-02
1.38968059e-02
1.38885574e-02
1.38803351e-02
1.38719954e-02
1.38634456e-02
1.38548529e-02
1.38463833e-02
1.38380814e-02
1.38299297e-02
1.38219575e-02
1.38139855e-02
1.38058401e-02
1.37976716e-02
1.37896153e-02
1.37816245e-02
1.37735970e-02
1.37656956e-02
1.37579117e-02
1.37501644e-02
1.37423412e-02
1.37344683e-02
1.37266377e-02
1.37188075e-02
1.37109814e-02
1.37030692e-02
1.36951478e-02
1.36872217e-02
1.36794075e-02
1.36715991e-02
1.36636960e-02
1.36557875e-02
1.36480127e-02
1.36403623e-02
1.36327878e-02
1.36252144e-02
1.36175847e-02
1.36098254e-02
1.36018998e-02
1.35938177e-02
1.35857320e-02
1.35777202e-02
1.35696674e-02
1.35617298e-02
1.35540487e-02
1.35464753e-02
1.35389219e-02
1.35313432e-02
1.35235805e-02
1.35157777e-02
1.35079940e-02
1.35001933e-02
1.34925508e-02
1.34850044e-02
1.34774638e-02
1.34698916e-02
1.34622892e-02
1.34546274e-02
1.34469507e-02
1.34393323e-02
1.34317732e-02
1.34242377e-02
1.34167240e-02
1.34092130e-02
1.34017307e-02
1.33940249e-02
1.33859823e-02
1.33779706e-02
1.33701704e-02
1.33626061e-02
1.33549611e-02
1.33472787e-02
1.33395292e-02
1.33318294e-02
1.33242898e-02
1.33168183e-02
1.33091417e-02
1.33011192e-02
1.32931355e-02
1.32854543e-02
1.32780601e-02
1.32707725e-02
1.32634836e-02
1.32562033e-02
1.32489635e-02
1.32415198e-02
1.32339244e-02
1.32263617e-02
1.32190083e-02
1.32118711e-02
1.32047651e-02
1.31975666e-02
1.31902440e-02
1.31827643e-02
1.31751546e-02
1.31676362e-02
1.31603408e-02
1.31532083e-02
1.31459796e-02
1.31386206e-02
1.31310318e-02
1.31234372e-02
1.31159703e-02
1.31086974e-02
1.31016018e-02
1.30945412e-02
1.30874605e-02
1.30803281e-02
1.30730998e-02
1.30658272e-02
1.30586132e-02
1.30515148e-02
1.30444821e-02
1.30374151e-02
1.30303703e-02
1.30232991e-02
1.30162005e-02
1.30089915e-02
1.30017339e-02
1.29945457e-02
1.29874393e-02
1.29803527e-02
1.29732000e-02
1.29659489e-02
1.29587170e-02
1.29515747e-02
1.29444940e-02
1.29373384e-02
1.29296516e-02
1.29216250e-02
1.29136500e-02
1.29061040e-02
1.28989274e-02
1.28916562e-02
1.28840678e-02
1.28764289e-02
1.28689834e-02
1.28617240e-02
1.28546200e-02
1.28473332e-02
1.28400496e-02
1.28326127e-02
1.28250745e-02
1.28176073e-02
1.28102247e-02
1.28029336e-02
1.27957310e-02
1.27885957e-02
1.27815399e-02
1.27741725e-02
1.27666518e-02
1.27590487e-02
1.27515809e-02
1.27444142e-02
1.27374725e-02
1.27306281e-02
1.27237254e-02
1.27166464e-02
1.27093845e-02
1.27020009e-02
1.26946734e-02
1.26875422e-02
1.26803952e-02
1.26733029e-02
1.26664050e-02
1.26595693e-02
1.26526198e-02
1.26453649e-02
1.26380461e-02
1.26308855e-02
1.26240086e-02
1.26169130e-02
1.26096861e-02
1.26024479e-02
1.25953683e-02
1.25884937e-02
1.25816429e-02
1.25746321e-02
1.25675550e-02
1.25605351e-02
1.25534495e-02
1.25462950e-02
1.25392797e-02
1.25324030e-02
1.25253919e-02
1.25183782e-02
1.25114550e-02
1.25046573e-02
1.24979493e-02
1.24912540e-02
1.24846191e-02
1.24780661e-02
1.24715763e-02
1.24650316e-02
1.24583601e-02
1.24515307e-02
1.24446046e-02
1.24377803e-02
1.24310765e-02
1.24242868e-02
1.24174593e-02
1.24107283e-02
1.24041492e-02
1.23976730e-02
1.23912021e-02
1.23847556e-02
1.23782694e-02
1.23717037e-02
1.23650131e-02
1.23582833e-02
1.23515563e-02
1.23447494e-02
1.23380073e-02
1.23314520e-02
1.23250961e-02
1.23187353e-02
1.23121604e-02
1.23053258e-02
1.22981903e-02
1.22910347e-02
1.22841668e-02
1.22776131e-02
1.22713165e-02
1.22650114e-02
1.22585990e-02
1.22520588e-02
1.22454488e-02
1.22387383e-02
1.22317919e-02
1.22248845e-02
1.22181669e-02
1.22114142e-02
1.22044143e-02
1.21973772e-02
1.21904077e-02
1.21836432e-02
1.21771039e-02
1.21707311e-02
1.21644150e-02
1.21580775e-02
1.21517149e-02
1.21453064e-02
1.21387916e-02
1.21321869e-02
1.21256974e-02
1.21193473e-02
1.21129696e-02
1.21065963e-02
1.21003448e-02
1.20941555e-02
1.20878972e-02
1.20815735e-02
1.20752504e-02
1.20689578e-02
1.20626555e-02
1.20563053e-02
1.20499700e-02
1.20437058e-02
1.20373933e-02
1.20309262e-02
1.20239026e-02
1.20167431e-02
1.20097712e-02
1.20031470e-02
1.19968336e-02
1.19906256e-02
1.19843248e-02
1.19778994e-02
1.19714828e-02
1.19650920e-02
1.19586883e-02
1.19523239e-02
1.19459866e-02
1.19395965e-02
1.19327061e-02
1.19257304e-02
1.19189294e-02
1.19125190e-02
1.19063389e-02
1.19001013e-02
1.18933961e-02
1.18865823e-02
1.18799949e-02
1.18737289e-02
1.18676181e-02
1.18614429e-02
1.18550604e-02
1.18485798e-02
1.18421950e-02
1.18358667e-02
1.18296428e-02
1.18234108e-02
1.18169468e-02
1.18103040e-02
1.18038006e-02
1.17972301e-02
1.17906252e-02
1.17842574e-02
1.17781630e-02
1.17720057e-02
1.17653401e-02
1.17584560e-02
1.17517789e-02
1.17454317e-02
1.17393986e-02
1.17334886e-02
1.17275841e-02
1.17213872e-02
1.17149526e-02
1.17085239e-02
1.17022855e-02
1.16962900e-02
1.16903533e-02
1.16843929e-02
1.16783994e-02
1.16723627e-02
1.16659572e-02
1.16593599e-02
1.16529611e-02
1.16468492e-02
1.16410035e-02
1.16351296e-02
1.16289940e-02
1.16223732e-02
1.16156286e-02
1.16091595e-02
1.16029807e-02
1.15968580e-02
1.15908025e-02
1.15848253e-02
1.15789215e-02
1.15729148e-02
1.15668132e-02
1.15604474e-02
1.15534895e-02
1.15463454e-02
1.15396217e-02
1.15335567e-02
1.15279371e-02
1.15223781e-02
1.15166315e-02
1.15106054e-02
1.15044425e-02
1.14983531e-02
1.14924174e-02
1.14866205e-02
1.14809445e-02
1.14752449e-02
1.14694463e-02
1.14636343e-02
1.14579064e-02
1.14522546e-02
1.14466105e-02
1.14408963e-02
1.14350651e-02
1.14291307e-02
1.14232191e-02
1.14173835e-02
1.14115349e-02
1.14057042e-02
1.13999343e-02
1.13942515e-02
1.13885550e-02
1.13828246e-02
1.13766714e-02
1.13702715e-02
1.13639632e-02
1.13579347e-02
1.13522559e-02
1.13467871e-02
1.13412659e-02
1.13356311e-02
1.13298088e-02
1.13239041e-02
1.13180767e-02
1.13122930e-02
1.13064842e-02
1.13003759e-02
1.12942335e-02
1.12882955e-02
1.12825952e-02
1.12769932e-02
1.12713589e-02
1.12656764e-02
1.12599026e-02
1.12539961e-02
1.12481892e-02
1.12424195e-02
1.12363324e-02
1.12302230e-02
1.12243365e-02
1.12186517e-02
1.12129816e-02
1.12070104e-02
1.12009301e-02
1.11949930e-02
1.11890871e-02
1.11827383e-02
1.11763546e-02
1.11702892e-02
1.11646086e-02
1.11592244e-02
1.11538472e-02
1.11482521e-02
1.11425418e-02
1.11368437e-02
1.11312555e-02
1.11257649e-02
1.11203461e-02
1.11148772e-02
1.11093068e-02
1.11037083e-02
1.10980469e-02
1.10923403e-02
1.10867463e-02
1.10812854e-02
1.10758935e-02
1.10704737e-02
1.10649300e-02
1.10593417e-02
1.10537749e-02
1.10483169e-02
1.10428539e-02
1.10368883e-02
1.10308803e-02
1.10248580e-02
1.10189706e-02
1.10133274e-02
1.10077568e-02
1.10021226e-02
1.09964384e-02
1.09908133e-02
1.09852419e-02
1.09797332e-02
1.09743315e-02
1.09688913e-02
1.09633261e-02
1.09576657e-02
1.09518158e-02
1.09460163e-02
1.09403931e-02
1.09348941e-02
1.09293875e-02
1.09238659e-02
1.09181989e-02
1.09126033e-02
1.09069848e-02
1.09014206e-02
1.08959335e-02
1.08904478e-02
1.08848882e-02
1.08793352e-02
1.08737794e-02
1.08681862e-02
1.08626178e-02
1.08571772e-02
1.08519467e-02
1.08467633e-02
1.08415032e-02
1.08359842e-02
1.08303407e-02
1.08248042e-02
1.08194329e-02
1.08140368e-02
1.08085817e-02
1.08028894e-02
1.07970068e-02
1.07913402e-02
1.07859489e-02
1.07807936e-02
1.07757023e-02
1.07705532e-02
1.07651211e-02
1.07595897e-02
1.07541617e-02
1.07488394e-02
1.07435602e-02
1.07382789e-02
1.07330954e-02
1.07280002e-02
1.07228829e-02
1.07175551e-02
1.07121677e-02
1.07067538e-02
1.07012486e-02
1.06957399e-02
1.06903027e-02
1.06850188e-02
1.06798710e-02
1.06747396e-02
1.06695679e-02
1.06644231e-02
1.06593491e-02
1.06543515e-02
1.06492838e-02
1.06441092e-02
1.06388057e-02
1.06334854e-02
1.06282804e-02
1.06231966e-02
1.06181597e-02
1.06130508e-02
1.06074542e-02
1.06017216e-02
1.05962155e-02
1.05905658e-02
1.05849245e-02
1.05794368e-02
1.05741784e-02
1.05690903e-02
1.05640033e-02
1.05588994e-02
1.05537735e-02
1.05486840e-02
1.05436251e-02
1.05385439e-02
1.05335404e-02
1.05285747e-02
1.05235994e-02
1.05186004e-02
1.05135638e-02
1.05085198e-02
1.05034584e-02
1.04983013e-02
1.04929178e-02
1.04875072e-02
1.04822095e-02
1.04771786e-02
1.04723042e-02
1.04673971e-02
1.04624526e-02
1.04575010e-02
1.04525727e-02
1.04475895e-02
1.04423560e-02
1.04370386e-02
1.04318052e-02
1.04267226e-02
1.04218340e-02
1.04170837e-02
1.04122596e-02
1.04073078e-02
1.04022840e-02
1.03971786e-02
1.03921898e-02
1.03872604e-02
1.03821301e-02
1.03769055e-02
1.03717608e-02
1.03668209e-02
1.03620326e-02
1.03572732e-02
1.03523257e-02
1.03472238e-02
1.03421418e-02
1.03371990e-02
1.03322830e-02
1.03274591e-02
1.03226828e-02
1.03179066e-02
1.03131459e-02
1.03084028e-02
1.03036176e-02
1.02985700e-02
1.02933996e-02
1.02882766e-02
1.02832895e-02
1.02784888e-02
1.02737917e-02
1.02690394e-02
1.02642561e-02
1.02594671e-02
1.02545653e-02
1.02496634e-02
1.02449162e-02
1.02403001e-02
1.02355761e-02
1.02307190e-02
1.02257831e-02
1.02208255e-02
1.02159420e-02
1.02111922e-02
1.02064936e-02
1.02018146e-02
1.01970967e-02
1.01923047e-02
1.01874969e-02
1.01825483e-02
1.01775121e-02
1.01725543e-02
1.01674849e-02
1.01623174e-02
1.01572977e-02
1.01525053e-02
1.01478629e-02
1.01431730e-02
1.01383702e-02
1.01335824e-02
1.01288003e-02
1.01240917e-02
1.01194259e-02
1.01148045e-02
1.01100560e-02
1.01051690e-02
1.01002840e-02
1.00954485e-02
1.00907577e-02
1.00861344e-02
1.00815079e-02
1.00767531e-02
1.00719558e-02
1.00671665e-02
1.00623552e-02
1.00575716e-02
1.00528901e-02
1.00482953e-02
1.00437406e-02
1.00391702e-02
1.00345345e-02
1.00298214e-02
1.00249790e-02
1.00201545e-02
1.00153949e-02
1.00107885e-02
1.00062763e-02
1.00016730e-02
9.99699595e-03
