-967.32278
-967.29528
-967.30029
-967.33181
-967.37318
-967.40689
-967.42368
-967.43146
-967.43919
-967.45026
-967.46354
-967.47587
-967.48474
-967.49144
-967.49803
-967.50527
-967.51279
-967.51975
-967.52569
-967.53093
-967.53604
-967.54127
-967.54654
-967.55164
-967.55642
-967.56089
-967.5652
-967.56941
-967.57352
-967.5775
-967.58134
-967.58506
-967.5887
-967.59227
-967.59577
-967.59919
-967.60252
-967.60575
-967.60891
-967.612
-967.61502
-967.61798
-967.62089
-967.62372
-967.6265
-967.62922
-967.6319
-967.63453
-967.63711
-967.63965
-967.64214
-967.6446
-967.64703
-967.64942
-967.65176
-967.65407
-967.65634
-967.65857
-967.66077
-967.66294
-967.66509
-967.6672
-967.66928
-967.67132
-967.67333
-967.67531
-967.67726
-967.67919
-967.68109
-967.68297
-967.68482
-967.68665
-967.68846
-967.69025
-967.69201
-967.69374
-967.69546
-967.69715
-967.69882
-967.70047
-967.70211
-967.70373
-967.70533
-967.70691
-967.70846
-967.71
-967.71152
-967.71302
-967.71451
-967.71599
-967.71745
-967.7189
-967.72032
-967.72173
-967.72312
-967.7245
-967.72586
-967.72721
-967.72854
-967.72985
-967.73115
-967.73244
-967.73371
-967.73498
-967.73624
-967.73748
-967.73871
-967.73993
-967.74114
-967.74234
-967.74352
-967.74469
-967.74584
-967.74698
-967.74811
-967.74923
-967.75034
-967.75144
-967.75253
-967.75362
-967.75469
-967.75574
-967.75679
-967.75783
-967.75887
-967.75989
-967.7609
-967.76191
-967.7629
-967.76389
-967.76487
-967.76584
-967.7668
-967.76775
-967.7687
-967.76963
-967.77056
-967.77148
-967.7724
-967.7733
-967.7742
-967.77509
-967.77598
-967.77685
-967.77772
-967.77858
-967.77943
-967.78028
-967.78112
-967.78196
-967.78278
-967.7836
-967.78441
-967.78522
-967.78602
-967.78681
-967.7876
-967.78839
-967.78917
-967.78994
-967.79071
-967.79146
-967.79221
-967.79296
-967.7937
-967.79444
-967.79517
-967.7959
-967.79662
-967.79734
-967.79805
-967.79875
-967.79945
-967.80014
-967.80083
-967.80151
-967.80218
-967.80286
-967.80352
-967.80419
-967.80484
-967.80549
-967.80614
-967.80679
-967.80743
-967.80806
-967.80869
-967.80932
-967.80994
-967.81055
-967.81116
-967.81177
-967.81237
-967.81297
-967.81357
-967.81416
-967.81475
-967.81534
-967.81592
-967.8165
-967.81707
-967.81764
-967.8182
-967.81876
-967.81932
-967.81987
-967.82042
-967.82096
-967.8215
-967.82204
-967.82258
-967.82311
-967.82364
-967.82417
-967.82469
-967.82521
-967.82572
-967.82623
-967.82673
-967.82724
-967.82774
-967.82824
-967.82873
-967.82923
-967.82972
-967.8302
-967.83069
-967.83117
-967.83165
-967.83212
-967.83259
-967.83305
-967.83352
-967.83397
-967.83443
-967.83488
-967.83533
-967.83578
-967.83623
-967.83667
-967.83711
-967.83755
-967.83798
-967.83842
-967.83885
-967.83928
-967.8397
-967.84013
-967.84055
-967.84097
-967.84138
-967.8418
-967.84221
-967.84261
-967.84302
-967.84342
-967.84382
-967.84422
-967.84461
-967.84501
-967.8454
-967.84579
-967.84618
-967.84656
-967.84695
-967.84733
-967.8477
-967.84808
-967.84845
-967.84882
-967.84918
-967.84955
-967.84991
-967.85028
-967.85064
-967.851
-967.85136
-967.85171
-967.85207
-967.85242
-967.85277
-967.85312
-967.85346
-967.8538
-967.85415
-967.85449
-967.85483
-967.85516
-967.8555
-967.85583
-967.85616
-967.85649
-967.85682
-967.85715
-967.85747
-967.85779
-967.85811
-967.85843
-967.85875
-967.85906
-967.85937
-967.85969
-967.85999
-967.8603
-967.86061
-967.86091
-967.86122
-967.86152
-967.86182
-967.86212
-967.86242
-967.86271
-967.86301
-967.8633
-967.86359
-967.86388
-967.86417
-967.86446
-967.86474
-967.86503
-967.86531
-967.86559
-967.86587
-967.86614
-967.86642
-967.86669
-967.86697
-967.86724
-967.86751
-967.86778
-967.86804
-967.86831
-967.86858
-967.86884
-967.8691
-967.86937
-967.86963
-967.86989
-967.87014
-967.8704
-967.87065
-967.87091
-967.87116
-967.87141
-967.87166
-967.87191
-967.87216
-967.8724
-967.87265
-967.87289
-967.87313
-967.87337
-967.87361
-967.87385
-967.87409
-967.87432
-967.87456
-967.87479
-967.87502
-967.87525
-967.87548
-967.87571
-967.87594
-967.87616
-967.87639
-967.87662
-967.87684
-967.87706
-967.87729
-967.87751
-967.87773
-967.87795
-967.87817
-967.87838
-967.8786
-967.87881
-967.87902
-967.87923
-967.87944
-967.87965
-967.87985
-967.88006
-967.88026
-967.88047
-967.88067
-967.88087
-967.88108
-967.88128
-967.88148
-967.88168
-967.88187
-967.88207
-967.88227
-967.88246
-967.88266
-967.88285
-967.88304
-967.88323
-967.88342
-967.88361
-967.8838
-967.88399
-967.88418
-967.88436
-967.88455
-967.88473
-967.88491
-967.88509
-967.88528
-967.88546
-967.88564
-967.88582
-967.886
-967.88617
-967.88635
-967.88653
-967.8867
-967.88687
-967.88704
-967.88722
-967.88739
-967.88756
-967.88773
-967.8879
-967.88807
-967.88824
-967.8884
-967.88857
-967.88873
-967.8889
-967.88906
-967.88922
-967.88938
-967.88954
-967.8897
-967.88986
-967.89002
-967.89018
-967.89034
-967.89049
-967.89065
-967.89081
-967.89096
-967.89111
-967.89127
-967.89142
-967.89157
-967.89172
-967.89187
-967.89202
-967.89217
-967.89232
-967.89247
-967.89262
-967.89277
-967.89291
-967.89306
-967.8932
-967.89335
-967.89349
-967.89363
-967.89377
-967.89391
-967.89405
-967.89419
-967.89433
-967.89447
-967.89461
-967.89474
-967.89488
-967.89502
-967.89515
-967.89529
-967.89543
-967.89556
-967.89569
-967.89583
-967.89596
-967.89609
-967.89622
-967.89635
-967.89648
-967.89661
-967.89674
-967.89687
-967.897
-967.89713
-967.89726
-967.89738
-967.89751
-967.89763
-967.89776
-967.89788
-967.89801
-967.89813
-967.89825
-967.89837
-967.8985
-967.89862
-967.89874
-967.89886
-967.89898
-967.8991
-967.89922
-967.89934
-967.89945
-967.89957
-967.89968
-967.8998
-967.89991
-967.90003
-967.90015
-967.90026
-967.90038
-967.90049
-967.90061
-967.90072
-967.90083
-967.90094
-967.90105
-967.90117
-967.90128
-967.90139
-967.9015
-967.90161
-967.90171
-967.90182
-967.90193
-967.90204
-967.90214
-967.90225
-967.90236
-967.90246
-967.90257
-967.90267
-967.90278
-967.90288
-967.90298
-967.90309
-967.90319
-967.90329
-967.90339
-967.9035
-967.9036
-967.9037
-967.9038
-967.9039
-967.904
-967.9041
-967.9042
-967.9043
-967.9044
-967.90449
-967.90459
-967.90469
-967.90478
-967.90488
-967.90498
-967.90507
-967.90517
-967.90526
-967.90536
-967.90545
-967.90555
-967.90564
-967.90573
-967.90582
-967.90592
-967.90601
-967.9061
-967.90619
-967.90628
-967.90637
-967.90646
-967.90655
-967.90664
-967.90673
-967.90682
-967.90691
-967.907
-967.90709
-967.90717
-967.90726
-967.90735
-967.90744
-967.90752
-967.90761
-967.9077
-967.90778
-967.90787
-967.90795
-967.90803
-967.90812
-967.9082
-967.90828
-967.90837
-967.90845
-967.90854
-967.90862
-967.9087
-967.90878
-967.90887
-967.90895
-967.90903
-967.90911
-967.90919
-967.90927
-967.90935
-967.90943
-967.90951
-967.90959
-967.90967
-967.90975
-967.90982
-967.9099
-967.90998
-967.91006
-967.91013
-967.91021
-967.91029
-967.91036
-967.91044
-967.91052
-967.91059
-967.91067
-967.91074
-967.91082
-967.91089
-967.91097
-967.91104
-967.91111
-967.91119
-967.91126
-967.91133
-967.91141
-967.91148
-967.91155
-967.91162
-967.91169
-967.91177
-967.91184
-967.91191
-967.91198
-967.91205
-967.91212
-967.91219
-967.91226
-967.91233
-967.9124
-967.91247
-967.91254
-967.9126
-967.91267
-967.91274
-967.9128
-967.91287
-967.91294
-967.91301
-967.91307
-967.91314
-967.91321
-967.91327
-967.91334
-967.9134
-967.91347
-967.91353
-967.9136
-967.91366
-967.91373
-967.91379
-967.91386
-967.91392
-967.91398
-967.91405
-967.91411
-967.91417
-967.91423
-967.9143
-967.91436
-967.91442
-967.91448
-967.91454
-967.9146
-967.91467
-967.91473
-967.91479
-967.91485
-967.91491
-967.91497
-967.91503
-967.91509
-967.91515
-967.91521
-967.91526
-967.91532
-967.91538
-967.91544
-967.9155
-967.91556
-967.91562
-967.91567
-967.91573
-967.91579
-967.91584
-967.9159
-967.91595
-967.91601
-967.91607
-967.91612
-967.91618
-967.91624
-967.91629
-967.91635
-967.9164
-967.91646
-967.91651
-967.91657
-967.91662
-967.91667
-967.91673
-967.91678
-967.91684
-967.91689
-967.91694
-967.91699
-967.91705
-967.9171
-967.91715
-967.9172
-967.91726
-967.91731
-967.91736
-967.91741
-967.91747
-967.91752
-967.91757
-967.91762
-967.91767
-967.91772
-967.91777
-967.91782
-967.91787
-967.91792
