1.46898199e+00
9.59664709e-01
5.89394911e-01
5.66575104e-01
6.50190171e-01
6.74525544e-01
6.28694416e-01
5.43068752e-01
4.60579182e-01
4.10998351e-01
3.90871021e-01
3.77643688e-01
3.57797522e-01
3.32418953e-01
3.08644419e-01
2.91086625e-01
2.78000040e-01
2.65157827e-01
2.51180246e-01
2.37606207e-01
2.25949011e-01
2.15484616e-01
2.05835668e-01
1.96315494e-01
1.86550090e-01
1.76638599e-01
1.66867628e-01
1.57868914e-01
1.49412842e-01
1.41921857e-01
1.35527959e-01
1.29833765e-01
1.24522114e-01
1.19435567e-01
1.14615765e-01
1.10170685e-01
1.06102046e-01
1.02360974e-01
9.88948006e-02
9.56690254e-02
9.26433597e-02
8.97661356e-02
8.70275092e-02
8.44561945e-02
8.20624690e-02
7.98228724e-02
7.77088732e-02
7.56238887e-02
7.35494772e-02
7.15398703e-02
6.96320137e-02
6.78329349e-02
6.61078671e-02
6.44583454e-02
6.29004426e-02
6.14347557e-02
6.00592410e-02
5.87665739e-02
5.75505271e-02
5.63909141e-02
5.52792993e-02
5.42096422e-02
5.31487433e-02
5.21115634e-02
5.11492633e-02
5.02387208e-02
4.93778424e-02
4.85742651e-02
4.78228615e-02
4.71089714e-02
4.64121072e-02
4.57262038e-02
4.50514504e-02
4.43900060e-02
4.37361027e-02
4.31032139e-02
4.25022704e-02
4.19362330e-02
4.13985423e-02
4.08792596e-02
4.03683380e-02
3.98677670e-02
3.93794845e-02
3.89014265e-02
3.84358153e-02
3.79833462e-02
3.75514913e-02
3.71278163e-02
3.67167439e-02
3.63176027e-02
3.59350758e-02
3.55686029e-02
3.52137060e-02
3.48588797e-02
3.45059222e-02
3.41597303e-02
3.38247566e-02
3.35005141e-02
3.31865122e-02
3.28761729e-02
3.25659361e-02
3.22524359e-02
3.19342260e-02
3.16196402e-02
3.12986623e-02
3.09673342e-02
3.06179307e-02
3.02731196e-02
2.99560256e-02
2.96718133e-02
2.94084216e-02
2.91506802e-02
2.88954193e-02
2.86431634e-02
2.83982122e-02
2.81603715e-02
2.79287978e-02
2.77038352e-02
2.74860851e-02
2.72744079e-02
2.70668225e-02
2.68614176e-02
2.66609112e-02
2.64663244e-02
2.62535097e-02
2.60390967e-02
2.58374251e-02
2.56272743e-02
2.54214521e-02
2.52289673e-02
2.50515024e-02
2.48837752e-02
2.47193157e-02
2.45531974e-02
2.43854321e-02
2.42178745e-02
2.40535050e-02
2.38949004e-02
2.37410554e-02
2.35913852e-02
2.34451136e-02
2.33012889e-02
2.31590332e-02
2.30171422e-02
2.28739278e-02
2.27326536e-02
2.25959391e-02
2.24632081e-02
2.23325922e-02
2.22024037e-02
2.20732479e-02
2.19434909e-02
2.18140226e-02
2.16846865e-02
2.15583700e-02
2.14370389e-02
2.13191665e-02
2.11990643e-02
2.10777813e-02
2.09595599e-02
2.08456448e-02
2.07317768e-02
2.06190987e-02
2.05079946e-02
2.03992939e-02
2.02935126e-02
2.01878222e-02
2.00813279e-02
1.99761012e-02
1.98742569e-02
1.97757802e-02
1.96792908e-02
1.95831905e-02
1.94854823e-02
1.93882779e-02
1.92934008e-02
1.92013077e-02
1.91113451e-02
1.90226046e-02
1.89345591e-02
1.88471691e-02
1.87606426e-02
1.86751700e-02
1.85908143e-02
1.85069614e-02
1.84235250e-02
1.83412159e-02
1.82603080e-02
1.81805436e-02
1.81002112e-02
1.80174315e-02
1.79355224e-02
1.78549556e-02
1.77769067e-02
1.77010793e-02
1.76266243e-02
1.75486541e-02
1.74677160e-02
1.73887995e-02
1.73141853e-02
1.72379270e-02
1.71616598e-02
1.70880873e-02
1.70156107e-02
1.69450044e-02
1.68760673e-02
1.68083311e-02
1.67353612e-02
1.66592366e-02
1.65860361e-02
1.65176188e-02
1.64494215e-02
1.63769996e-02
1.63059244e-02
1.62398933e-02
1.61788179e-02
1.61202727e-02
1.60619038e-02
1.60028046e-02
1.59428672e-02
1.58765600e-02
1.58089590e-02
1.57453635e-02
1.56837620e-02
1.56246908e-02
1.55683775e-02
1.55139538e-02
1.54601802e-02
1.54057738e-02
1.53507772e-02
1.52791908e-02
1.51920694e-02
1.51088549e-02
1.50378411e-02
1.49736933e-02
1.49136438e-02
1.48573337e-02
1.48037213e-02
1.47500093e-02
1.46974911e-02
1.46392493e-02
1.45552096e-02
1.44671818e-02
1.43897613e-02
1.43243811e-02
1.42663191e-02
1.42108936e-02
1.41582747e-02
1.41051684e-02
1.40522299e-02
1.40000150e-02
1.39482594e-02
1.38964507e-02
1.38447591e-02
1.37931714e-02
1.37428378e-02
1.36945718e-02
1.36481573e-02
1.36028731e-02
1.35581642e-02
1.35138901e-02
1.34702290e-02
1.34273700e-02
1.33853318e-02
1.33439903e-02
1.33031909e-02
1.32350650e-02
1.31619790e-02
1.31046400e-02
1.30654430e-02
1.30340391e-02
1.29998512e-02
1.29588531e-02
1.29145288e-02
1.28717954e-02
1.28314425e-02
1.27894851e-02
1.27478638e-02
1.27072760e-02
1.26672971e-02
1.26286174e-02
1.25869932e-02
1.25324351e-02
1.24775099e-02
1.24296223e-02
1.23886787e-02
1.23512488e-02
1.23149370e-02
1.22794763e-02
1.22435030e-02
1.21952827e-02
1.21384556e-02
1.20854174e-02
1.20372666e-02
1.19907175e-02
1.19453827e-02
1.19049935e-02
1.18703459e-02
1.18387699e-02
1.18070335e-02
1.17742738e-02
1.17403105e-02
1.17059868e-02
1.16726085e-02
1.16406995e-02
1.16085101e-02
1.15760719e-02
1.15446671e-02
1.15150609e-02
1.14841893e-02
1.14475240e-02
1.14111551e-02
1.13795206e-02
1.13524485e-02
1.13272811e-02
1.13018001e-02
1.12745588e-02
1.12466140e-02
1.12187482e-02
1.11911107e-02
1.11645329e-02
1.11391400e-02
1.11145548e-02
1.10903211e-02
1.10661844e-02
1.10422941e-02
1.10187500e-02
1.09955216e-02
1.09725391e-02
1.09497955e-02
1.09273529e-02
1.09052711e-02
1.08835448e-02
1.08531126e-02
1.08214474e-02
1.07915769e-02
1.07629394e-02
1.07372279e-02
1.07143653e-02
1.06880276e-02
1.06621443e-02
1.06393917e-02
1.06194344e-02
1.06002339e-02
1.05802186e-02
1.05593124e-02
1.05380112e-02
1.05164652e-02
1.04960565e-02
1.04771022e-02
1.04590548e-02
1.04406645e-02
1.04213737e-02
1.04018937e-02
1.03784693e-02
1.03550005e-02
1.03343409e-02
1.03169661e-02
1.03014987e-02
1.02853177e-02
1.02664569e-02
1.02465596e-02
1.02274956e-02
1.02102045e-02
1.01942377e-02
1.01724393e-02
1.01500415e-02
1.01308572e-02
1.01148460e-02
1.01001339e-02
1.00774990e-02
1.00507261e-02
1.00267596e-02
1.00078365e-02
9.99302396e-03
