1	89	150
89	1	127
43	2	58
44	4	59
58	28	109
59	29	110
43	58	109
44	59	110
2	43	67
4	44	68
67	43	142
68	44	143
30	67	142
31	68	143
16	82	124
200	36	250
142	43	165
143	44	166
30	142	184
32	150	188
43	109	175
44	110	176
109	28	183
127	35	187
89	127	187
151	36	200
180	5	242
74	183	235
89	187	236
150	89	188
184	76	261
188	89	264
7	167	240
8	171	241
124	315	473
48	329	419
45	330	420
62	331	433
152	347	481
275	48	419
276	45	420
329	53	429
330	62	430
331	46	431
347	9	349
467	403	72
468	404	73
485	439	203
403	467	309
404	468	310
439	485	354
123	16	291
265	7	343
266	8	344
167	83	387
171	102	388
5	251	345
9	252	346
91	180	384
256	9	346
280	72	403
287	91	408
325	14	427
326	15	428
337	152	435
345	203	439
346	204	440
139	281	404
129	287	408
130	325	427
131	326	428
121	327	421
122	328	422
195	337	435
170	345	439
256	346	440
16	123	290
16	124	291
9	256	349
290	123	472
291	124	473
293	132	474
333	118	415
343	178	482
344	179	483
349	256	484
72	288	467
83	290	472
102	293	474
17	333	415
18	334	416
206	343	482
207	344	483
110	487	572
112	488	573
95	489	591
92	494	685
32	498	684
34	500	757
25	501	758
12	502	755
13	503	653
11	504	756
21	505	765
11	507	729
6	512	723
6	513	724
12	514	725
12	515	726
37	522	657
6	523	728
6	524	727
10	526	752
11	527	722
153	515	777
154	527	778
155	526	779
158	522	782
172	531	784
169	507	785
197	523	790
198	524	791
156	502	792
194	514	793
190	512	794
191	513	795
158	504	796
155	501	800
154	500	801
221	534	803
192	537	639
193	538	640
255	541	745
264	543	806
246	544	738
247	545	739
248	546	740
249	547	741
250	548	742
161	549	807
162	550	808
163	551	530
165	552	809
214	556	810
215	557	811
216	558	812
254	559	744
253	562	743
164	563	813
168	564	638
243	565	734
258	566	814
199	534	777
236	541	783
243	543	785
173	544	786
174	545	787
175	546	788
177	547	789
246	549	790
247	550	791
248	551	792
249	552	793
251	554	622
252	555	623
253	556	794
254	557	795
255	558	796
224	559	797
225	560	624
226	561	625
227	562	798
228	563	799
231	564	800
232	565	801
244	566	802
105	569	659
106	570	660
112	573	760
72	576	663
100	493	666
62	578	667
135	579	668
144	580	669
123	581	670
132	582	671
70	583	807
71	584	808
21	577	505
12	576	718
11	578	719
63	589	810
64	590	811
95	591	812
39	494	803
45	496	804
48	497	805
281	617	680
376	618	818
359	617	815
189	628	770
193	629	771
73	629	691
53	631	818
85	600	610
88	601	611
487	141	585
488	143	587
489	35	675
493	100	679
494	39	647
496	45	674
497	48	673
498	98	582
500	154	693
501	155	694
502	156	695
504	158	697
505	159	698
507	169	699
512	190	701
513	191	702
514	194	703
515	153	704
522	158	711
523	197	712
524	198	713
526	155	715
527	154	716
515	12	718
527	11	719
526	10	641
522	37	720
531	38	721
507	11	722
523	6	723
524	6	724
502	12	725
514	12	726
512	6	727
513	6	728
504	11	729
503	13	533
501	25	644
500	34	645
534	199	654
541	236	733
543	243	734
544	173	735
545	174	736
546	175	737
547	177	509
549	246	738
550	247	739
551	248	740
552	249	741
556	253	743
557	254	744
558	255	745
559	224	746
562	227	747
563	228	528
564	231	748
565	232	749
566	244	750
534	221	692
537	192	695
538	193	696
541	255	699
543	264	700
544	246	701
545	247	702
546	248	703
547	249	704
549	161	705
550	162	706
551	163	707
552	165	708
554	212	649
555	213	650
556	214	709
557	215	710
558	216	711
559	254	712
560	265	651
561	266	652
562	253	713
563	164	714
564	168	715
565	243	716
566	258	717
569	70	735
570	71	736
576	12	755
578	11	756
579	64	746
580	63	747
581	84	748
582	98	749
583	136	626
584	137	627
585	141	759
576	72	630
578	62	632
589	114	633
590	115	634
591	129	635
494	92	636
511	120	750
600	85	602
601	88	603
608	319	767
617	359	769
617	281	767
628	37	768
629	73	769
661	185	772
662	186	773
629	193	774
631	202	775
591	675	129
685	647	118
687	674	148
688	673	147
684	582	132
755	695	192
653	696	193
756	697	220
765	698	245
729	699	255
723	701	246
724	702	247
725	703	248
726	704	249
657	711	216
728	712	254
727	713	253
752	715	168
722	716	243
777	718	199
778	719	205
779	641	202
784	721	238
785	722	243
790	723	246
791	724	247
792	725	248
793	726	249
794	727	253
795	728	254
796	729	255
800	644	231
801	645	232
803	654	39
804	656	45
805	655	48
643	732	46
745	733	95
806	734	98
738	735	70
739	736	71
740	737	74
741	509	76
742	508	79
807	738	70
808	739	71
530	740	74
809	741	76
810	743	63
811	744	64
812	745	95
744	746	64
743	747	63
813	528	75
638	748	84
734	749	98
814	750	120
777	692	153
783	699	169
785	700	169
786	701	190
787	702	191
788	703	194
789	704	153
790	705	197
791	706	198
792	707	156
793	708	194
622	649	203
623	650	204
794	709	190
795	710	191
796	711	158
797	712	197
624	651	206
625	652	207
798	713	198
800	715	155
801	716	154
802	717	228
759	751	164
659	735	173
660	736	174
760	529	159
663	755	192
666	646	201
667	756	220
668	746	224
669	747	227
670	748	231
671	749	232
807	626	161
808	627	162
813	759	164
505	760	159
764	628	189
718	630	199
719	632	205
810	633	214
811	634	215
812	635	216
803	636	221
672	637	196
766	750	244
753	602	185
754	603	186
680	769	73
818	612	53
815	767	319
770	768	358
771	769	359
816	772	374
817	773	375
691	774	289
818	775	376
610	689	285
611	690	286
675	591	489
647	685	494
674	687	496
673	688	497
582	684	498
695	755	502
696	653	503
697	756	504
698	765	505
699	729	507
701	723	512
702	724	513
703	725	514
704	726	515
711	657	522
712	728	523
713	727	524
715	752	526
716	722	527
718	777	515
719	778	527
641	779	526
721	784	531
722	785	507
723	790	523
724	791	524
725	792	502
726	793	514
727	794	512
728	795	513
729	796	504
644	800	501
645	801	500
654	803	534
656	804	535
655	805	536
732	643	539
733	745	541
734	806	543
735	738	544
736	739	545
737	740	546
509	741	547
508	742	548
738	807	549
739	808	550
740	530	551
741	809	552
743	810	556
744	811	557
745	812	558
746	744	559
747	743	562
528	813	563
748	638	564
749	734	565
750	814	566
692	777	534
699	783	541
700	785	543
701	786	544
702	787	545
703	788	546
704	789	547
705	790	549
706	791	550
707	792	551
708	793	552
649	622	554
650	623	555
709	794	556
710	795	557
711	796	558
712	797	559
651	624	560
652	625	561
713	798	562
715	800	564
716	801	565
717	802	566
751	759	567
735	659	569
736	660	570
529	760	573
755	663	576
646	666	493
756	667	578
746	668	579
747	669	580
748	670	581
749	671	582
626	807	583
627	808	584
759	813	585
760	505	577
628	764	588
630	718	576
632	719	578
633	810	589
634	811	590
635	812	591
636	803	494
637	672	495
750	766	511
602	753	600
603	754	601
769	680	617
612	818	618
767	815	617
768	770	628
769	771	629
772	816	661
773	817	662
774	691	629
775	818	631
689	610	600
690	611	601
29	141	487
31	143	488
261	76	509
233	159	529
235	163	530
239	177	532
90	245	540
65	265	560
66	266	561
200	250	553
176	110	572
183	74	571
237	189	595
166	44	593
184	142	586
262	185	602
263	186	603
434	53	612
316	358	615
307	70	569
308	71	570
345	251	622
346	252	623
356	161	626
357	162	627
280	199	630
329	202	631
330	205	632
360	214	633
361	215	634
362	216	635
367	196	637
370	168	638
364	210	642
365	201	607
331	220	643
382	231	644
383	232	645
343	206	651
344	207	652
329	48	655
330	45	656
362	37	657
288	72	663
331	62	667
287	129	675
325	130	676
326	131	677
327	121	678
328	122	679
404	281	680
293	32	684
323	64	579
322	63	580
468	73	691
110	29	487
112	31	488
163	257	506
172	260	508
177	261	509
74	235	530
238	103	542
251	60	554
252	61	555
160	200	553
143	166	587
109	183	571
189	237	598
76	184	586
185	262	604
186	263	605
332	434	612
374	314	614
375	317	616
203	345	622
204	346	623
72	280	630
53	329	631
62	330	632
93	367	637
46	331	643
25	382	644
34	383	645
70	307	583
71	308	584
123	291	581
265	343	651
266	344	652
172	348	531
199	280	654
202	329	655
205	330	656
216	362	657
196	367	596
168	370	658
173	371	659
174	372	660
210	364	665
201	365	666
220	331	667
224	380	668
227	381	669
231	382	670
232	383	671
48	275	673
45	276	674
35	287	675
63	322	589
64	323	590
73	404	680
132	293	684
118	333	685
289	468	691
264	89	510
165	43	519
159	233	540
175	109	571
187	35	489
236	187	594
245	196	596
244	13	597
37	362	615
358	128	595
359	13	653
281	139	621
510	169	700
516	197	705
517	198	706
519	194	708
520	190	709
521	191	710
528	228	717
553	250	742
540	245	698
571	74	737
489	95	594
594	95	733
596	21	765
615	358	768
595	189	770
653	193	771
221	499	692
264	510	700
161	516	705
162	517	706
165	519	708
214	520	709
215	521	710
258	528	717
79	553	742
159	540	698
175	571	737
187	489	594
236	594	733
245	596	765
244	597	766
37	615	768
358	595	770
359	653	771
281	621	776
89	236	510
43	175	519
13	244	533
260	172	542
142	165	586
32	188	498
44	176	593
188	264	606
201	238	607
13	359	609
382	25	614
383	34	616
125	374	604
126	375	605
510	236	783
520	173	786
521	174	787
519	175	788
516	224	797
517	227	798
533	244	802
542	172	784
586	165	809
498	188	606
593	176	599
599	258	814
606	264	806
607	238	721
609	359	815
614	25	816
616	34	817
604	374	772
605	375	773
641	376	775
169	510	783
190	520	786
191	521	787
194	519	788
197	516	797
198	517	798
228	533	802
238	542	784
76	586	809
98	498	606
120	593	599
120	599	814
98	606	806
38	607	721
319	609	815
374	614	816
375	616	817
185	604	772
186	605	773
193	640	774
202	641	775
60	819	858
28	823	843
85	826	1272
88	827	1273
103	828	1219
170	831	1548
181	834	1551
182	835	1552
257	836	1553
242	837	1554
261	838	1555
262	839	1224
263	840	1225
259	841	1556
260	842	1217
237	837	1548
240	839	1549
241	840	1550
233	841	1551
234	842	1552
141	844	1270
61	846	1221
149	847	854
140	848	857
160	849	1317
225	851	1318
176	852	1301
149	854	1310
140	857	1553
60	858	1220
166	861	1319
212	863	1320
77	864	1556
20	866	1265
51	875	1557
52	876	1558
41	877	1452
42	878	1453
56	883	1559
57	884	1560
56	885	1561
57	886	1562
54	887	1563
55	888	1564
69	889	1565
78	890	1566
69	891	1567
78	892	1568
80	893	1569
81	894	1570
133	895	1571
134	896	1572
136	897	1280
137	898	1281
133	901	1573
134	902	1574
135	903	1474
136	904	1575
137	905	1576
138	906	1577
139	907	1578
144	908	1475
145	909	1579
146	910	1580
129	912	1284
105	914	1581
106	915	1582
107	916	1583
108	917	1584
116	922	1587
117	923	1588
104	926	1589
113	929	1590
114	930	1591
115	931	1592
128	933	1454
47	935	1288
87	938	1451
10	939	1303
33	940	1593
22	941	1594
23	944	1467
24	945	1468
38	946	1469
195	949	1450
208	950	1595
230	955	1596
267	887	1597
268	888	1598
269	885	1599
270	886	1600
273	881	1601
274	882	1602
277	893	1603
278	894	1604
279	889	1605
282	890	1606
283	956	1607
284	957	1608
279	877	1613
282	878	1614
277	875	1615
278	876	1616
294	914	1617
295	915	1618
298	918	1619
299	919	1620
302	922	1621
303	923	1622
306	926	1623
307	958	1624
308	959	1625
309	927	1626
310	928	1627
311	929	1628
312	930	1629
313	931	1630
314	932	1231
317	934	1232
298	897	1633
299	898	1634
300	962	1635
301	963	1636
304	901	1639
305	902	1640
306	903	1641
311	908	1642
312	909	1643
313	910	1644
314	911	1645
315	964	1646
317	913	1647
318	939	1648
320	941	1649
321	940	1650
324	943	1653
318	935	1233
324	938	1656
338	971	1660
339	972	1661
351	973	1662
352	974	1663
353	975	1664
446	978	1573
447	979	1574
448	982	1575
449	983	1576
450	984	1577
451	985	1578
452	986	1571
453	987	1572
380	988	1251
381	989	1252
454	992	1581
455	993	1582
456	994	1583
457	995	1584
458	996	1585
459	997	1586
462	1000	1587
463	1001	1588
470	1004	1591
471	1005	1592
452	1006	1557
453	1007	1558
356	1008	1665
357	1009	1666
456	1024	1559
457	1025	1560
460	1028	1563
461	1029	1564
462	1030	1565
463	1031	1566
464	1032	1667
465	1033	1668
466	1034	1567
469	1035	1568
470	1036	1569
471	1037	1570
473	1039	1669
389	1042	1670
385	1043	1671
429	1044	1443
430	1045	1444
377	1046	1672
378	1047	1673
379	1048	1674
479	1053	1579
480	1054	1580
333	1055	1257
334	1056	1258
443	1057	1675
444	1058	1676
445	1059	1677
481	1060	1595
486	1062	1596
348	1063	1243
390	978	1597
391	979	1598
396	984	1601
397	985	1602
400	986	1603
401	987	1604
402	988	1605
405	989	1606
411	994	1609
412	995	1610
413	996	1611
414	997	1612
417	1000	1613
418	1001	1614
360	1004	1615
361	1005	1616
371	1006	1617
372	1007	1618
417	1008	1619
418	1009	1620
423	1014	1623
409	1015	1624
410	1016	1625
411	1017	1626
412	1018	1627
424	1019	1628
425	1020	1629
426	1021	1630
392	1024	1631
393	1025	1632
396	1028	1635
397	1029	1636
398	1030	1637
399	1031	1638
400	1032	1639
401	1033	1640
402	1034	1641
405	1035	1642
406	1036	1643
407	1037	1644
373	1042	1648
386	1043	1229
423	1044	1649
424	1045	1650
325	1046	1651
326	1047	1652
328	1048	1653
433	1053	1654
434	1054	1655
368	1055	1230
369	1056	1656
436	1057	1657
437	1058	1658
438	1059	1659
441	1061	1660
442	1062	1661
39	1069	1289
19	847	1455
212	866	1290
213	1070	1291
85	1072	1456
88	1073	1457
87	1074	1458
86	831	1459
87	1075	1460
229	1076	1461
230	1077	1462
182	828	1463
209	1080	1292
217	1072	1464
218	1073	1465
219	1074	1466
196	856	1293
107	1083	916
108	1084	917
23	851	944
24	1086	945
178	826	951
179	827	952
256	1075	953
229	1087	954
230	1088	955
20	1093	1128
86	1087	1277
87	1088	1431
10	1094	1428
96	1095	1672
97	1096	1673
100	1097	1674
90	834	1671
103	862	1670
138	1069	1107
217	1095	1110
218	1096	1111
219	1097	1112
275	891	1470
276	892	1471
292	942	1297
114	1108	1412
115	1109	1413
49	1083	1287
50	1084	1302
92	1076	1285
323	1117	1478
322	1118	1479
14	965	1126
15	966	1125
80	956	1667
81	957	1668
49	1130	1525
50	1131	1526
46	1132	1529
47	1133	1530
23	1137	1523
24	1138	1507
157	1141	1678
209	1147	1547
210	1148	1679
211	1149	1680
149	1151	1527
25	1152	1168
34	1153	1169
94	1157	1513
101	1158	1514
86	1163	1524
40	1167	1546
99	1170	1528
495	1162	1683
525	1139	1685
499	1172	1686
535	1142	1687
536	1143	1688
574	1158	1690
575	1157	1691
490	1130	1692
491	1131	1693
588	1160	1696
572	1179	1698
573	1180	1176
757	1186	1517
758	1187	1518
782	1191	1680
639	1194	1699
640	1195	1700
799	1201	1678
762	1208	1520
763	1209	1521
720	1210	1516
681	1215	1701
676	1181	1681
677	1182	1682
707	1188	1684
714	1189	1685
532	1192	1686
693	1196	1687
694	1197	1688
697	1200	1689
753	1203	1690
754	1204	1691
757	1208	1694
758	1209	1695
761	1210	1696
613	1215	1697
195	1071	1535
182	1094	1536
213	1222	1537
226	1086	1538
318	1233	1540
385	1241	1542
334	1258	1543
335	1259	1544
336	1260	1545
181	1263	1164
149	835	1151
141	1270	1150
40	1255	1167
49	1287	1699
23	1080	1137
50	1302	1700
819	30	845
823	65	848
826	178	1307
827	179	1308
828	182	1309
831	86	1223
834	90	1266
835	149	1310
836	235	1311
837	237	1271
838	239	1312
839	240	1313
840	241	1314
841	233	1264
842	234	1315
837	242	1306
839	262	1307
840	263	1308
841	259	1263
842	260	1309
844	66	1268
846	112	1222
847	19	1316
848	65	1267
849	79	1315
851	23	1216
852	75	1298
854	160	1317
857	225	1318
858	111	863
861	120	1218
863	111	1312
864	166	1319
866	212	1320
875	277	1325
876	278	1326
877	279	1327
878	282	1328
883	271	1329
884	272	1330
885	269	1331
886	270	1332
887	267	1333
888	268	1334
889	279	1335
890	282	1336
891	275	1337
892	276	1338
893	277	1339
894	278	1340
895	294	1341
896	295	1342
897	298	1343
898	299	1344
901	304	1345
902	305	1346
903	306	1347
904	307	1348
905	308	1349
906	309	1350
907	310	1351
908	311	1352
909	312	1353
910	313	1354
912	316	1278
914	294	1355
915	295	1356
916	296	1357
917	297	1358
922	302	1361
923	303	1362
926	306	1365
929	311	1366
930	312	1367
931	313	1368
933	316	1369
935	318	1370
938	324	1373
939	318	1279
940	321	1374
941	320	1375
944	340	1378
945	341	1379
946	342	1380
949	350	1383
950	350	1384
955	355	1385
887	54	1386
888	55	1387
885	56	1388
886	57	1389
881	54	1390
882	55	1391
893	80	1392
894	81	1393
889	69	1394
890	78	1395
956	80	1396
957	81	1397
877	41	1398
878	42	1399
875	51	1400
876	52	1401
914	105	1246
915	106	1247
918	116	1402
919	117	1403
922	116	1404
923	117	1405
926	104	1406
958	105	1407
959	106	1408
927	107	1409
928	108	1410
929	113	1411
930	114	1412
931	115	1413
932	123	1253
934	132	1254
897	136	1416
898	137	1417
962	138	1418
963	139	1419
901	133	1420
902	134	1421
903	135	1422
908	144	1423
909	145	1424
910	146	1425
911	125	1426
964	149	1245
913	126	1427
939	10	1428
941	22	1429
940	33	1430
943	18	1101
935	47	967
938	87	1431
971	20	1432
972	21	1433
973	217	1434
974	218	1435
975	219	1436
978	390	1414
979	391	1415
982	394	1416
983	395	1417
984	396	1418
985	397	1419
986	400	1420
987	401	1421
988	402	1422
989	405	1423
992	409	1407
993	410	1408
994	411	1409
995	412	1410
996	413	1404
997	414	1405
1000	417	1402
1001	418	1403
1004	360	1282
1005	361	1283
1006	371	1437
1007	372	1438
1008	417	1398
1009	418	1399
1024	392	1388
1025	393	1389
1028	396	1390
1029	397	1391
1030	398	1439
1031	399	1440
1032	400	1392
1033	401	1393
1034	402	1394
1035	405	1395
1036	406	1396
1037	407	1397
1039	370	1286
1042	373	1441
1043	386	1442
1044	423	1406
1045	424	1411
1046	325	1294
1047	326	1295
1048	328	1296
1053	433	1445
1054	434	1446
1055	368	1447
1056	369	1448
1057	436	1434
1058	437	1435
1059	438	1436
1060	349	1127
1062	442	1449
1063	342	946
978	446	1321
979	447	1322
984	450	1323
985	451	1324
986	452	1325
987	453	1326
988	380	1327
989	381	1328
994	456	1329
995	457	1330
996	458	1331
997	459	1332
1000	462	1335
1001	463	1336
1004	470	1339
1005	471	1340
1006	452	1341
1007	453	1342
1008	356	1343
1009	357	1344
1014	477	1347
1015	448	1348
1016	449	1349
1017	450	1350
1018	451	1351
1019	478	1352
1020	479	1353
1021	480	1354
1024	456	1357
1025	457	1358
1028	460	1359
1029	461	1360
1030	462	1361
1031	463	1362
1032	464	1363
1033	465	1364
1034	466	1365
1035	469	1366
1036	470	1367
1037	471	1368
1042	389	1370
1043	385	1274
1044	429	1371
1045	430	1372
1046	377	1275
1047	378	1276
1048	379	1373
1053	479	1374
1054	480	1375
1055	333	1376
1056	334	1377
1057	443	1378
1058	444	1379
1059	445	1380
1061	485	1381
1062	486	1382
1069	138	962
847	149	964
866	20	971
1070	21	972
1072	217	973
1073	218	974
1074	219	975
831	170	976
1075	256	977
1076	92	1447
1077	93	1448
828	103	1441
1080	23	1102
1072	85	1227
1073	88	1228
1074	87	1451
856	90	1442
1083	49	1234
1084	50	1235
851	225	1237
1086	226	1238
826	85	1456
827	88	1457
1075	87	1458
1087	86	1459
1088	87	1460
1093	221	1239
1087	229	1461
1088	230	1462
1094	182	1463
1095	217	1464
1096	218	1465
1097	219	1466
834	181	1241
862	201	1242
1069	39	1244
1095	96	1248
1096	97	1249
1097	100	1250
891	69	1439
892	78	1440
942	17	1100
1108	322	1472
1109	323	1473
1083	107	1115
1084	108	1116
1076	229	1122
1117	135	1474
1118	144	1475
965	285	1261
966	286	1262
956	283	1476
957	284	1477
1130	490	1480
1131	491	1481
1132	492	1482
1133	493	1483
1137	518	1484
1138	525	1485
1141	503	1487
1147	537	1490
1148	538	1491
1149	539	1492
1151	568	1493
1152	574	1494
1153	575	1495
1157	575	1496
1158	574	1497
1163	592	1499
1167	608	1500
1170	592	1501
1162	40	1502
1139	157	1503
1172	20	1504
1142	222	1505
1143	223	1506
1158	101	1508
1157	94	1509
1130	49	1510
1131	50	1511
1160	99	1512
1179	585	1159
1180	587	1515
1186	693	1505
1187	694	1506
1191	720	1516
1194	730	1510
1195	731	1511
1201	714	1503
1208	757	1517
1209	758	1518
1210	761	1519
1215	613	1522
1181	619	1480
1182	620	1481
1188	506	1484
1189	751	1485
1192	789	1486
1196	778	1488
1197	779	1489
1200	782	1492
1203	661	1494
1204	662	1495
1208	762	1496
1209	763	1497
1210	720	1498
1215	681	1501
1071	172	1173
1094	10	1175
1222	112	1177
1086	24	1174
1233	332	1178
1241	181	1299
1258	93	1531
1259	94	1532
1260	101	1533
1263	259	1534
835	182	1536
1270	226	1538
1255	386	1539
1287	288	1541
1080	209	1304
1302	289	1305
858	845	111
843	848	140
1272	1307	262
1273	1308	263
1219	1309	260
1548	1223	237
1551	1266	233
1552	1310	234
1553	1311	140
1554	1271	128
1555	1312	111
1224	1313	125
1225	1314	126
1556	1264	77
1217	1315	79
1548	1306	170
1549	1307	178
1550	1308	179
1551	1263	181
1552	1309	182
1270	1268	226
1221	1222	213
854	1316	160
857	1267	225
1317	1315	234
1318	1216	257
1301	1298	258
1310	1317	234
1553	1318	257
1220	863	212
1319	1218	259
1320	1312	239
1556	1319	259
1265	1320	239
1557	1325	452
1558	1326	453
1452	1327	380
1453	1328	381
1559	1329	456
1560	1330	457
1561	1331	458
1562	1332	459
1563	1333	460
1564	1334	461
1565	1335	462
1566	1336	463
1567	1337	466
1568	1338	469
1569	1339	470
1570	1340	471
1571	1341	452
1572	1342	453
1280	1343	356
1281	1344	357
1573	1345	446
1574	1346	447
1474	1347	477
1575	1348	448
1576	1349	449
1577	1350	450
1578	1351	451
1475	1352	478
1579	1353	479
1580	1354	480
1284	1278	362
1581	1355	454
1582	1356	455
1583	1357	456
1584	1358	457
1587	1361	462
1588	1362	463
1589	1365	466
1590	1366	469
1591	1367	470
1592	1368	471
1454	1369	384
1288	1370	389
1451	1373	379
1303	1279	376
1593	1374	479
1594	1375	480
1467	1378	443
1468	1379	444
1469	1380	445
1450	1383	348
1595	1384	481
1596	1385	486
1597	1386	390
1598	1387	391
1599	1388	392
1600	1389	393
1601	1390	396
1602	1391	397
1603	1392	400
1604	1393	401
1605	1394	402
1606	1395	405
1607	1396	406
1608	1397	407
1613	1398	417
1614	1399	418
1615	1400	360
1616	1401	361
1617	1246	371
1618	1247	372
1619	1402	417
1620	1403	418
1621	1404	413
1622	1405	414
1623	1406	423
1624	1407	409
1625	1408	410
1626	1409	411
1627	1410	412
1628	1411	424
1629	1412	425
1630	1413	426
1231	1253	382
1232	1254	383
1633	1416	394
1634	1417	395
1635	1418	396
1636	1419	397
1639	1420	400
1640	1421	401
1641	1422	402
1642	1423	405
1643	1424	406
1644	1425	407
1645	1426	387
1646	1245	370
1647	1427	388
1648	1428	373
1649	1429	423
1650	1430	424
1653	1101	328
1233	967	332
1656	1431	369
1660	1432	441
1661	1433	442
1662	1434	436
1663	1435	437
1664	1436	438
1573	1414	133
1574	1415	134
1575	1416	136
1576	1417	137
1577	1418	138
1578	1419	139
1571	1420	133
1572	1421	134
1251	1422	135
1252	1423	144
1581	1407	105
1582	1408	106
1583	1409	107
1584	1410	108
1585	1404	116
1586	1405	117
1587	1402	116
1588	1403	117
1591	1282	114
1592	1283	115
1557	1437	51
1558	1438	52
1665	1398	41
1666	1399	42
1559	1388	56
1560	1389	57
1563	1390	54
1564	1391	55
1565	1439	69
1566	1440	78
1667	1392	80
1668	1393	81
1567	1394	69
1568	1395	78
1569	1396	80
1570	1397	81
1669	1286	84
1670	1441	103
1671	1442	90
1443	1406	104
1444	1411	113
1672	1294	96
1673	1295	97
1674	1296	100
1579	1445	145
1580	1446	146
1257	1447	92
1258	1448	93
1675	1434	217
1676	1435	218
1677	1436	219
1595	1127	208
1596	1449	230
1243	946	38
1597	1321	267
1598	1322	268
1601	1323	273
1602	1324	274
1603	1325	277
1604	1326	278
1605	1327	279
1606	1328	282
1609	1329	271
1610	1330	272
1611	1331	269
1612	1332	270
1613	1335	279
1614	1336	282
1615	1339	277
1616	1340	278
1617	1341	294
1618	1342	295
1619	1343	298
1620	1344	299
1623	1347	306
1624	1348	307
1625	1349	308
1626	1350	309
1627	1351	310
1628	1352	311
1629	1353	312
1630	1354	313
1631	1357	296
1632	1358	297
1635	1359	300
1636	1360	301
1637	1361	302
1638	1362	303
1639	1363	304
1640	1364	305
1641	1365	306
1642	1366	311
1643	1367	312
1644	1368	313
1648	1370	318
1229	1274	319
1649	1371	320
1650	1372	321
1651	1275	285
1652	1276	286
1653	1373	324
1654	1374	321
1655	1375	320
1230	1376	292
1656	1377	324
1657	1378	340
1658	1379	341
1659	1380	342
1660	1381	338
1661	1382	339
1289	962	300
1455	964	315
1290	971	338
1291	972	339
1456	973	351
1457	974	352
1458	975	353
1459	976	354
1460	977	355
1461	1447	368
1462	1448	369
1463	1441	373
1292	1102	363
1464	1227	377
1465	1228	378
1466	1451	379
1293	1442	386
916	1234	296
917	1235	297
944	1237	340
945	1238	341
951	1456	351
952	1457	352
953	1458	353
954	1459	354
955	1460	355
1128	1239	366
1277	1461	368
1431	1462	369
1428	1463	373
1672	1464	377
1673	1465	378
1674	1466	379
1671	1241	385
1670	1242	389
1107	1244	280
1110	1248	363
1111	1249	364
1112	1250	365
1470	1439	398
1471	1440	399
1297	1100	327
1412	1472	425
1413	1473	426
1287	1115	288
1302	1116	289
1285	1122	366
1478	1474	477
1479	1475	478
1126	1261	336
1125	1262	335
1667	1476	464
1668	1477	465
1525	1480	619
1526	1481	620
1529	1482	682
1530	1483	683
1523	1484	506
1507	1485	751
1678	1487	799
1547	1490	780
1679	1491	781
1680	1492	782
1527	1493	658
1168	1494	661
1169	1495	662
1513	1496	762
1514	1497	763
1524	1499	598
1546	1500	776
1528	1501	681
1683	1502	648
1685	1503	714
1686	1504	532
1687	1505	693
1688	1506	694
1690	1508	753
1691	1509	754
1692	1510	730
1693	1511	731
1696	1512	761
1698	1159	75
1176	1515	77
1517	1505	222
1518	1506	223
1680	1516	211
1699	1510	49
1700	1511	50
1678	1503	157
1520	1517	222
1521	1518	223
1516	1519	211
1701	1522	292
1681	1480	490
1682	1481	491
1684	1484	518
1685	1485	525
1686	1486	499
1687	1488	535
1688	1489	536
1689	1492	539
1690	1494	574
1691	1495	575
1694	1496	575
1695	1497	574
1696	1498	588
1697	1501	592
1535	1173	548
1536	1175	568
1537	1177	577
1538	1174	567
1540	1178	618
1542	1299	597
1543	1531	686
1544	1532	687
1545	1533	688
1164	1534	511
1151	1536	568
1150	1538	567
1167	1539	608
1699	1541	639
1137	1304	518
1700	1305	640
845	858	819
848	843	823
1307	1272	826
1308	1273	827
1309	1219	828
1223	1548	831
1266	1551	834
1310	1552	835
1311	1553	836
1271	1554	837
1312	1555	838
1313	1224	839
1314	1225	840
1264	1556	841
1315	1217	842
1306	1548	837
1307	1549	839
1308	1550	840
1263	1551	841
1309	1552	842
1268	1270	844
1222	1221	846
1316	854	847
1267	857	848
1315	1317	849
1216	1318	851
1298	1301	852
1317	1310	854
1318	1553	857
863	1220	858
1218	1319	861
1312	1320	863
1319	1556	864
1320	1265	866
1325	1557	875
1326	1558	876
1327	1452	877
1328	1453	878
1329	1559	883
1330	1560	884
1331	1561	885
1332	1562	886
1333	1563	887
1334	1564	888
1335	1565	889
1336	1566	890
1337	1567	891
1338	1568	892
1339	1569	893
1340	1570	894
1341	1571	895
1342	1572	896
1343	1280	897
1344	1281	898
1345	1573	901
1346	1574	902
1347	1474	903
1348	1575	904
1349	1576	905
1350	1577	906
1351	1578	907
1352	1475	908
1353	1579	909
1354	1580	910
1278	1284	912
1355	1581	914
1356	1582	915
1357	1583	916
1358	1584	917
1361	1587	922
1362	1588	923
1365	1589	926
1366	1590	929
1367	1591	930
1368	1592	931
1369	1454	933
1370	1288	935
1373	1451	938
1279	1303	939
1374	1593	940
1375	1594	941
1378	1467	944
1379	1468	945
1380	1469	946
1383	1450	949
1384	1595	950
1385	1596	955
1386	1597	887
1387	1598	888
1388	1599	885
1389	1600	886
1390	1601	881
1391	1602	882
1392	1603	893
1393	1604	894
1394	1605	889
1395	1606	890
1396	1607	956
1397	1608	957
1398	1613	877
1399	1614	878
1400	1615	875
1401	1616	876
1246	1617	914
1247	1618	915
1402	1619	918
1403	1620	919
1404	1621	922
1405	1622	923
1406	1623	926
1407	1624	958
1408	1625	959
1409	1626	927
1410	1627	928
1411	1628	929
1412	1629	930
1413	1630	931
1253	1231	932
1254	1232	934
1416	1633	897
1417	1634	898
1418	1635	962
1419	1636	963
1420	1639	901
1421	1640	902
1422	1641	903
1423	1642	908
1424	1643	909
1425	1644	910
1426	1645	911
1245	1646	964
1427	1647	913
1428	1648	939
1429	1649	941
1430	1650	940
1101	1653	943
967	1233	935
1431	1656	938
1432	1660	971
1433	1661	972
1434	1662	973
1435	1663	974
1436	1664	975
1414	1573	978
1415	1574	979
1416	1575	982
1417	1576	983
1418	1577	984
1419	1578	985
1420	1571	986
1421	1572	987
1422	1251	988
1423	1252	989
1407	1581	992
1408	1582	993
1409	1583	994
1410	1584	995
1404	1585	996
1405	1586	997
1402	1587	1000
1403	1588	1001
1282	1591	1004
1283	1592	1005
1437	1557	1006
1438	1558	1007
1398	1665	1008
1399	1666	1009
1388	1559	1024
1389	1560	1025
1390	1563	1028
1391	1564	1029
1439	1565	1030
1440	1566	1031
1392	1667	1032
1393	1668	1033
1394	1567	1034
1395	1568	1035
1396	1569	1036
1397	1570	1037
1286	1669	1039
1441	1670	1042
1442	1671	1043
1406	1443	1044
1411	1444	1045
1294	1672	1046
1295	1673	1047
1296	1674	1048
1445	1579	1053
1446	1580	1054
1447	1257	1055
1448	1258	1056
1434	1675	1057
1435	1676	1058
1436	1677	1059
1127	1595	1060
1449	1596	1062
946	1243	1063
1321	1597	978
1322	1598	979
1323	1601	984
1324	1602	985
1325	1603	986
1326	1604	987
1327	1605	988
1328	1606	989
1329	1609	994
1330	1610	995
1331	1611	996
1332	1612	997
1335	1613	1000
1336	1614	1001
1339	1615	1004
1340	1616	1005
1341	1617	1006
1342	1618	1007
1343	1619	1008
1344	1620	1009
1347	1623	1014
1348	1624	1015
1349	1625	1016
1350	1626	1017
1351	1627	1018
1352	1628	1019
1353	1629	1020
1354	1630	1021
1357	1631	1024
1358	1632	1025
1359	1635	1028
1360	1636	1029
1361	1637	1030
1362	1638	1031
1363	1639	1032
1364	1640	1033
1365	1641	1034
1366	1642	1035
1367	1643	1036
1368	1644	1037
1370	1648	1042
1274	1229	1043
1371	1649	1044
1372	1650	1045
1275	1651	1046
1276	1652	1047
1373	1653	1048
1374	1654	1053
1375	1655	1054
1376	1230	1055
1377	1656	1056
1378	1657	1057
1379	1658	1058
1380	1659	1059
1381	1660	1061
1382	1661	1062
962	1289	1069
964	1455	847
971	1290	866
972	1291	1070
973	1456	1072
974	1457	1073
975	1458	1074
976	1459	831
977	1460	1075
1447	1461	1076
1448	1462	1077
1441	1463	828
1102	1292	1080
1227	1464	1072
1228	1465	1073
1451	1466	1074
1442	1293	856
1234	916	1083
1235	917	1084
1237	944	851
1238	945	1086
1456	951	826
1457	952	827
1458	953	1075
1459	954	1087
1460	955	1088
1239	1128	1093
1461	1277	1087
1462	1431	1088
1463	1428	1094
1464	1672	1095
1465	1673	1096
1466	1674	1097
1241	1671	834
1242	1670	862
1244	1107	1069
1248	1110	1095
1249	1111	1096
1250	1112	1097
1439	1470	891
1440	1471	892
1100	1297	942
1472	1412	1108
1473	1413	1109
1115	1287	1083
1116	1302	1084
1122	1285	1076
1474	1478	1117
1475	1479	1118
1261	1126	965
1262	1125	966
1476	1667	956
1477	1668	957
1480	1525	1130
1481	1526	1131
1482	1529	1132
1483	1530	1133
1484	1523	1137
1485	1507	1138
1487	1678	1141
1490	1547	1147
1491	1679	1148
1492	1680	1149
1493	1527	1151
1494	1168	1152
1495	1169	1153
1496	1513	1157
1497	1514	1158
1499	1524	1163
1500	1546	1167
1501	1528	1170
1502	1683	1162
1503	1685	1139
1504	1686	1172
1505	1687	1142
1506	1688	1143
1508	1690	1158
1509	1691	1157
1510	1692	1130
1511	1693	1131
1512	1696	1160
1159	1698	1179
1515	1176	1180
1505	1517	1186
1506	1518	1187
1516	1680	1191
1510	1699	1194
1511	1700	1195
1503	1678	1201
1517	1520	1208
1518	1521	1209
1519	1516	1210
1522	1701	1215
1480	1681	1181
1481	1682	1182
1484	1684	1188
1485	1685	1189
1486	1686	1192
1488	1687	1196
1489	1688	1197
1492	1689	1200
1494	1690	1203
1495	1691	1204
1496	1694	1208
1497	1695	1209
1498	1696	1210
1501	1697	1215
1173	1535	1071
1175	1536	1094
1177	1537	1222
1174	1538	1086
1178	1540	1233
1299	1542	1241
1531	1543	1258
1532	1544	1259
1533	1545	1260
1534	1164	1263
1536	1151	835
1538	1150	1270
1539	1167	1255
1541	1699	1287
1304	1137	1080
1305	1700	1302
163	235	836
177	239	838
245	90	856
238	201	862
427	14	869
428	15	870
448	26	871
449	27	872
431	46	879
432	47	880
454	54	881
455	55	882
475	147	899
476	148	900
374	125	911
375	126	913
467	107	927
468	108	928
472	123	932
474	132	934
482	178	951
483	179	952
484	256	953
485	229	954
394	271	883
395	272	884
409	273	873
410	274	874
415	267	867
416	268	868
421	304	924
422	305	925
358	316	933
403	309	906
404	310	907
408	316	912
432	332	967
435	350	949
439	354	976
440	355	977
130	427	980
131	428	981
118	460	998
119	461	999
14	475	1010
15	476	1011
17	446	1012
18	447	1013
26	448	1015
27	449	1016
26	450	1017
27	451	1018
83	472	1038
91	384	1040
102	474	1041
229	485	1061
152	481	1064
206	482	1065
207	483	1066
208	484	1067
204	486	1068
271	394	982
272	395	983
273	409	992
274	410	993
329	429	1049
330	430	1050
331	431	1051
332	432	1052
347	349	1060
337	195	829
345	170	825
421	327	1100
422	328	1101
403	138	1107
343	7	832
344	8	833
467	288	1115
468	289	1116
416	334	1119
476	335	1120
475	336	1121
441	366	1122
476	15	1125
475	14	1126
484	208	1127
781	157	1139
804	222	1142
805	223	1143
643	220	1144
759	141	1150
664	96	1154
665	97	1155
813	75	1159
764	99	1160
672	40	1162
766	181	1164
816	25	1168
817	34	1169
678	492	1156
696	503	1141
642	525	1138
656	535	1145
655	536	1146
730	537	1147
731	538	1148
732	539	1149
508	548	1173
752	568	1175
529	573	1176
732	492	1132
646	493	1133
760	577	1177
628	588	1161
637	495	1134
764	592	1170
612	618	1178
689	600	1165
690	601	1166
130	619	1181
131	620	1182
121	682	1183
122	683	1184
119	686	1185
163	506	1188
164	751	1189
177	789	1192
228	799	1193
154	778	1196
155	779	1197
156	780	1198
157	781	1199
158	782	1200
168	658	1202
185	661	1203
186	662	1204
209	664	1205
210	665	1206
189	598	1213
281	776	1214
487	585	1179
488	587	1180
500	693	1186
501	694	1187
525	642	1190
522	720	1191
537	730	1194
538	731	1195
563	714	1201
492	732	1207
496	762	1211
497	763	1212
508	260	1217
542	103	1219
554	60	1220
555	61	1221
604	262	1224
605	263	1225
609	385	1226
610	377	1227
611	378	1228
614	314	1231
616	317	1232
624	340	1237
625	341	1238
636	366	1239
646	389	1242
647	300	920
648	301	921
583	307	904
584	308	905
581	291	1124
649	338	947
650	339	948
531	348	1243
654	280	1244
596	367	1129
659	371	1246
660	372	1247
664	363	1248
665	364	1249
666	365	1250
668	380	1251
669	381	1252
670	382	1253
671	383	1254
672	386	1255
673	275	1105
674	276	1106
589	322	1108
590	323	1109
685	333	1257
689	336	1261
690	335	1262
529	77	1264
540	233	1266
560	225	1267
561	226	1268
595	128	1271
593	120	861
602	85	1272
603	88	1273
609	319	1274
610	285	1275
611	286	1276
613	86	1277
615	362	1278
619	130	960
620	131	961
621	139	963
569	105	958
570	106	959
624	206	968
625	207	969
626	136	1280
627	137	1281
633	114	1282
634	115	1283
635	129	1284
636	92	1285
638	84	1286
642	24	1103
607	38	1104
646	47	1288
647	39	1289
649	212	1290
650	213	1291
663	192	1240
664	209	1292
672	196	1293
676	96	1294
677	97	1295
678	99	1256
679	100	1296
682	121	1113
683	122	1114
579	135	1117
580	144	1118
689	101	1260
690	94	1259
516	161	1089
517	162	1090
520	214	1091
521	215	1092
528	258	1298
553	79	849
692	499	1140
766	597	1299
520	51	1078
521	52	1079
516	41	1081
517	42	1082
599	176	1301
641	10	1303
774	640	1305
780	156	1171
257	163	836
261	177	838
196	245	856
103	238	862
269	427	869
270	428	870
271	448	871
272	449	872
283	431	879
284	432	880
273	454	881
274	455	882
302	475	899
303	476	900
314	374	911
317	375	913
309	467	927
310	468	928
314	472	932
317	474	934
351	482	951
352	483	952
353	484	953
354	485	954
56	394	883
57	395	884
26	409	873
27	410	874
17	415	867
18	416	868
121	421	924
122	422	925
128	358	933
138	403	906
139	404	907
129	408	912
47	432	967
195	435	949
170	439	976
256	440	977
392	130	980
393	131	981
415	118	998
416	119	999
413	14	1010
414	15	1011
421	17	1012
422	18	1013
409	26	1015
410	27	1016
411	26	1017
412	27	1018
387	83	1038
408	91	1040
388	102	1041
441	229	1061
435	152	1064
436	206	1065
437	207	1066
438	208	1067
440	204	1068
448	271	982
449	272	983
454	273	992
455	274	993
419	329	1049
420	330	1050
433	331	1051
434	332	1052
481	347	1060
36	337	829
5	345	825
17	421	1100
18	422	1101
280	403	1107
178	343	832
179	344	833
107	467	1115
108	468	1116
119	416	1119
148	476	1120
147	475	1121
229	441	1122
335	476	1125
336	475	1126
349	484	1127
525	781	1139
535	804	1142
536	805	1143
539	643	1144
567	759	1150
490	664	1154
491	665	1155
585	813	1159
588	764	1160
495	672	1162
511	766	1164
661	816	1168
662	817	1169
99	678	1156
157	696	1141
24	642	1138
205	656	1145
202	655	1146
209	730	1147
210	731	1148
211	732	1149
172	508	1173
10	752	1175
77	529	1176
46	732	1132
47	646	1133
112	760	1177
37	628	1161
93	637	1134
99	764	1170
332	612	1178
101	689	1165
94	690	1166
676	130	1181
677	131	1182
678	121	1183
679	122	1184
648	119	1185
707	163	1188
714	164	1189
532	177	1192
533	228	1193
693	154	1196
694	155	1197
695	156	1198
696	157	1199
697	158	1200
752	168	1202
753	185	1203
754	186	1204
730	209	1205
731	210	1206
764	189	1213
767	281	1214
572	487	1179
573	488	1180
757	500	1186
758	501	1187
781	525	1190
782	522	1191
639	537	1194
640	538	1195
799	563	1201
761	492	1207
804	496	1211
805	497	1212
79	508	1217
260	542	1219
212	554	1220
213	555	1221
125	604	1224
126	605	1225
13	609	1226
85	610	1227
88	611	1228
382	614	1231
383	616	1232
225	624	1237
226	625	1238
221	636	1239
201	646	1242
118	647	920
119	648	921
136	583	904
137	584	905
84	581	1124
203	649	947
204	650	948
38	531	1243
39	654	1244
21	596	1129
105	659	1246
106	660	1247
96	664	1248
97	665	1249
100	666	1250
135	668	1251
144	669	1252
123	670	1253
132	671	1254
40	672	1255
147	673	1105
148	674	1106
114	589	1108
115	590	1109
92	685	1257
285	689	1261
286	690	1262
233	529	1264
90	540	1266
65	560	1267
66	561	1268
237	595	1271
166	593	861
262	602	1272
263	603	1273
385	609	1274
377	610	1275
378	611	1276
368	613	1277
316	615	1278
296	619	960
297	620	961
301	621	963
307	569	958
308	570	959
340	624	968
341	625	969
356	626	1280
357	627	1281
360	633	1282
361	634	1283
362	635	1284
366	636	1285
370	638	1286
364	642	1103
365	607	1104
389	646	1288
300	647	1289
338	649	1290
339	650	1291
288	663	1240
363	664	1292
386	672	1293
325	676	1294
326	677	1295
327	678	1256
328	679	1296
283	682	1113
284	683	1114
323	579	1117
322	580	1118
336	689	1260
335	690	1259
41	516	1089
42	517	1090
51	520	1091
52	521	1092
75	528	1298
160	553	849
153	692	1140
181	766	1299
173	520	1078
174	521	1079
224	516	1081
227	517	1082
258	599	1301
376	641	1303
289	774	1305
518	780	1171
82	3	821
124	82	822
141	29	824
242	5	825
250	36	829
183	28	843
235	183	850
240	167	859
241	171	860
446	17	867
447	18	868
450	26	873
451	27	874
460	118	920
461	119	921
464	121	924
465	122	925
429	53	936
430	62	937
333	17	942
334	18	943
485	203	947
486	204	948
390	294	895
391	295	896
342	350	950
145	431	990
146	432	991
22	477	1014
33	478	1019
54	454	1022
55	455	1023
104	419	1049
113	420	1050
267	415	998
268	416	999
275	419	1002
276	420	1003
304	421	1012
305	422	1013
294	390	1022
295	391	1023
316	408	1040
350	342	1063
350	435	1064
355	440	1068
348	172	1071
371	173	1078
372	174	1079
380	224	1081
381	227	1082
384	180	855
315	124	1085
443	363	1102
444	364	1103
445	365	1104
398	147	1105
399	148	1106
367	93	1077
442	367	1123
477	22	1099
478	33	1098
789	153	1140
778	205	1145
779	202	1146
720	37	1161
751	567	1174
762	496	1135
763	497	1136
222	804	1211
223	805	1212
492	678	1183
493	679	1184
503	533	1193
537	695	1198
538	696	1199
568	752	1202
592	764	1213
608	767	1214
506	257	1216
587	166	864
598	237	1223
613	368	1230
619	296	1234
620	297	1235
621	301	1236
658	370	1245
681	327	1256
682	283	879
683	284	880
548	250	1269
577	21	1070
618	376	1279
597	13	1226
686	119	1119
687	148	1120
688	147	1121
499	221	1093
776	621	1300
780	518	1304
821	19	822
822	19	1085
824	66	844
825	170	1306
829	195	1269
843	140	850
850	140	1311
859	125	1313
860	126	1314
867	267	1321
868	268	1322
873	273	1323
874	274	1324
920	300	1359
921	301	1360
924	304	1363
925	305	1364
936	320	1371
937	321	1372
942	292	1376
943	324	1377
947	338	1381
948	339	1382
895	133	1414
896	134	1415
950	208	970
990	406	1424
991	407	1425
1014	423	1429
1019	424	1430
1022	390	1386
1023	391	1387
1049	429	1443
1050	430	1444
998	460	1333
999	461	1334
1002	466	1337
1003	469	1338
1012	446	1345
1013	447	1346
1022	454	1355
1023	455	1356
1040	384	1369
1063	348	1383
1064	481	1384
1068	486	1385
1071	195	1450
1078	51	1437
1079	52	1438
1081	41	1452
1082	42	1453
855	128	1454
1085	19	1455
1102	23	1467
1103	24	1468
1104	38	1469
1105	275	1470
1106	276	1471
1077	230	1123
1123	230	1449
1099	323	1478
1098	322	1479
1140	499	1486
1145	535	1488
1146	536	1489
1161	588	1498
1174	24	1507
1135	94	1513
1136	101	1514
1211	762	1520
1212	763	1521
1183	682	1482
1184	683	1483
1193	799	1487
1198	780	1490
1199	781	1491
1202	658	1493
1213	598	1499
1214	776	1500
1216	23	1523
864	77	1515
1223	86	1524
1230	292	1522
1234	49	1525
1235	50	1526
1236	40	1300
1245	149	1527
1256	99	1528
879	46	1529
880	47	1530
1269	195	1535
1070	213	1537
1279	318	1540
1226	385	1542
1119	334	1543
1120	335	1544
1121	336	1545
1093	20	1172
1300	40	1546
1304	209	1547
82	821	822
124	822	1085
141	824	844
242	825	1306
250	829	1269
183	843	850
235	850	1311
240	859	1313
241	860	1314
446	867	1321
447	868	1322
450	873	1323
451	874	1324
460	920	1359
461	921	1360
464	924	1363
465	925	1364
429	936	1371
430	937	1372
333	942	1376
334	943	1377
485	947	1381
486	948	1382
390	895	1414
391	896	1415
342	950	970
145	990	1424
146	991	1425
22	1014	1429
33	1019	1430
54	1022	1386
55	1023	1387
104	1049	1443
113	1050	1444
267	998	1333
268	999	1334
275	1002	1337
276	1003	1338
304	1012	1345
305	1013	1346
294	1022	1355
295	1023	1356
316	1040	1369
350	1063	1383
350	1064	1384
355	1068	1385
348	1071	1450
371	1078	1437
372	1079	1438
380	1081	1452
381	1082	1453
384	855	1454
315	1085	1455
443	1102	1467
444	1103	1468
445	1104	1469
398	1105	1470
399	1106	1471
367	1077	1123
442	1123	1449
477	1099	1478
478	1098	1479
789	1140	1486
778	1145	1488
779	1146	1489
720	1161	1498
751	1174	1507
762	1135	1513
763	1136	1514
222	1211	1520
223	1212	1521
492	1183	1482
493	1184	1483
503	1193	1487
537	1198	1490
538	1199	1491
568	1202	1493
592	1213	1499
608	1214	1500
506	1216	1523
587	864	1515
598	1223	1524
613	1230	1522
619	1234	1525
620	1235	1526
621	1236	1300
658	1245	1527
681	1256	1528
682	879	1529
683	880	1530
548	1269	1535
577	1070	1537
618	1279	1540
597	1226	1542
686	1119	1543
687	1120	1544
688	1121	1545
499	1093	1172
776	1300	1546
780	1304	1547
31	112	820
200	160	830
7	240	832
8	241	833
30	184	845
3	151	821
151	200	853
180	242	855
184	261	865
298	458	918
299	459	919
26	411	871
27	412	872
14	413	869
15	414	870
130	392	960
131	393	961
147	398	899
148	399	900
14	325	965
15	326	966
62	433	937
53	434	936
206	436	968
207	437	969
208	438	970
419	104	1002
420	113	1003
425	33	1020
426	22	1021
394	56	1026
395	57	1027
431	145	1051
432	146	1052
427	269	980
428	270	981
431	283	990
432	284	991
475	302	1010
476	303	1011
458	298	1026
459	299	1027
472	314	1038
473	315	1039
474	317	1041
482	351	1065
483	352	1066
484	353	1067
161	356	1089
162	357	1090
214	360	1091
215	361	1092
167	387	859
171	388	860
33	425	1098
22	426	1099
363	443	1110
364	444	1111
365	445	1112
121	464	1113
122	465	1114
291	473	1124
366	441	1128
367	442	1129
495	686	1134
496	687	1135
497	688	1136
492	761	1156
600	753	1165
601	754	1166
96	676	1154
97	677	1155
156	707	1171
220	697	1144
34	757	1153
25	758	1152
86	613	1163
642	210	1190
732	211	1207
686	495	1185
664	490	1205
665	491	1206
120	511	1218
319	608	1229
192	639	1240
239	532	1265
176	572	852
301	648	1236
327	681	1297
820	112	846
830	160	1316
832	240	1549
833	241	1550
845	184	865
821	151	853
853	200	830
855	242	1554
865	261	1555
918	458	1585
919	459	1586
871	411	1609
872	412	1610
869	413	1611
870	414	1612
960	392	1631
961	393	1632
899	398	1637
900	399	1638
965	325	1651
966	326	1652
937	433	1654
936	434	1655
968	436	1657
969	437	1658
970	438	1659
1002	104	1589
1003	113	1590
1020	33	1593
1021	22	1594
1026	56	1561
1027	57	1562
1051	145	1445
1052	146	1446
980	269	1599
981	270	1600
990	283	1607
991	284	1608
1010	302	1621
1011	303	1622
1026	298	1633
1027	299	1634
1038	314	1645
1039	315	1646
1041	317	1647
1065	351	1662
1066	352	1663
1067	353	1664
1089	356	1665
1090	357	1666
1091	360	1400
1092	361	1401
859	387	1426
860	388	1427
1098	425	1472
1099	426	1473
1110	443	1675
1111	444	1676
1112	445	1677
1113	464	1476
1114	465	1477
1124	473	1669
1128	441	1432
1129	442	1433
1134	686	1531
1135	687	1532
1136	688	1533
1156	761	1512
1165	753	1508
1166	754	1509
1154	676	1681
1155	677	1682
1171	707	1684
1144	697	1689
1153	757	1694
1152	758	1695
1163	613	1697
1190	210	1679
1207	211	1519
1185	495	1683
1205	490	1692
1206	491	1693
1218	511	1534
1229	608	1539
1240	639	1541
1265	532	1504
852	572	1698
1236	648	1502
1297	681	1701
61	820	846
19	830	1316
178	832	1549
179	833	1550
111	845	865
19	821	853
19	853	830
128	855	1554
111	865	1555
116	918	1585
117	919	1586
271	871	1609
272	872	1610
269	869	1611
270	870	1612
296	960	1631
297	961	1632
302	899	1637
303	900	1638
285	965	1651
286	966	1652
321	937	1654
320	936	1655
340	968	1657
341	969	1658
342	970	1659
466	1002	1589
469	1003	1590
479	1020	1593
480	1021	1594
458	1026	1561
459	1027	1562
433	1051	1445
434	1052	1446
392	980	1599
393	981	1600
406	990	1607
407	991	1608
413	1010	1621
414	1011	1622
394	1026	1633
395	1027	1634
387	1038	1645
370	1039	1646
388	1041	1647
436	1065	1662
437	1066	1663
438	1067	1664
41	1089	1665
42	1090	1666
51	1091	1400
52	1092	1401
125	859	1426
126	860	1427
322	1098	1472
323	1099	1473
217	1110	1675
218	1111	1676
219	1112	1677
283	1113	1476
284	1114	1477
84	1124	1669
20	1128	1432
21	1129	1433
93	1134	1531
94	1135	1532
101	1136	1533
99	1156	1512
101	1165	1508
94	1166	1509
490	1154	1681
491	1155	1682
518	1171	1684
539	1144	1689
575	1153	1694
574	1152	1695
592	1163	1697
781	1190	1679
761	1207	1519
648	1185	1683
730	1205	1692
731	1206	1693
259	1218	1534
386	1229	1539
288	1240	1541
20	1265	1504
75	852	1698
40	1236	1502
292	1297	1701
