0.36336448
0.58662398
0.44700466
0.070268789
-0.38355355
-0.78069744
-0.8746218
-0.88206518
-1.0131561
-1.2476946
-1.5138988
-1.6749386
-1.7063367
-1.7220909
-1.7738131
-1.8483972
-1.9352012
-2.0279343
-2.1046841
-2.1767049
-2.250467
-2.3135453
-2.3603165
-2.3904198
-2.3984907
-2.3967029
-2.4040303
-2.4211224
-2.4472409
-2.4809342
-2.5193716
-2.5600731
-2.5931097
-2.6230331
-2.651101
-2.6729265
-2.6751047
-2.670132
-2.6661937
-2.6666178
-2.6719355
-2.6821272
-2.6966997
-2.7147698
-2.735049
-2.7530942
-2.7629068
-2.7670153
-2.7665441
-2.7665183
-2.767142
-2.7658149
-2.7647707
-2.7667232
-2.7716827
-2.7792716
-2.788934
-2.7992773
-2.8047993
-2.8099293
-2.8148746
-2.8187493
-2.8191839
-2.8170439
-2.8154869
-2.8152095
-2.8160686
-2.8185096
-2.8223
-2.827116
-2.8325899
-2.8371217
-2.8380816
-2.8362274
-2.8345297
-2.8334868
-2.8334283
-2.8342212
-2.8350286
-2.8362782
-2.8377903
-2.8400274
-2.8428121
-2.8455451
-2.8463256
-2.8468651
-2.847528
-2.8473963
-2.8471593
-2.8472711
-2.8472466
-2.8474788
-2.8480981
-2.8491242
-2.8505031
-2.8521068
-2.8537893
-2.8550844
-2.8545464
-2.8532959
-2.8522288
-2.8515387
-2.8512851
-2.851462
-2.8520331
-2.8527931
-2.8536817
-2.8548203
-2.8560463
-2.8570489
-2.8571756
