4	88	149
88	4	126
43	2	58
44	1	62
58	28	109
62	35	113
43	58	109
44	62	113
2	43	66
1	44	67
66	43	140
67	44	141
30	66	140
32	67	141
16	82	123
75	175	259
36	198	250
164	78	233
202	36	250
140	43	162
141	44	163
30	140	184
31	149	192
43	109	174
44	113	177
109	28	183
113	35	185
88	126	188
150	36	202
180	8	241
74	183	232
78	185	233
88	188	234
126	29	188
149	88	192
188	29	181
184	75	259
192	88	263
7	165	239
9	170	240
46	282	442
123	313	488
61	335	444
347	157	447
349	209	448
384	61	462
465	405	135
466	406	136
471	417	105
472	418	106
344	447	164
498	353	175
460	454	195
451	461	205
450	462	208
405	465	271
406	466	272
417	471	273
418	472	274
447	344	347
353	498	354
454	460	367
461	451	383
462	450	384
122	16	289
257	37	344
238	175	353
78	164	360
165	83	395
170	102	396
164	257	344
20	238	353
175	75	359
198	36	342
322	22	435
324	14	436
342	151	446
360	164	447
198	342	446
16	122	288
16	123	289
288	122	487
289	123	488
291	131	489
343	195	454
83	288	487
102	291	489
22	322	493
15	340	492
151	352	497
175	359	498
111	502	577
31	507	738
6	516	775
6	517	776
20	525	609
37	528	708
6	529	778
6	531	777
5	533	779
8	534	513
171	537	857
167	512	858
199	529	864
200	531	865
193	516	870
194	517	871
209	530	731
210	532	872
211	541	732
210	528	875
206	525	876
168	545	596
263	547	881
244	549	790
245	550	791
248	552	793
249	553	706
250	554	794
161	557	536
162	558	885
163	559	886
254	566	796
253	568	795
166	571	685
242	572	783
212	544	855
234	545	856
242	547	858
174	551	861
176	552	862
177	553	863
244	555	864
245	556	865
246	557	673
247	558	866
251	561	868
252	562	869
253	563	870
254	564	871
224	567	674
226	569	875
229	571	877
230	572	878
111	577	805
90	581	806
122	586	722
131	587	723
34	582	774
46	619	834
11	627	638
20	629	836
12	636	835
37	637	632
315	615	891
317	636	892
318	637	893
333	634	896
316	617	897
334	633	898
334	629	900
333	627	901
382	652	906
280	655	909
331	656	910
385	657	911
386	658	912
383	660	646
340	662	914
287	652	890
367	655	892
324	657	894
327	658	895
335	659	896
336	660	897
337	661	898
374	662	899
458	666	902
204	679	841
204	695	848
47	695	626
100	602	907
48	744	624
502	141	591
507	97	587
512	167	751
516	193	753
517	194	754
525	206	762
528	210	765
529	199	766
531	200	768
533	206	770
534	207	743
537	38	772
529	6	775
531	6	776
516	6	777
517	6	778
530	7	538
532	5	779
541	9	539
528	37	598
525	20	688
544	212	781
545	234	782
547	242	783
548	243	784
551	174	787
552	176	788
553	177	789
554	171	514
555	244	790
556	245	791
557	246	792
558	247	675
563	253	795
564	254	796
571	229	801
572	230	802
545	168	751
547	263	752
549	244	753
550	245	754
552	248	702
553	249	756
557	161	759
558	162	760
559	163	761
561	213	762
562	214	703
566	254	766
567	265	767
568	253	768
569	266	769
571	166	704
572	242	771
581	127	691
586	84	801
587	97	802
618	317	810
619	318	811
627	333	814
629	334	816
636	317	819
637	318	820
615	13	822
636	12	645
637	37	823
617	47	643
633	39	824
629	20	644
627	11	825
649	325	622
652	287	828
655	367	635
657	324	830
658	327	623
660	336	630
661	337	831
662	374	832
652	382	809
655	280	810
656	331	811
657	385	812
658	386	813
659	384	814
660	383	815
662	340	817
666	347	820
692	101	826
693	92	827
695	47	837
694	203	840
695	204	841
602	203	847
733	49	853
744	205	748
738	587	131
775	753	244
776	754	245
609	762	213
778	766	254
777	768	253
779	770	255
513	743	169
857	772	237
858	773	242
864	775	244
865	776	245
870	777	253
871	778	254
731	538	178
872	779	255
732	539	179
875	598	226
880	744	48
596	782	93
881	783	97
882	784	24
792	787	74
793	788	76
706	789	78
794	514	79
536	792	74
885	675	75
886	793	76
685	801	84
783	802	97
856	751	167
858	752	167
859	753	193
860	754	194
861	755	196
863	756	197
864	757	199
865	758	200
866	760	196
867	761	197
868	762	206
869	703	207
870	763	193
871	764	194
872	765	210
873	766	199
674	767	209
874	768	200
875	769	210
876	770	206
805	788	176
806	691	189
722	801	229
723	802	230
774	805	176
833	810	280
834	811	331
638	814	384
835	819	345
632	820	347
890	821	287
891	822	392
892	645	367
896	642	335
897	643	336
898	824	337
900	644	354
901	825	356
903	622	96
906	828	73
909	635	72
910	829	98
911	830	95
912	623	99
646	630	53
913	831	91
914	832	94
890	809	315
892	810	317
893	811	318
894	812	284
895	813	285
896	814	333
897	815	316
898	816	334
899	817	290
900	818	334
902	820	318
838	639	305
839	640	306
841	641	332
845	826	397
846	827	398
848	837	400
613	838	305
614	839	306
625	840	330
626	841	332
904	842	379
905	843	380
906	844	382
907	847	399
908	848	400
734	850	322
736	852	351
737	853	286
850	745	322
849	746	321
624	748	328
587	738	507
753	775	516
754	776	517
762	609	525
766	778	529
768	777	531
770	779	533
743	513	534
772	857	537
773	858	512
775	864	529
776	865	531
777	870	516
778	871	517
538	731	530
779	872	532
539	732	541
598	875	528
744	880	543
782	596	545
783	881	547
784	882	548
787	792	551
788	793	552
789	706	553
514	794	554
792	536	557
675	885	558
793	886	559
801	685	571
802	783	572
751	856	545
752	858	547
753	859	549
754	860	550
755	861	551
756	863	553
757	864	555
758	865	556
760	866	558
761	867	559
762	868	561
703	869	562
763	870	563
764	871	564
765	872	565
766	873	566
767	674	567
768	874	568
769	875	569
770	876	570
788	805	577
691	806	581
801	722	586
802	723	587
805	774	582
810	833	618
811	834	619
814	638	627
819	835	636
820	632	637
821	890	616
822	891	615
645	892	636
642	896	634
643	897	617
824	898	633
644	900	629
825	901	627
622	903	649
828	906	652
635	909	655
829	910	656
830	911	657
623	912	658
630	646	660
831	913	661
832	914	662
809	890	652
810	892	655
811	893	656
812	894	657
813	895	658
814	896	659
815	897	660
816	898	661
817	899	662
818	900	663
820	902	666
639	838	574
640	839	575
641	841	679
826	845	692
827	846	693
837	848	695
838	613	588
839	614	589
840	625	694
841	626	695
842	904	713
843	905	714
844	906	715
847	907	602
848	908	603
850	734	594
852	736	729
853	737	733
745	850	583
746	849	584
748	624	744
32	141	502
256	23	511
241	8	513
232	161	536
65	265	567
68	266	569
202	250	560
183	74	576
185	78	578
184	140	590
260	186	600
261	187	601
238	20	609
465	135	613
466	136	614
441	99	623
428	48	624
445	53	630
344	37	632
460	72	635
450	11	638
441	332	641
442	335	642
443	336	643
353	354	644
454	367	645
461	383	646
61	384	659
157	458	664
157	347	666
298	39	667
359	75	675
390	229	689
391	230	690
366	189	691
435	115	734
451	205	736
460	195	737
282	46	670
291	31	738
352	9	541
493	322	745
494	321	746
111	32	502
161	256	511
169	241	513
171	258	514
74	232	536
7	239	538
9	240	539
251	59	561
252	60	562
250	198	554
158	202	560
90	180	581
109	183	576
113	185	578
37	257	598
75	184	590
188	181	597
186	260	604
187	261	605
328	428	624
330	490	625
332	427	626
336	445	630
347	344	632
367	460	635
384	450	638
105	417	639
106	418	640
99	441	641
46	442	642
47	443	643
20	353	644
12	454	645
335	61	659
458	157	666
379	312	650
380	314	651
209	349	674
25	390	689
21	391	690
39	298	699
122	289	586
171	355	537
78	360	706
229	390	722
230	391	723
189	366	599
322	435	734
351	451	736
286	460	737
131	291	738
195	343	742
134	493	745
142	494	746
205	461	748
263	88	515
162	43	523
163	44	524
265	7	530
266	5	532
174	109	576
177	113	578
234	188	597
382	13	615
340	15	631
280	137	667
287	108	668
501	90	592
515	167	752
520	199	757
521	200	758
523	196	760
524	197	761
526	193	763
527	194	764
530	209	767
532	210	769
560	250	794
576	74	787
578	78	789
592	90	806
597	93	782
599	24	784
615	315	809
620	284	812
621	285	813
633	334	818
665	345	819
667	39	833
668	73	828
670	46	834
671	91	831
672	12	835
684	94	832
688	20	836
600	186	845
601	187	846
128	501	592
263	515	752
162	523	760
163	524	761
265	530	767
266	532	769
79	560	794
174	576	787
177	578	789
189	592	806
234	597	782
243	599	784
382	615	809
385	620	812
386	621	813
340	631	817
457	633	818
101	647	826
317	665	819
280	667	833
287	668	828
88	234	515
43	174	523
44	177	524
5	251	533
8	252	534
258	171	546
140	162	590
141	163	591
31	192	507
192	263	606
14	324	610
390	25	650
391	21	651
124	379	604
125	380	605
13	382	686
137	280	696
108	287	698
515	234	856
523	174	861
524	177	863
533	251	868
534	252	869
546	171	857
590	162	885
591	163	886
507	192	606
606	263	881
617	400	837
610	324	894
611	327	895
612	374	899
619	458	902
650	25	904
651	21	905
653	100	907
654	103	908
653	315	891
664	333	901
678	330	840
604	379	842
605	380	843
686	382	844
696	280	909
697	286	853
698	287	821
704	351	852
167	515	856
193	526	859
194	527	860
196	523	861
197	524	863
206	533	868
207	534	869
199	520	873
200	521	874
237	546	857
75	590	885
97	507	606
97	606	881
47	617	837
318	619	902
379	650	904
380	651	905
399	653	907
400	654	908
392	653	891
356	664	901
203	678	840
186	604	842
187	605	843
201	686	844
203	694	847
72	696	909
49	697	853
50	698	821
98	701	910
39	699	824
11	705	825
37	708	823
95	717	911
99	718	912
96	725	903
59	915	955
28	919	936
35	920	937
85	921	1437
87	922	1438
100	923	1439
103	924	1367
128	925	1561
169	927	1848
190	925	1370
190	923	1849
256	928	1850
257	929	1851
241	930	1852
259	931	1853
260	932	1376
261	933	1377
258	934	1363
262	935	1854
239	932	1364
240	933	1365
231	934	1366
235	935	1849
60	939	1369
148	940	948
139	941	952
143	942	953
158	943	1559
148	948	1431
100	949	1551
89	951	1549
139	952	1850
143	953	1851
59	955	1368
213	959	1440
128	961	1550
51	971	1855
52	972	1856
41	973	1675
42	974	1676
56	978	1857
57	979	1858
56	980	1859
57	981	1860
54	982	1861
55	983	1862
69	984	1863
77	985	1864
81	986	1865
69	987	1866
77	988	1867
80	989	1868
132	991	1869
133	992	1870
135	993	1457
136	994	1458
132	997	1871
133	998	1872
137	1000	1873
138	1001	1874
144	1003	1875
145	1004	1876
107	1009	1877
108	1010	1878
116	1015	1881
117	1016	1882
104	1019	1883
112	1020	1884
33	1028	1887
22	1029	1888
23	1030	1682
38	1031	1683
198	1034	1674
211	1035	1693
24	1036	1684
267	982	1889
268	983	1890
269	980	1891
270	981	1892
273	976	1893
274	977	1894
277	989	1895
278	990	1896
282	1039	1899
283	986	1900
279	973	1905
281	974	1906
283	975	1907
277	971	1908
278	972	1909
292	1007	1910
293	1008	1911
296	1011	1912
297	1012	1913
300	1015	1914
301	1016	1915
304	1019	1916
307	1042	1917
308	1043	1918
309	1020	1919
312	1023	1393
314	1024	1394
298	1046	1922
299	1047	1923
302	997	1926
303	998	1927
310	1003	1928
311	1004	1929
312	1005	1930
313	1048	1931
314	1006	1932
319	1029	1933
320	1028	1934
325	1049	1935
327	1050	1936
330	1052	1937
348	1054	1940
357	1035	1941
329	1027	1943
463	1056	1871
464	1057	1872
467	1060	1873
468	1061	1874
469	1062	1869
470	1063	1870
387	1064	1418
388	1065	1419
473	1068	1877
474	1069	1878
475	1070	1879
476	1071	1880
479	1074	1881
480	1075	1882
485	1079	1885
486	1080	1886
469	1081	1855
470	1082	1856
364	1083	1944
365	1084	1945
495	1095	1887
473	1099	1857
474	1100	1858
477	1103	1861
478	1104	1862
479	1105	1863
480	1106	1864
481	1107	1946
482	1108	1865
485	1111	1868
488	1114	1947
438	1116	1664
439	1117	1665
440	1118	1666
441	1119	1667
427	1123	1657
495	1126	1875
496	1127	1876
455	1128	1948
499	1130	1949
355	1131	1409
459	1133	1950
401	1056	1889
402	1057	1890
407	1060	1893
408	1061	1894
411	1062	1895
412	1063	1896
413	1064	1897
414	1065	1898
419	1068	1901
420	1069	1902
421	1070	1903
422	1071	1904
425	1074	1905
426	1075	1906
427	1076	1907
368	1079	1908
369	1080	1909
376	1081	1910
377	1082	1911
425	1083	1912
426	1084	1913
417	1090	1387
418	1091	1388
419	1092	1917
420	1093	1918
403	1099	1920
404	1100	1921
407	1103	1922
408	1104	1923
409	1105	1924
410	1106	1925
411	1107	1926
412	1108	1927
432	1116	1933
433	1117	1934
437	1118	1935
431	1119	1936
444	1126	1938
445	1127	1939
452	1130	1940
350	1131	1941
394	1133	1942
453	1134	1943
107	1135	1510
40	1136	1462
19	940	1677
72	1135	1463
248	1137	1464
214	1138	1465
166	1139	1511
249	1141	1512
85	1142	1678
87	1143	1679
89	927	1680
154	1144	1466
172	1145	1467
173	1146	1468
182	924	1469
217	1142	1513
219	1143	1514
223	1147	1470
225	1148	1471
168	949	1515
191	951	1516
236	1149	1681
138	1151	1001
152	1152	1392
12	1153	1200
23	946	1030
178	921	1472
179	922	1473
228	1154	1201
41	1155	1944
42	1156	1945
51	1157	1626
52	1158	1627
89	1154	1507
148	1159	1649
208	1144	1178
157	1141	1180
275	987	1685
276	988	1686
321	1161	1687
323	1162	1474
361	1167	1688
362	1168	1689
370	1169	1690
372	1170	1691
381	1171	1692
114	1175	1637
217	1183	1948
191	1185	1950
247	1152	1456
295	1187	1695
373	1195	1697
80	1039	1946
17	1162	1197
228	1201	1949
53	1051	1453
34	1202	1655
49	1203	1782
94	1205	1544
13	1210	1543
153	1214	1951
156	1215	1952
154	1216	1953
155	1218	1954
153	1219	1955
195	1222	1280
218	1229	1960
205	1232	1279
10	1242	1787
25	1243	1273
21	1244	1274
73	1245	1275
95	1246	1788
92	1247	1759
101	1248	1760
91	1251	1542
70	1252	1961
71	1253	1962
63	1254	1963
64	1255	1964
86	1256	1965
98	1278	1793
503	1246	1967
504	1257	1968
505	1258	1969
506	1259	1970
508	1219	1971
509	1216	1972
510	1218	1973
522	1215	1974
535	1214	1975
522	1212	1976
570	1239	1978
542	1220	1979
543	1221	1980
574	1266	1981
575	1267	1982
573	1287	1983
500	1288	1986
580	1244	1987
579	1243	1988
583	1281	1989
584	1282	1990
585	1283	1991
595	1278	1996
585	1251	1998
577	1300	1286
739	1302	1999
803	1305	1769
804	1307	1770
854	1332	1951
729	1333	1299
855	1334	1952
862	1335	1953
673	1336	2005
877	1337	1954
878	1338	1955
710	1339	2006
711	1340	2007
713	1342	1295
714	1343	1296
715	1344	1297
807	1346	1776
808	1347	1777
719	1348	2009
720	1349	2010
721	1350	2011
883	1351	1956
884	1352	1957
887	1353	1958
888	1354	1959
889	1355	1960
836	1359	2013
893	1360	1966
735	1361	2014
851	1362	1779
728	1301	1967
700	1302	1968
727	1303	1969
771	1312	1975
687	1314	1976
797	1328	1977
800	1331	1978
749	1332	1979
750	1333	1980
785	1339	1981
786	1340	1982
540	1341	1983
692	1342	1984
693	1343	1985
780	1344	1986
803	1346	1987
804	1347	1988
798	1348	1989
799	1349	1990
800	1350	1991
676	1351	1992
677	1352	1993
680	1353	1994
681	1354	1995
682	1355	1996
851	1361	1997
747	1362	1998
138	1136	1794
166	1159	1796
214	1371	1797
237	1375	1798
399	1379	1802
458	1383	1803
325	1386	1805
378	1389	1806
152	1391	1808
284	1384	1810
285	1385	1811
316	1389	1813
381	1406	1816
372	1407	1817
346	1408	1818
373	1202	1819
378	1414	1820
372	1417	1821
370	1183	1824
372	1184	1825
381	1185	1826
73	1151	1245
264	1435	1223
10	1139	1242
103	1432	1276
284	1441	1538
285	1442	1539
290	1443	1540
315	1446	1261
85	1450	1834
10	1414	1835
39	1452	1260
354	1032	1265
457	1391	1837
339	1442	1836
393	1443	1262
156	1426	2005
23	1169	1740
24	1171	1536
38	1170	1537
182	1469	2008
45	1041	1733
221	1411	2012
119	1189	1999
146	1191	2001
228	1195	1840
246	1153	1490
159	1155	1491
160	1156	1492
215	1157	1493
216	1158	1494
383	1038	1495
92	1424	1496
331	1478	1497
337	1479	1498
345	1480	1499
371	1481	1500
374	1482	1501
389	1483	1502
397	1450	1503
398	1451	1504
321	1175	1505
324	1176	1506
246	1490	1749
51	1145	1832
52	1146	1833
11	1137	1211
41	1147	1830
42	1148	1831
203	1374	1783
204	1375	1784
50	1379	1272
120	1478	1789
118	1479	1785
249	1512	2003
218	1481	2004
217	1513	1790
219	1514	1791
227	1483	2011
168	1515	2002
191	1516	1792
147	1190	2000
519	1519	1846
607	1522	1847
915	30	938
919	65	941
920	68	942
921	178	1545
922	179	1546
923	190	1435
924	182	1547
925	190	1548
927	89	1549
925	128	1550
923	100	1551
928	232	1552
929	233	1553
930	236	1160
931	238	1554
932	239	1555
933	240	1556
934	231	1557
935	235	1436
932	260	1545
933	261	1546
934	258	1547
935	262	1548
939	111	1371
940	19	1558
941	65	1433
942	68	1434
943	79	1557
948	158	1559
949	168	1372
951	191	1149
952	224	1560
953	226	1373
955	110	959
959	110	1554
961	189	1475
971	277	1566
972	278	1567
973	279	1568
974	281	1569
978	271	1570
979	272	1571
980	269	1572
981	270	1573
982	267	1574
983	268	1575
984	279	1576
985	281	1577
986	283	1578
987	275	1579
988	276	1580
989	277	1581
991	292	1583
992	293	1584
993	296	1585
994	297	1586
997	302	1587
998	303	1588
1000	307	1589
1001	308	1590
1003	310	1591
1004	311	1592
1009	294	1593
1010	295	1594
1015	300	1597
1016	301	1598
1019	304	1601
1020	309	1602
1028	320	1605
1029	319	1606
1030	349	1607
1031	350	1608
1034	357	1610
1035	357	1611
1036	366	1612
982	54	1614
983	55	1615
980	56	1616
981	57	1617
976	54	1618
977	55	1619
989	80	1620
990	81	1621
1039	80	1622
986	81	1623
973	41	1624
974	42	1625
975	47	1382
971	51	1626
972	52	1627
1007	105	1412
1008	106	1413
1011	116	1628
1012	117	1629
1015	116	1630
1016	117	1631
1019	104	1633
1042	107	1634
1043	108	1635
1020	112	1636
1023	122	1420
1024	131	1421
1046	137	1640
1047	138	1641
997	132	1642
998	133	1643
1003	144	1646
1004	145	1647
1005	124	1648
1048	148	1649
1006	125	1650
1029	22	1651
1028	33	1652
1049	15	1653
1050	18	1654
1052	96	1380
1054	34	1655
1035	211	1053
1027	45	1656
1056	401	1638
1057	402	1639
1060	407	1640
1061	408	1641
1062	411	1642
1063	412	1643
1064	413	1644
1065	414	1645
1068	419	1634
1069	420	1635
1070	421	1630
1071	422	1631
1074	425	1628
1075	426	1629
1079	368	1459
1080	369	1460
1081	376	1658
1082	377	1659
1083	425	1624
1084	426	1625
1095	434	1660
1099	403	1616
1100	404	1617
1103	407	1618
1104	408	1619
1105	409	1661
1106	410	1662
1107	411	1620
1108	412	1621
1111	415	1622
1114	375	1461
1116	432	1633
1117	433	1636
1118	437	1663
1119	431	1632
1123	441	1667
1126	444	1668
1127	445	1669
1128	448	1670
1130	452	1672
1131	350	1031
1133	394	1673
1056	463	1562
1057	464	1563
1060	467	1564
1061	468	1565
1062	469	1566
1063	470	1567
1064	387	1568
1065	388	1569
1068	473	1570
1069	474	1571
1070	475	1572
1071	476	1573
1074	479	1576
1075	480	1577
1076	482	1578
1079	485	1581
1080	486	1582
1081	469	1583
1082	470	1584
1083	364	1585
1084	365	1586
1090	465	1444
1091	466	1445
1092	467	1589
1093	468	1590
1099	473	1593
1100	474	1594
1103	477	1595
1104	478	1596
1105	479	1597
1106	480	1598
1107	481	1599
1108	482	1600
1116	438	1603
1117	439	1604
1118	440	1447
1119	441	1448
1126	495	1605
1127	496	1606
1130	499	1609
1131	355	1610
1133	459	1612
1134	462	1613
1135	72	1172
1136	138	1047
940	148	1048
1135	107	1042
1137	11	1164
1138	34	1054
1139	10	1165
1141	157	1454
1142	217	1167
1143	219	1168
927	169	1427
1144	208	1166
1145	51	1658
1146	52	1659
924	103	1509
1142	85	1476
1143	87	1477
1147	41	1675
1148	42	1676
949	100	1508
951	89	1378
1149	191	1673
1151	73	1396
1152	247	1480
1153	246	1397
946	224	1398
921	85	1678
922	87	1679
1154	89	1680
1155	159	1399
1156	160	1400
1157	215	1401
1158	216	1402
1154	228	1482
1159	166	1404
1144	154	1408
1141	249	1410
987	69	1661
988	77	1662
1161	33	1660
1162	17	1163
1167	217	1670
1168	219	1671
1169	23	1682
1170	38	1683
1171	24	1684
1175	321	1687
1183	370	1690
1185	381	1692
1152	152	1193
1187	50	1381
1195	228	1672
1039	282	1694
1162	323	1429
1201	363	1696
1051	328	1430
1202	373	1697
1203	503	1698
1205	505	1700
1210	512	1701
1214	535	1703
1215	522	1704
1216	509	1705
1218	510	1706
1219	508	1707
1222	544	1708
1229	565	1709
1232	543	1712
1242	573	1715
1243	579	1716
1244	580	1717
1245	500	1718
1246	503	1719
1247	580	1720
1248	579	1721
1251	585	1724
1252	588	1725
1253	589	1726
1254	593	1727
1255	594	1728
1256	595	1729
1278	595	1730
1246	95	1489
1257	40	1732
1258	45	1733
1259	48	1734
1219	153	1735
1216	154	1736
1218	155	1737
1215	156	1738
1214	153	1739
1212	23	1740
1239	227	1746
1220	220	1747
1221	222	1748
1266	70	1750
1267	71	1751
1287	148	1752
1288	40	1753
1244	21	1754
1243	25	1755
1281	64	1756
1282	63	1757
1283	86	1758
1278	98	1488
1251	91	1762
1300	591	1535
1302	700	1764
1305	749	1747
1307	750	1748
1332	749	1735
1333	750	1737
1334	742	1767
1335	702	1768
1336	759	1738
1337	704	1541
1338	771	1739
1339	785	1742
1340	786	1743
1342	692	1268
1343	693	1269
1344	780	1741
1346	803	1769
1347	804	1770
1348	798	1744
1349	799	1745
1350	800	1746
1351	676	1771
1352	677	1772
1353	680	1773
1354	681	1774
1355	682	1775
1359	816	1761
1360	823	1778
1361	851	1779
1362	747	1780
1301	669	1698
1302	739	1699
1303	740	1700
1312	773	1702
1314	855	1704
1328	889	1709
1331	797	1710
1332	854	1711
1333	729	1712
1339	710	1713
1340	711	1714
1341	712	1715
1342	713	1716
1343	714	1717
1344	715	1718
1346	807	1720
1347	808	1721
1348	719	1722
1349	720	1723
1350	721	1724
1351	883	1725
1352	884	1726
1353	887	1727
1354	888	1728
1355	889	1729
1361	735	1730
1362	851	1731
1136	40	1288
1159	148	1287
1371	111	1289
1375	204	1298
1379	50	1291
1383	46	1292
1386	290	1485
1389	316	1484
1391	457	1293
1384	397	1486
1385	398	1487
1389	378	1781
1406	203	1783
1407	204	1784
1408	154	1768
1202	34	1786
1414	10	1787
1417	99	1294
1183	217	1790
1184	219	1791
1185	191	1792
1151	138	1794
1435	190	1795
1139	166	1796
1432	237	1798
1441	341	1799
1442	339	1800
1443	393	1801
1446	399	1802
1450	397	1804
1414	378	1806
1452	457	1807
1032	152	1808
1391	152	1809
1442	285	1811
1443	290	1812
1426	343	1814
1169	370	1815
1171	381	1816
1170	372	1817
1469	378	1820
1041	276	1822
1411	358	1823
1189	339	1827
1191	341	1828
1195	373	1829
1153	12	1285
1155	41	1830
1156	42	1831
1157	51	1832
1158	52	1833
1038	10	1835
1424	339	1836
1478	120	1838
1479	118	1839
1480	247	1765
1481	218	1775
1482	228	1840
1483	227	1766
1450	85	1841
1451	87	1842
1175	114	1290
1176	129	1763
1490	518	1843
1145	172	1517
1146	173	1518
1137	248	1519
1147	223	1520
1148	225	1521
1374	264	1522
1375	237	1523
1379	399	1524
1478	331	1525
1479	337	1526
1512	356	1527
1481	371	1528
1513	385	1529
1514	386	1530
1483	389	1531
1515	392	1532
1516	393	1533
1190	340	1534
1519	248	1844
1522	264	1845
955	938	110
936	941	139
937	942	143
1437	1545	260
1438	1546	261
1439	1435	264
1367	1547	258
1561	1548	262
1848	1549	236
1370	1550	243
1849	1551	235
1850	1552	139
1851	1553	143
1852	1160	127
1853	1554	110
1376	1555	124
1377	1556	125
1363	1557	79
1854	1436	93
1364	1545	178
1365	1546	179
1366	1547	182
1849	1548	190
1369	1371	214
948	1558	158
952	1433	224
953	1434	226
1559	1557	231
1431	1559	231
1551	1372	235
1549	1149	236
1850	1560	256
1851	1373	257
1368	959	213
1440	1554	238
1550	1475	243
1855	1566	469
1856	1567	470
1675	1568	387
1676	1569	388
1857	1570	473
1858	1571	474
1859	1572	475
1860	1573	476
1861	1574	477
1862	1575	478
1863	1576	479
1864	1577	480
1865	1578	482
1866	1579	483
1867	1580	484
1868	1581	485
1869	1583	469
1870	1584	470
1457	1585	364
1458	1586	365
1871	1587	463
1872	1588	464
1873	1589	467
1874	1590	468
1875	1591	495
1876	1592	496
1877	1593	473
1878	1594	474
1881	1597	479
1882	1598	480
1883	1601	483
1884	1602	484
1887	1605	495
1888	1606	496
1682	1607	455
1683	1608	456
1674	1610	355
1693	1611	497
1684	1612	459
1889	1614	401
1890	1615	402
1891	1616	403
1892	1617	404
1893	1618	407
1894	1619	408
1895	1620	411
1896	1621	412
1899	1622	415
1900	1623	416
1905	1624	425
1906	1625	426
1907	1382	427
1908	1626	368
1909	1627	369
1910	1412	376
1911	1413	377
1912	1628	425
1913	1629	426
1914	1630	421
1915	1631	422
1916	1633	432
1917	1634	419
1918	1635	420
1919	1636	433
1393	1420	390
1394	1421	391
1922	1640	407
1923	1641	408
1926	1642	411
1927	1643	412
1928	1646	415
1929	1647	416
1930	1648	395
1931	1649	375
1932	1650	396
1933	1651	432
1934	1652	433
1935	1653	437
1936	1654	431
1937	1380	440
1940	1655	452
1941	1053	350
1943	1656	453
1871	1638	132
1872	1639	133
1873	1640	137
1874	1641	138
1869	1642	132
1870	1643	133
1418	1644	134
1419	1645	142
1877	1634	107
1878	1635	108
1879	1630	116
1880	1631	117
1881	1628	116
1882	1629	117
1885	1459	114
1886	1460	115
1855	1658	51
1856	1659	52
1944	1624	41
1945	1625	42
1887	1660	33
1857	1616	56
1858	1617	57
1861	1618	54
1862	1619	55
1863	1661	69
1864	1662	77
1946	1620	80
1865	1621	81
1868	1622	80
1947	1461	84
1664	1633	104
1665	1636	112
1666	1663	130
1667	1632	121
1657	1667	121
1875	1668	144
1876	1669	145
1948	1670	217
1949	1672	228
1409	1031	38
1950	1673	191
1889	1562	267
1890	1563	268
1893	1564	273
1894	1565	274
1895	1566	277
1896	1567	278
1897	1568	279
1898	1569	281
1901	1570	271
1902	1571	272
1903	1572	269
1904	1573	270
1905	1576	279
1906	1577	281
1907	1578	283
1908	1581	277
1909	1582	278
1910	1583	292
1911	1584	293
1912	1585	296
1913	1586	297
1387	1444	305
1388	1445	306
1917	1589	307
1918	1590	308
1920	1593	294
1921	1594	295
1922	1595	298
1923	1596	299
1924	1597	300
1925	1598	301
1926	1599	302
1927	1600	303
1933	1603	319
1934	1604	320
1935	1447	325
1936	1448	327
1938	1605	320
1939	1606	319
1940	1609	348
1941	1610	357
1942	1612	366
1943	1613	329
1510	1172	286
1462	1047	299
1677	1048	313
1463	1042	307
1464	1164	346
1465	1054	348
1511	1165	351
1512	1454	356
1678	1167	361
1679	1168	362
1680	1427	363
1466	1166	358
1467	1658	376
1468	1659	377
1469	1509	378
1513	1476	385
1514	1477	386
1470	1675	387
1471	1676	388
1515	1508	392
1516	1378	393
1681	1673	394
1001	1396	308
1392	1480	345
1200	1397	343
1030	1398	349
1472	1678	361
1473	1679	362
1201	1680	363
1944	1399	364
1945	1400	365
1626	1401	368
1627	1402	369
1507	1482	374
1649	1404	375
1178	1408	346
1180	1410	360
1685	1661	409
1686	1662	410
1687	1660	434
1474	1163	326
1688	1670	448
1689	1671	449
1690	1682	455
1691	1683	456
1692	1684	459
1637	1687	434
1948	1690	455
1950	1692	459
1456	1193	359
1695	1381	490
1697	1672	452
1946	1694	481
1197	1429	338
1949	1696	499
1453	1430	461
1655	1697	452
1782	1698	669
1544	1700	740
1543	1701	724
1951	1703	854
1952	1704	855
1953	1705	862
1954	1706	877
1955	1707	878
1280	1708	733
1960	1709	889
1279	1712	729
1787	1715	712
1273	1716	713
1274	1717	714
1275	1718	715
1788	1719	716
1759	1720	807
1760	1721	808
1542	1724	721
1961	1725	883
1962	1726	884
1963	1727	887
1964	1728	888
1965	1729	889
1793	1730	735
1967	1489	728
1968	1732	700
1969	1733	727
1970	1734	726
1971	1735	749
1972	1736	707
1973	1737	750
1974	1738	759
1975	1739	771
1976	1740	687
1978	1746	800
1979	1747	749
1980	1748	750
1981	1750	785
1982	1751	786
1983	1752	540
1986	1753	780
1987	1754	803
1988	1755	804
1989	1756	798
1990	1757	799
1991	1758	800
1996	1488	682
1998	1762	747
1286	1535	76
1999	1764	119
1769	1747	220
1770	1748	222
1951	1735	153
1299	1737	155
1952	1767	156
1953	1768	154
2005	1738	156
1954	1541	155
1955	1739	153
2006	1742	172
2007	1743	173
1295	1268	186
1296	1269	187
1297	1741	201
1776	1769	220
1777	1770	222
2009	1744	223
2010	1745	225
2011	1746	227
1956	1771	159
1957	1772	160
1958	1773	215
1959	1774	216
1960	1775	218
2013	1761	389
1966	1778	371
2014	1779	323
1779	1780	323
1967	1698	503
1968	1699	504
1969	1700	505
1975	1702	535
1976	1704	522
1977	1709	565
1978	1710	570
1979	1711	542
1980	1712	543
1981	1713	574
1982	1714	575
1983	1715	573
1984	1716	579
1985	1717	580
1986	1718	500
1987	1720	580
1988	1721	579
1989	1722	583
1990	1723	584
1991	1724	585
1992	1725	588
1993	1726	589
1994	1727	593
1995	1728	594
1996	1729	595
1997	1730	595
1998	1731	585
1794	1288	500
1796	1287	573
1797	1289	582
1798	1298	603
1802	1291	616
1803	1292	634
1805	1485	631
1806	1484	628
1808	1293	663
1810	1486	647
1811	1487	648
1813	1781	654
1816	1783	607
1817	1784	608
1818	1768	702
1819	1786	709
1820	1787	712
1821	1294	679
1824	1790	717
1825	1791	718
1826	1792	725
1245	1794	500
1223	1795	548
1242	1796	573
1276	1798	603
1538	1799	610
1539	1800	611
1540	1801	612
1261	1802	616
1834	1804	620
1835	1806	628
1260	1807	618
1265	1808	663
1837	1809	665
1836	1811	648
1262	1812	649
2005	1814	673
1740	1815	687
1536	1816	607
1537	1817	608
2008	1820	712
1733	1822	727
2012	1823	730
1999	1827	739
2001	1828	741
1840	1829	684
1490	1285	518
1491	1830	520
1492	1831	521
1493	1832	526
1494	1833	527
1495	1835	628
1496	1836	648
1497	1838	670
1498	1839	671
1499	1765	672
1500	1775	682
1501	1840	684
1502	1766	688
1503	1841	600
1504	1842	601
1505	1290	593
1506	1763	728
1749	1843	755
1832	1517	526
1833	1518	527
1211	1519	519
1830	1520	520
1831	1521	521
1783	1522	607
1784	1523	608
1272	1524	694
1789	1525	701
1785	1526	699
2003	1527	705
2004	1528	708
1790	1529	717
1791	1530	718
2011	1531	721
2002	1532	724
1792	1533	725
2000	1534	740
1846	1844	867
1847	1845	882
938	955	915
941	936	919
942	937	920
1545	1437	921
1546	1438	922
1435	1439	923
1547	1367	924
1548	1561	925
1549	1848	927
1550	1370	925
1551	1849	923
1552	1850	928
1553	1851	929
1160	1852	930
1554	1853	931
1555	1376	932
1556	1377	933
1557	1363	934
1436	1854	935
1545	1364	932
1546	1365	933
1547	1366	934
1548	1849	935
1371	1369	939
1558	948	940
1433	952	941
1434	953	942
1557	1559	943
1559	1431	948
1372	1551	949
1149	1549	951
1560	1850	952
1373	1851	953
959	1368	955
1554	1440	959
1475	1550	961
1566	1855	971
1567	1856	972
1568	1675	973
1569	1676	974
1570	1857	978
1571	1858	979
1572	1859	980
1573	1860	981
1574	1861	982
1575	1862	983
1576	1863	984
1577	1864	985
1578	1865	986
1579	1866	987
1580	1867	988
1581	1868	989
1583	1869	991
1584	1870	992
1585	1457	993
1586	1458	994
1587	1871	997
1588	1872	998
1589	1873	1000
1590	1874	1001
1591	1875	1003
1592	1876	1004
1593	1877	1009
1594	1878	1010
1597	1881	1015
1598	1882	1016
1601	1883	1019
1602	1884	1020
1605	1887	1028
1606	1888	1029
1607	1682	1030
1608	1683	1031
1610	1674	1034
1611	1693	1035
1612	1684	1036
1614	1889	982
1615	1890	983
1616	1891	980
1617	1892	981
1618	1893	976
1619	1894	977
1620	1895	989
1621	1896	990
1622	1899	1039
1623	1900	986
1624	1905	973
1625	1906	974
1382	1907	975
1626	1908	971
1627	1909	972
1412	1910	1007
1413	1911	1008
1628	1912	1011
1629	1913	1012
1630	1914	1015
1631	1915	1016
1633	1916	1019
1634	1917	1042
1635	1918	1043
1636	1919	1020
1420	1393	1023
1421	1394	1024
1640	1922	1046
1641	1923	1047
1642	1926	997
1643	1927	998
1646	1928	1003
1647	1929	1004
1648	1930	1005
1649	1931	1048
1650	1932	1006
1651	1933	1029
1652	1934	1028
1653	1935	1049
1654	1936	1050
1380	1937	1052
1655	1940	1054
1053	1941	1035
1656	1943	1027
1638	1871	1056
1639	1872	1057
1640	1873	1060
1641	1874	1061
1642	1869	1062
1643	1870	1063
1644	1418	1064
1645	1419	1065
1634	1877	1068
1635	1878	1069
1630	1879	1070
1631	1880	1071
1628	1881	1074
1629	1882	1075
1459	1885	1079
1460	1886	1080
1658	1855	1081
1659	1856	1082
1624	1944	1083
1625	1945	1084
1660	1887	1095
1616	1857	1099
1617	1858	1100
1618	1861	1103
1619	1862	1104
1661	1863	1105
1662	1864	1106
1620	1946	1107
1621	1865	1108
1622	1868	1111
1461	1947	1114
1633	1664	1116
1636	1665	1117
1663	1666	1118
1632	1667	1119
1667	1657	1123
1668	1875	1126
1669	1876	1127
1670	1948	1128
1672	1949	1130
1031	1409	1131
1673	1950	1133
1562	1889	1056
1563	1890	1057
1564	1893	1060
1565	1894	1061
1566	1895	1062
1567	1896	1063
1568	1897	1064
1569	1898	1065
1570	1901	1068
1571	1902	1069
1572	1903	1070
1573	1904	1071
1576	1905	1074
1577	1906	1075
1578	1907	1076
1581	1908	1079
1582	1909	1080
1583	1910	1081
1584	1911	1082
1585	1912	1083
1586	1913	1084
1444	1387	1090
1445	1388	1091
1589	1917	1092
1590	1918	1093
1593	1920	1099
1594	1921	1100
1595	1922	1103
1596	1923	1104
1597	1924	1105
1598	1925	1106
1599	1926	1107
1600	1927	1108
1603	1933	1116
1604	1934	1117
1447	1935	1118
1448	1936	1119
1605	1938	1126
1606	1939	1127
1609	1940	1130
1610	1941	1131
1612	1942	1133
1613	1943	1134
1172	1510	1135
1047	1462	1136
1048	1677	940
1042	1463	1135
1164	1464	1137
1054	1465	1138
1165	1511	1139
1454	1512	1141
1167	1678	1142
1168	1679	1143
1427	1680	927
1166	1466	1144
1658	1467	1145
1659	1468	1146
1509	1469	924
1476	1513	1142
1477	1514	1143
1675	1470	1147
1676	1471	1148
1508	1515	949
1378	1516	951
1673	1681	1149
1396	1001	1151
1480	1392	1152
1397	1200	1153
1398	1030	946
1678	1472	921
1679	1473	922
1680	1201	1154
1399	1944	1155
1400	1945	1156
1401	1626	1157
1402	1627	1158
1482	1507	1154
1404	1649	1159
1408	1178	1144
1410	1180	1141
1661	1685	987
1662	1686	988
1660	1687	1161
1163	1474	1162
1670	1688	1167
1671	1689	1168
1682	1690	1169
1683	1691	1170
1684	1692	1171
1687	1637	1175
1690	1948	1183
1692	1950	1185
1193	1456	1152
1381	1695	1187
1672	1697	1195
1694	1946	1039
1429	1197	1162
1696	1949	1201
1430	1453	1051
1697	1655	1202
1698	1782	1203
1700	1544	1205
1701	1543	1210
1703	1951	1214
1704	1952	1215
1705	1953	1216
1706	1954	1218
1707	1955	1219
1708	1280	1222
1709	1960	1229
1712	1279	1232
1715	1787	1242
1716	1273	1243
1717	1274	1244
1718	1275	1245
1719	1788	1246
1720	1759	1247
1721	1760	1248
1724	1542	1251
1725	1961	1252
1726	1962	1253
1727	1963	1254
1728	1964	1255
1729	1965	1256
1730	1793	1278
1489	1967	1246
1732	1968	1257
1733	1969	1258
1734	1970	1259
1735	1971	1219
1736	1972	1216
1737	1973	1218
1738	1974	1215
1739	1975	1214
1740	1976	1212
1746	1978	1239
1747	1979	1220
1748	1980	1221
1750	1981	1266
1751	1982	1267
1752	1983	1287
1753	1986	1288
1754	1987	1244
1755	1988	1243
1756	1989	1281
1757	1990	1282
1758	1991	1283
1488	1996	1278
1762	1998	1251
1535	1286	1300
1764	1999	1302
1747	1769	1305
1748	1770	1307
1735	1951	1332
1737	1299	1333
1767	1952	1334
1768	1953	1335
1738	2005	1336
1541	1954	1337
1739	1955	1338
1742	2006	1339
1743	2007	1340
1268	1295	1342
1269	1296	1343
1741	1297	1344
1769	1776	1346
1770	1777	1347
1744	2009	1348
1745	2010	1349
1746	2011	1350
1771	1956	1351
1772	1957	1352
1773	1958	1353
1774	1959	1354
1775	1960	1355
1761	2013	1359
1778	1966	1360
1779	2014	1361
1780	1779	1362
1698	1967	1301
1699	1968	1302
1700	1969	1303
1702	1975	1312
1704	1976	1314
1709	1977	1328
1710	1978	1331
1711	1979	1332
1712	1980	1333
1713	1981	1339
1714	1982	1340
1715	1983	1341
1716	1984	1342
1717	1985	1343
1718	1986	1344
1720	1987	1346
1721	1988	1347
1722	1989	1348
1723	1990	1349
1724	1991	1350
1725	1992	1351
1726	1993	1352
1727	1994	1353
1728	1995	1354
1729	1996	1355
1730	1997	1361
1731	1998	1362
1288	1794	1136
1287	1796	1159
1289	1797	1371
1298	1798	1375
1291	1802	1379
1292	1803	1383
1485	1805	1386
1484	1806	1389
1293	1808	1391
1486	1810	1384
1487	1811	1385
1781	1813	1389
1783	1816	1406
1784	1817	1407
1768	1818	1408
1786	1819	1202
1787	1820	1414
1294	1821	1417
1790	1824	1183
1791	1825	1184
1792	1826	1185
1794	1245	1151
1795	1223	1435
1796	1242	1139
1798	1276	1432
1799	1538	1441
1800	1539	1442
1801	1540	1443
1802	1261	1446
1804	1834	1450
1806	1835	1414
1807	1260	1452
1808	1265	1032
1809	1837	1391
1811	1836	1442
1812	1262	1443
1814	2005	1426
1815	1740	1169
1816	1536	1171
1817	1537	1170
1820	2008	1469
1822	1733	1041
1823	2012	1411
1827	1999	1189
1828	2001	1191
1829	1840	1195
1285	1490	1153
1830	1491	1155
1831	1492	1156
1832	1493	1157
1833	1494	1158
1835	1495	1038
1836	1496	1424
1838	1497	1478
1839	1498	1479
1765	1499	1480
1775	1500	1481
1840	1501	1482
1766	1502	1483
1841	1503	1450
1842	1504	1451
1290	1505	1175
1763	1506	1176
1843	1749	1490
1517	1832	1145
1518	1833	1146
1519	1211	1137
1520	1830	1147
1521	1831	1148
1522	1783	1374
1523	1784	1375
1524	1272	1379
1525	1789	1478
1526	1785	1479
1527	2003	1512
1528	2004	1481
1529	1790	1513
1530	1791	1514
1531	2011	1483
1532	2002	1515
1533	1792	1516
1534	2000	1190
1844	1846	1519
1845	1847	1522
161	232	928
164	233	929
175	238	931
436	14	965
465	26	967
466	27	968
443	47	975
471	54	976
472	55	977
491	146	995
492	147	996
493	134	999
494	142	1002
379	124	1005
380	125	1006
471	105	1007
472	106	1008
487	122	1023
489	131	1024
429	45	1027
498	152	1032
451	10	1038
405	271	978
406	272	979
417	273	969
418	274	970
423	267	963
424	268	964
428	275	1040
429	276	1041
430	302	1017
435	311	1022
405	296	993
406	297	994
438	328	1051
439	329	1037
449	350	1053
446	357	1034
129	436	1058
118	477	1072
119	478	1073
14	491	1085
15	492	1086
17	463	1087
26	465	1090
27	466	1091
26	467	1092
27	468	1093
83	487	1113
102	489	1115
151	497	1132
208	462	1134
292	401	1097
293	402	1098
296	405	1101
297	406	1102
328	438	1120
329	439	1121
332	441	1123
335	442	1124
336	443	1125
430	326	1163
450	346	1164
451	351	1165
453	358	1166
460	286	1172
436	129	1176
430	120	1177
450	208	1178
447	157	1180
423	338	1188
424	339	1189
492	340	1190
491	341	1191
498	359	1193
494	33	1161
423	17	1197
424	18	1198
491	14	1199
454	12	1200
741	101	1206
705	11	1211
511	23	1212
866	196	1217
879	220	1220
880	222	1221
792	246	1224
859	172	1233
860	173	1234
872	255	1236
873	223	1237
874	225	1238
876	227	1239
879	40	1257
730	45	1258
880	48	1259
833	39	1260
890	315	1261
903	393	1262
913	389	1263
900	354	1265
838	70	1266
839	71	1267
845	186	1268
846	187	1269
613	135	1270
614	136	1271
625	50	1272
904	25	1273
905	21	1274
906	73	1275
908	103	1276
734	115	1277
736	205	1279
737	195	1280
850	64	1281
849	63	1282
756	519	1284
686	535	1213
773	512	1210
774	509	1208
672	518	1285
689	510	1209
690	508	1207
744	543	1232
793	559	1235
742	544	1222
757	555	1225
758	556	1226
763	563	1227
764	564	1228
765	565	1229
770	570	1230
788	577	1286
781	503	1203
805	582	1289
683	505	1205
821	616	1291
642	634	1292
829	656	1264
818	663	1293
639	574	1240
640	575	1241
641	679	1294
838	588	1252
839	589	1253
842	713	1295
843	714	1296
844	715	1297
848	603	1298
850	594	1255
852	729	1299
745	583	1249
746	584	1250
221	709	1306
161	511	1310
242	773	1312
201	854	1313
212	855	1314
176	862	1315
229	877	1318
230	878	1319
49	733	1321
212	716	1345
502	591	1300
519	756	1309
528	765	1311
518	672	1316
525	688	1317
542	780	1320
549	785	1322
550	786	1323
555	790	1324
556	791	1325
563	795	1326
564	796	1327
566	798	1329
568	799	1330
544	742	1334
552	702	1335
557	759	1336
571	704	1337
572	771	1338
504	807	1356
505	683	1357
506	808	1358
629	816	1359
637	823	1360
514	258	1363
538	239	1364
539	240	1365
540	231	1366
546	103	1367
561	59	1368
562	60	1369
554	198	1140
581	180	950
596	235	1372
598	257	1373
602	264	1374
597	181	960
604	260	1376
605	261	1377
622	440	1380
625	490	1381
626	427	1382
621	398	1385
639	417	1387
640	418	1388
650	312	1393
651	314	1394
668	308	1396
674	349	1398
683	373	1403
685	375	1404
697	294	1009
696	307	1000
586	289	1196
703	348	1033
537	355	1409
706	360	1410
707	358	1411
710	376	1412
711	377	1413
678	381	1416
719	387	1418
720	388	1419
722	390	1420
723	391	1421
599	366	1036
726	275	1173
731	361	1181
732	362	1182
698	295	1010
671	338	1423
743	363	1427
748	461	1430
546	237	1432
567	224	1433
569	226	1434
596	93	1436
602	100	1439
609	213	1440
613	305	1444
614	306	1445
622	325	1447
623	327	1448
621	87	1451
646	53	1453
664	356	1454
669	129	1044
667	137	1046
668	108	1043
675	247	1456
676	135	1457
677	136	1458
680	114	1459
681	115	1460
683	94	1428
685	84	1461
691	127	1055
697	49	1395
696	72	1463
703	214	1465
716	212	1405
678	203	1406
701	98	1422
731	178	1472
732	179	1473
698	50	1187
541	211	1192
743	207	1194
501	128	954
560	79	943
592	189	961
599	243	1475
621	386	1477
633	457	1452
647	101	1425
815	628	1484
817	631	1485
826	647	1486
827	648	1487
829	682	1488
849	593	1254
830	728	1489
757	159	1491
758	160	1492
763	215	1493
764	216	1494
815	383	1495
827	92	1496
834	331	1497
831	337	1498
835	345	1499
829	371	1500
832	374	1501
845	397	1503
846	398	1504
849	321	1505
830	324	1506
617	316	1455
611	18	1050
612	89	1507
619	46	1383
653	392	1508
653	399	1446
664	458	1449
678	96	1052
697	107	1510
704	166	1511
859	526	1517
860	527	1518
873	520	1520
874	521	1521
772	608	1523
847	694	1524
910	701	1525
824	699	1526
825	705	1527
911	717	1529
912	718	1530
913	721	1531
822	724	1532
903	725	1533
914	740	1534
886	76	1535
772	38	1537
894	284	1538
895	285	1539
899	290	1540
852	155	1541
913	91	1542
822	13	1543
914	94	1544
256	161	928
257	164	929
259	175	931
269	436	965
271	465	967
272	466	968
283	443	975
273	471	976
274	472	977
300	491	995
301	492	996
304	493	999
309	494	1002
312	379	1005
314	380	1006
292	471	1007
293	472	1008
312	487	1023
314	489	1024
329	429	1027
354	498	1032
383	451	1038
56	405	978
57	406	979
26	417	969
27	418	970
17	423	963
18	424	964
48	428	1040
45	429	1041
120	430	1017
115	435	1022
135	405	993
136	406	994
53	438	1051
61	439	1037
211	449	1053
198	446	1034
403	129	1058
423	118	1072
424	119	1073
421	14	1085
422	15	1086
430	17	1087
417	26	1090
418	27	1091
419	26	1092
420	27	1093
395	83	1113
396	102	1115
446	151	1132
453	208	1134
471	292	1097
472	293	1098
475	296	1101
476	297	1102
428	328	1120
429	329	1121
427	332	1123
444	335	1124
445	336	1125
17	430	1163
11	450	1164
10	451	1165
208	453	1166
72	460	1172
324	436	1176
326	430	1177
346	450	1178
360	447	1180
118	423	1188
119	424	1189
147	492	1190
146	491	1191
152	498	1193
321	494	1161
338	423	1197
339	424	1198
341	491	1199
343	454	1200
506	741	1206
519	705	1211
522	511	1212
518	866	1217
542	879	1220
543	880	1221
551	792	1224
549	859	1233
550	860	1234
565	872	1236
566	873	1237
568	874	1238
570	876	1239
504	879	1257
505	730	1258
506	880	1259
618	833	1260
616	890	1261
649	903	1262
661	913	1263
663	900	1265
574	838	1266
575	839	1267
692	845	1268
693	846	1269
588	613	1270
589	614	1271
694	625	1272
713	904	1273
714	905	1274
715	906	1275
603	908	1276
594	734	1277
729	736	1279
733	737	1280
583	850	1281
584	849	1282
197	756	1284
13	686	1213
13	773	1210
34	774	1208
12	672	1285
25	689	1209
21	690	1207
205	744	1232
248	793	1235
195	742	1222
159	757	1225
160	758	1226
215	763	1227
216	764	1228
218	765	1229
255	770	1230
76	788	1286
49	781	1203
111	805	1289
94	683	1205
50	821	1291
46	642	1292
371	829	1264
457	818	1293
105	639	1240
106	640	1241
99	641	1294
70	838	1252
71	839	1253
186	842	1295
187	843	1296
201	844	1297
204	848	1298
64	850	1255
155	852	1299
134	745	1249
142	746	1250
707	221	1306
759	161	1310
771	242	1312
686	201	1313
687	212	1314
774	176	1315
689	229	1318
690	230	1319
781	49	1321
781	212	1345
577	502	1300
705	519	1309
708	528	1311
866	518	1316
876	525	1317
879	542	1320
790	549	1322
791	550	1323
883	555	1324
884	556	1325
887	563	1326
888	564	1327
796	566	1329
795	568	1330
855	544	1334
862	552	1335
673	557	1336
877	571	1337
878	572	1338
879	504	1356
730	505	1357
880	506	1358
836	629	1359
893	637	1360
79	514	1363
178	538	1364
179	539	1365
182	540	1366
258	546	1367
213	561	1368
214	562	1369
171	554	1140
127	581	950
168	596	1372
226	598	1373
203	602	1374
93	597	960
124	604	1376
125	605	1377
96	622	1380
50	625	1381
47	626	1382
285	621	1385
305	639	1387
306	640	1388
390	650	1393
391	651	1394
73	668	1396
224	674	1398
221	683	1403
166	685	1404
107	697	1009
137	696	1000
84	586	1196
207	703	1033
38	537	1409
249	706	1410
221	707	1411
105	710	1412
106	711	1413
96	678	1416
134	719	1418
142	720	1419
122	722	1420
131	723	1421
24	599	1036
146	726	1173
209	731	1181
211	732	1182
108	698	1010
91	671	1423
169	743	1427
328	748	1430
103	546	1432
65	567	1433
68	569	1434
235	596	1436
264	602	1439
238	609	1440
465	613	1444
466	614	1445
440	622	1447
441	623	1448
398	621	1451
461	646	1453
157	664	1454
294	669	1044
298	667	1046
308	668	1043
359	675	1456
364	676	1457
365	677	1458
368	680	1459
369	681	1460
373	683	1428
375	685	1461
366	691	1055
294	697	1395
307	696	1463
348	703	1465
370	716	1405
381	678	1406
326	701	1422
361	731	1472
362	732	1473
295	698	1187
352	541	1192
363	743	1194
29	501	954
158	560	943
128	592	961
189	599	1475
87	621	1477
39	633	1452
341	647	1425
316	815	1484
290	817	1485
397	826	1486
398	827	1487
98	829	1488
63	849	1254
95	830	1489
520	757	1491
521	758	1492
526	763	1493
527	764	1494
628	815	1495
648	827	1496
670	834	1497
671	831	1498
672	835	1499
682	829	1500
684	832	1501
600	845	1503
601	846	1504
593	849	1505
728	830	1506
400	617	1455
327	611	1050
374	612	1507
458	619	1383
100	653	1508
315	653	1446
333	664	1449
330	678	1052
286	697	1510
351	704	1511
172	859	1517
173	860	1518
223	873	1520
225	874	1521
237	772	1523
399	847	1524
331	910	1525
337	824	1526
356	825	1527
385	911	1529
386	912	1530
389	913	1531
392	822	1532
393	903	1533
340	914	1534
591	886	1535
608	772	1537
610	894	1538
611	895	1539
612	899	1540
704	852	1541
721	913	1542
724	822	1543
740	914	1544
82	3	917
123	82	918
183	28	936
185	35	937
232	183	944
233	185	945
181	29	954
239	165	956
240	170	957
262	181	958
463	17	963
464	18	964
467	26	969
468	27	970
486	81	990
477	118	1013
478	119	1014
481	120	1017
482	121	1018
438	53	1025
439	61	1026
499	207	1033
462	61	1037
431	303	1018
434	310	1021
401	292	991
402	293	992
413	304	999
414	309	1002
144	442	1066
145	443	1067
121	482	1076
18	464	1088
22	493	1089
33	494	1094
54	471	1097
55	472	1098
81	486	1112
104	428	1120
112	429	1121
130	490	1122
219	456	1129
267	423	1072
268	424	1073
275	428	1077
276	429	1078
302	430	1087
303	431	1088
310	434	1095
311	435	1096
304	413	1109
309	414	1110
349	448	1128
350	449	1129
357	446	1132
355	171	1140
313	123	1150
394	127	1160
409	146	1173
410	147	1174
448	209	1181
449	211	1182
456	219	1184
497	352	1192
490	130	1045
739	92	1204
773	13	1213
797	255	1230
854	201	1231
710	105	1240
711	106	1241
719	134	1249
720	142	1250
851	86	1283
780	542	1231
785	549	1233
786	550	1234
798	566	1237
799	568	1238
755	551	1224
807	504	1204
808	506	1206
816	661	1263
129	669	1301
247	866	1316
227	876	1317
40	879	1320
70	790	1322
71	791	1323
64	796	1329
63	795	1330
86	797	1331
220	879	1356
222	880	1358
512	751	1308
535	686	1313
509	774	1315
510	689	1318
508	690	1319
544	781	1321
503	781	1345
669	294	1395
676	364	1399
677	365	1400
680	368	1401
681	369	1402
699	298	1013
700	299	1014
716	370	1415
701	326	1177
735	326	1422
742	343	1426
747	338	1429
582	34	1138
634	333	1449
631	15	1049
647	341	1441
654	400	1455
702	248	1464
709	221	1403
679	204	1407
717	95	1415
718	99	1417
725	96	1416
620	385	1476
665	317	1390
823	708	1528
867	197	1284
882	24	1536
917	19	918
918	19	1150
936	139	944
937	143	945
944	139	1552
945	143	1553
954	128	958
956	124	1555
957	125	1556
958	128	1561
963	267	1562
964	268	1563
969	273	1564
970	274	1565
990	278	1582
1013	298	1595
1014	299	1596
1017	302	1599
1018	303	1600
1025	319	1603
1026	320	1604
1033	348	1609
1037	329	1613
1018	121	1632
1021	114	1637
991	132	1638
992	133	1639
999	134	1644
1002	142	1645
1066	415	1646
1067	416	1647
1076	427	1657
1088	431	1654
1089	432	1651
1094	433	1652
1097	401	1614
1098	402	1615
1112	416	1623
1120	438	1664
1121	439	1665
1122	440	1666
1129	449	1671
1072	477	1574
1073	478	1575
1077	483	1579
1078	484	1580
1087	463	1587
1088	464	1588
1095	495	1591
1096	496	1592
1109	483	1601
1110	484	1602
1128	455	1607
1129	456	1608
1132	497	1611
1140	198	1674
1150	19	1677
1160	236	1681
1173	275	1685
1174	276	1686
1181	361	1688
1182	362	1689
1184	372	1691
1192	211	1693
1045	295	1695
1204	504	1699
1213	535	1702
1230	570	1710
1231	542	1711
1240	574	1713
1241	575	1714
1249	583	1722
1250	584	1723
1283	585	1731
1231	201	1741
1233	172	1742
1234	173	1743
1237	223	1744
1238	225	1745
1224	246	1749
1204	92	1759
1206	101	1760
1263	389	1761
1301	728	1763
1316	672	1765
1317	688	1766
1320	780	1753
1322	785	1750
1323	786	1751
1329	798	1756
1330	799	1757
1331	800	1758
1356	807	1776
1358	808	1777
1308	724	1701
1313	854	1703
1315	862	1705
1318	877	1706
1319	878	1707
1321	733	1708
1345	716	1719
1395	49	1782
1399	159	1771
1400	160	1772
1401	215	1773
1402	216	1774
1013	118	1785
1014	119	1764
1415	95	1788
1177	120	1789
1422	98	1793
1426	156	1767
1429	323	1780
1138	214	1797
1449	458	1803
1049	325	1805
1441	284	1810
1455	316	1813
1464	346	1818
1403	373	1819
1407	372	1821
1415	370	1824
1417	372	1825
1416	381	1826
1476	85	1834
1390	457	1837
1528	371	1778
1284	519	1846
1536	607	1847
82	917	918
123	918	1150
183	936	944
185	937	945
232	944	1552
233	945	1553
181	954	958
239	956	1555
240	957	1556
262	958	1561
463	963	1562
464	964	1563
467	969	1564
468	970	1565
486	990	1582
477	1013	1595
478	1014	1596
481	1017	1599
482	1018	1600
438	1025	1603
439	1026	1604
499	1033	1609
462	1037	1613
431	1018	1632
434	1021	1637
401	991	1638
402	992	1639
413	999	1644
414	1002	1645
144	1066	1646
145	1067	1647
121	1076	1657
18	1088	1654
22	1089	1651
33	1094	1652
54	1097	1614
55	1098	1615
81	1112	1623
104	1120	1664
112	1121	1665
130	1122	1666
219	1129	1671
267	1072	1574
268	1073	1575
275	1077	1579
276	1078	1580
302	1087	1587
303	1088	1588
310	1095	1591
311	1096	1592
304	1109	1601
309	1110	1602
349	1128	1607
350	1129	1608
357	1132	1611
355	1140	1674
313	1150	1677
394	1160	1681
409	1173	1685
410	1174	1686
448	1181	1688
449	1182	1689
456	1184	1691
497	1192	1693
490	1045	1695
739	1204	1699
773	1213	1702
797	1230	1710
854	1231	1711
710	1240	1713
711	1241	1714
719	1249	1722
720	1250	1723
851	1283	1731
780	1231	1741
785	1233	1742
786	1234	1743
798	1237	1744
799	1238	1745
755	1224	1749
807	1204	1759
808	1206	1760
816	1263	1761
129	1301	1763
247	1316	1765
227	1317	1766
40	1320	1753
70	1322	1750
71	1323	1751
64	1329	1756
63	1330	1757
86	1331	1758
220	1356	1776
222	1358	1777
512	1308	1701
535	1313	1703
509	1315	1705
510	1318	1706
508	1319	1707
544	1321	1708
503	1345	1719
669	1395	1782
676	1399	1771
677	1400	1772
680	1401	1773
681	1402	1774
699	1013	1785
700	1014	1764
716	1415	1788
701	1177	1789
735	1422	1793
742	1426	1767
747	1429	1780
582	1138	1797
634	1449	1803
631	1049	1805
647	1441	1810
654	1455	1813
702	1464	1818
709	1403	1819
679	1407	1821
717	1415	1824
718	1417	1825
725	1416	1826
620	1476	1834
665	1390	1837
823	1528	1778
867	1284	1846
882	1536	1847
32	111	916
202	158	926
241	169	930
30	184	938
3	150	917
23	256	946
150	202	947
180	241	950
181	262	960
184	259	962
270	437	966
296	475	1011
297	476	1012
310	485	1021
311	486	1022
69	413	984
77	414	985
26	419	967
27	420	968
14	421	965
15	422	966
129	403	1044
130	404	1045
146	409	995
147	410	996
61	444	1026
53	445	1025
127	394	1055
404	130	1059
428	104	1077
429	112	1078
435	22	1096
405	56	1101
406	57	1102
413	69	1109
414	77	1110
442	144	1124
443	145	1125
436	269	1058
437	270	1059
442	282	1066
443	283	1067
491	300	1085
492	301	1086
493	304	1089
494	309	1094
485	310	1111
486	311	1112
487	312	1113
488	313	1114
489	314	1115
490	330	1122
165	395	956
170	396	957
358	453	1179
120	481	1186
207	499	1194
289	488	1196
508	803	1207
509	709	1208
510	804	1209
548	882	1223
555	883	1225
556	884	1226
563	887	1227
564	888	1228
559	867	1235
656	893	1264
255	797	1236
101	692	1248
92	693	1247
135	676	1270
136	677	1271
114	680	1290
115	681	1277
86	851	1256
727	147	1303
726	146	1304
751	168	1308
756	249	1309
765	218	1311
790	70	1324
791	71	1325
795	63	1326
796	64	1327
797	86	1328
540	182	1341
683	221	1357
741	506	1304
803	508	1305
709	509	1306
804	510	1307
511	522	1310
243	548	1370
14	610	1199
18	611	1198
89	612	1378
284	620	1384
317	618	1390
345	665	1392
325	649	1386
246	673	1397
212	687	1405
147	727	1174
45	730	1179
92	739	1424
101	741	1425
94	684	1428
231	540	1431
260	600	1437
261	601	1438
299	700	1462
358	707	1466
376	710	1467
377	711	1468
387	719	1470
388	720	1471
275	726	1040
326	735	1474
282	670	1186
338	671	1188
338	747	1423
196	755	1217
688	836	1502
103	654	1509
916	111	939
926	158	1558
930	169	1848
938	184	962
917	150	947
946	256	1560
947	202	926
950	241	1852
960	262	1854
962	259	1853
966	437	1653
1011	475	1879
1012	476	1880
1021	485	1885
1022	486	1886
984	413	1897
985	414	1898
967	419	1901
968	420	1902
965	421	1903
966	422	1904
1044	403	1920
1045	404	1921
995	409	1924
996	410	1925
1026	444	1938
1025	445	1939
1055	394	1942
1059	130	1663
1077	104	1883
1078	112	1884
1096	22	1888
1101	56	1859
1102	57	1860
1109	69	1866
1110	77	1867
1124	144	1668
1125	145	1669
1058	269	1891
1059	270	1892
1066	282	1899
1067	283	1900
1085	300	1914
1086	301	1915
1089	304	1916
1094	309	1919
1111	310	1928
1112	311	1929
1113	312	1930
1114	313	1931
1115	314	1932
1122	330	1937
956	395	1648
957	396	1650
1179	453	1656
1186	481	1694
1194	499	1696
1196	488	1947
1207	803	1754
1208	709	1786
1209	804	1755
1223	882	1845
1225	883	1956
1226	884	1957
1227	887	1958
1228	888	1959
1235	867	1844
1264	893	1966
1236	797	1977
1248	692	1984
1247	693	1985
1270	676	1992
1271	677	1993
1290	680	1994
1277	681	1995
1256	851	1997
1303	147	2000
1304	146	2001
1308	168	2002
1309	249	2003
1311	218	2004
1324	70	1961
1325	71	1962
1326	63	1963
1327	64	1964
1328	86	1965
1341	182	2008
1357	221	2012
1304	506	1970
1305	508	1971
1306	509	1972
1307	510	1973
1310	522	1974
1370	548	1795
1199	610	1799
1198	611	1800
1378	612	1801
1384	620	1804
1390	618	1807
1392	665	1809
1386	649	1812
1397	673	1814
1405	687	1815
1174	727	1822
1179	730	1823
1424	739	1827
1425	741	1828
1428	684	1829
1431	540	1752
1437	600	1841
1438	601	1842
1462	700	1732
1466	707	1736
1467	710	2006
1468	711	2007
1470	719	2009
1471	720	2010
1040	726	1734
1474	735	2014
1186	670	1838
1188	671	1839
1423	747	1762
1217	755	1843
1502	836	2013
1509	654	1781
60	916	939
19	926	1558
236	930	1848
110	938	962
19	917	947
224	946	1560
19	947	926
127	950	1852
93	960	1854
110	962	1853
15	966	1653
116	1011	1879
117	1012	1880
114	1021	1885
115	1022	1886
279	984	1897
281	985	1898
271	967	1901
272	968	1902
269	965	1903
270	966	1904
294	1044	1920
295	1045	1921
300	995	1924
301	996	1925
320	1026	1938
319	1025	1939
366	1055	1942
437	1059	1663
483	1077	1883
484	1078	1884
496	1096	1888
475	1101	1859
476	1102	1860
483	1109	1866
484	1110	1867
444	1124	1668
445	1125	1669
403	1058	1891
404	1059	1892
415	1066	1899
416	1067	1900
421	1085	1914
422	1086	1915
432	1089	1916
433	1094	1919
415	1111	1928
416	1112	1929
395	1113	1930
375	1114	1931
396	1115	1932
440	1122	1937
124	956	1648
125	957	1650
45	1179	1656
282	1186	1694
363	1194	1696
84	1196	1947
21	1207	1754
34	1208	1786
25	1209	1755
264	1223	1845
159	1225	1956
160	1226	1957
215	1227	1958
216	1228	1959
248	1235	1844
371	1264	1966
565	1236	1977
579	1248	1984
580	1247	1985
588	1270	1992
589	1271	1993
593	1290	1994
594	1277	1995
595	1256	1997
740	1303	2000
741	1304	2001
724	1308	2002
705	1309	2003
708	1311	2004
883	1324	1961
884	1325	1962
887	1326	1963
888	1327	1964
889	1328	1965
712	1341	2008
730	1357	2012
726	1304	1970
749	1305	1971
707	1306	1972
750	1307	1973
759	1310	1974
190	1370	1795
341	1199	1799
339	1198	1800
393	1378	1801
397	1384	1804
457	1390	1807
152	1392	1809
290	1386	1812
343	1397	1814
370	1405	1815
276	1174	1822
358	1179	1823
339	1424	1827
341	1425	1828
373	1428	1829
148	1431	1752
85	1437	1841
87	1438	1842
40	1462	1732
154	1466	1736
172	1467	2006
173	1468	2007
223	1470	2009
225	1471	2010
48	1040	1734
323	1474	2014
120	1186	1838
118	1188	1839
91	1423	1762
518	1217	1843
389	1502	2013
378	1509	1781
