6.24941856e-01
4.00568242e-01
2.38699484e-01
2.23818825e-01
2.47835682e-01
2.47374965e-01
2.24164307e-01
1.92417855e-01
1.68331977e-01
1.57851746e-01
1.54109372e-01
1.49357863e-01
1.41724163e-01
1.33342738e-01
1.26857748e-01
1.22902949e-01
1.20260050e-01
1.17632779e-01
1.14643596e-01
1.11626274e-01
1.08999827e-01
1.06868182e-01
1.05039492e-01
1.03297647e-01
1.01544914e-01
9.98477664e-02
9.82838633e-02
9.68682678e-02
9.55541995e-02
9.43014983e-02
9.30960500e-02
9.19416197e-02
9.08259496e-02
8.97542247e-02
8.87275957e-02
8.77456094e-02
8.67894911e-02
8.58590649e-02
8.49604812e-02
8.40811135e-02
8.32172977e-02
8.23807184e-02
8.15644822e-02
8.07671503e-02
7.99926780e-02
7.92519544e-02
7.85232303e-02
7.78004313e-02
7.71027590e-02
7.64374558e-02
7.57911233e-02
7.51405177e-02
7.45014833e-02
7.38889993e-02
7.33028415e-02
7.27246451e-02
7.21448676e-02
7.15782663e-02
7.10249963e-02
7.04840692e-02
6.99527856e-02
6.94228836e-02
6.89018625e-02
6.83962711e-02
6.78944213e-02
6.73902405e-02
6.68821968e-02
6.63848026e-02
6.59133815e-02
6.54662831e-02
6.50315403e-02
6.46002092e-02
6.41644619e-02
6.37340770e-02
6.33149658e-02
6.29078885e-02
6.25107975e-02
6.21248550e-02
6.17469689e-02
6.13739005e-02
6.10008699e-02
6.06355158e-02
6.02774614e-02
5.99238119e-02
5.95738977e-02
5.92349575e-02
5.89066058e-02
5.85829254e-02
5.82631245e-02
5.79423029e-02
5.76198561e-02
5.72983198e-02
5.69829955e-02
5.66797507e-02
5.63883837e-02
5.61054923e-02
5.58233021e-02
5.55460975e-02
5.52748904e-02
5.50084704e-02
5.47425481e-02
5.44842859e-02
5.42309381e-02
5.39756925e-02
5.37140585e-02
5.34596312e-02
5.32174882e-02
5.29873925e-02
5.27648275e-02
5.25416074e-02
5.23138148e-02
5.20878266e-02
5.18706313e-02
5.16617185e-02
5.14582147e-02
5.12548121e-02
5.10493025e-02
5.08443935e-02
5.06454590e-02
5.04520709e-02
5.02645836e-02
5.00797803e-02
4.98980453e-02
4.97173837e-02
4.95369899e-02
4.93586528e-02
4.91812455e-02
4.90054202e-02
4.88328187e-02
4.86649367e-02
4.85014295e-02
4.83419976e-02
4.81848223e-02
4.80281913e-02
4.78704380e-02
4.77142334e-02
4.75606454e-02
4.74101843e-02
4.72594530e-02
4.71094425e-02
4.69620740e-02
4.68177576e-02
4.66754613e-02
4.65345529e-02
4.63948739e-02
4.62567366e-02
4.61205049e-02
4.59865887e-02
4.58543490e-02
4.57230347e-02
4.55936715e-02
4.54660160e-02
4.53398944e-02
4.52135803e-02
4.50871204e-02
4.49618095e-02
4.48357792e-02
4.47099200e-02
4.45862473e-02
4.44654144e-02
4.43476469e-02
4.42321165e-02
4.41168964e-02
4.39997177e-02
4.38796435e-02
4.37589308e-02
4.36409894e-02
4.35268348e-02
4.34160222e-02
4.33070240e-02
4.31990498e-02
4.30909900e-02
4.29825619e-02
4.28740277e-02
4.27666434e-02
4.26593015e-02
4.25516447e-02
4.24454967e-02
4.23414416e-02
4.22393778e-02
4.21387946e-02
4.20382465e-02
4.19359161e-02
4.18329986e-02
4.17318253e-02
4.16334810e-02
4.15368452e-02
4.14415204e-02
4.13465166e-02
4.12512295e-02
4.11563542e-02
4.10620327e-02
4.09687003e-02
4.08765342e-02
4.07852001e-02
4.06940217e-02
4.06025744e-02
4.05112456e-02
4.04208662e-02
4.03315971e-02
4.02429254e-02
4.01541631e-02
4.00654739e-02
3.99769353e-02
3.98891858e-02
3.98023642e-02
3.97150209e-02
3.96252710e-02
3.95340397e-02
3.94451633e-02
3.93596411e-02
3.92760028e-02
3.91929170e-02
3.91098668e-02
3.90273937e-02
3.89453233e-02
3.88635517e-02
3.87816336e-02
3.86995740e-02
3.86177875e-02
3.85364030e-02
3.84553045e-02
3.83752928e-02
3.82967015e-02
3.82187815e-02
3.81404156e-02
3.80579278e-02
3.79747238e-02
3.78940659e-02
3.78155604e-02
3.77367636e-02
3.76583661e-02
3.75801957e-02
3.75030677e-02
3.74252371e-02
3.73468702e-02
3.72699764e-02
3.71951987e-02
3.71212583e-02
3.70468171e-02
3.69727622e-02
3.69000588e-02
3.68286119e-02
3.67575806e-02
3.66857610e-02
3.66137343e-02
3.65419392e-02
3.64710573e-02
3.64011842e-02
3.63320387e-02
3.62630110e-02
3.61937888e-02
3.61250662e-02
3.60569950e-02
3.59889334e-02
3.59209999e-02
3.58527974e-02
3.57840437e-02
3.57155056e-02
3.56476291e-02
3.55806643e-02
3.55136820e-02
3.54461206e-02
3.53789255e-02
3.53125158e-02
3.52467597e-02
3.51808927e-02
3.51151692e-02
3.50502407e-02
3.49858449e-02
3.49212842e-02
3.48556765e-02
3.47897316e-02
3.47242853e-02
3.46595619e-02
3.45962506e-02
3.45342435e-02
3.44733244e-02
3.44125078e-02
3.43509888e-02
3.42887049e-02
3.42264507e-02
3.41648429e-02
3.41041112e-02
3.40439560e-02
3.39835830e-02
3.39230704e-02
3.38625154e-02
3.38019358e-02
3.37416637e-02
3.36817680e-02
3.36223449e-02
3.35636335e-02
3.35052315e-02
3.34467850e-02
3.33884494e-02
3.33306638e-02
3.32733111e-02
3.32158432e-02
3.31582723e-02
3.31004180e-02
3.30419196e-02
3.29835162e-02
3.29261356e-02
3.28701387e-02
3.28149643e-02
3.27593195e-02
3.27029450e-02
3.26466013e-02
3.25900913e-02
3.25341799e-02
3.24781574e-02
3.24221798e-02
3.23670044e-02
3.23125190e-02
3.22581605e-02
3.22034139e-02
3.21486838e-02
3.20941228e-02
3.20397204e-02
3.19851206e-02
3.19297005e-02
3.18743076e-02
3.18199324e-02
3.17665015e-02
3.17137628e-02
3.16611792e-02
3.16077753e-02
3.15537933e-02
3.14995812e-02
3.14445794e-02
3.13902559e-02
3.13370302e-02
3.12846408e-02
3.12323914e-02
3.11801800e-02
3.11283700e-02
3.10771630e-02
3.10264412e-02
3.09757975e-02
3.09245135e-02
3.08728644e-02
3.08211263e-02
3.07700391e-02
3.07195030e-02
3.06692301e-02
3.06189537e-02
3.05685694e-02
3.05182957e-02
3.04668544e-02
3.04135279e-02
3.03606883e-02
3.03094762e-02
3.02594949e-02
3.02104267e-02
3.01615023e-02
3.01122315e-02
3.00626352e-02
3.00125245e-02
2.99618914e-02
2.99114411e-02
2.98618160e-02
2.98130531e-02
2.97640784e-02
2.97147208e-02
2.96649892e-02
2.96161240e-02
2.95683571e-02
2.95213774e-02
2.94745157e-02
2.94264831e-02
2.93777254e-02
2.93287696e-02
2.92799875e-02
2.92320764e-02
2.91848966e-02
2.91376838e-02
2.90890035e-02
2.90401546e-02
2.89917347e-02
2.89441054e-02
2.88972420e-02
2.88510188e-02
2.88050916e-02
2.87590163e-02
2.87124441e-02
2.86653801e-02
2.86186489e-02
2.85725303e-02
2.85266919e-02
2.84808588e-02
2.84347461e-02
2.83884986e-02
2.83412326e-02
2.82937642e-02
2.82469134e-02
2.82012208e-02
2.81562999e-02
2.81118812e-02
2.80673795e-02
2.80226743e-02
2.79778117e-02
2.79328150e-02
2.78878749e-02
2.78426650e-02
2.77970781e-02
2.77513120e-02
2.77061501e-02
2.76611956e-02
2.76166248e-02
2.75723791e-02
2.75276308e-02
2.74827402e-02
2.74379043e-02
2.73928705e-02
2.73480165e-02
2.73033778e-02
2.72595203e-02
2.72160136e-02
2.71726541e-02
2.71294612e-02
2.70863172e-02
2.70413143e-02
2.69953064e-02
2.69498293e-02
2.69052715e-02
2.68612858e-02
2.68166952e-02
2.67720981e-02
2.67285361e-02
2.66858121e-02
2.66435705e-02
2.66015443e-02
2.65590532e-02
2.65160590e-02
2.64728921e-02
2.64299998e-02
2.63873088e-02
2.63441594e-02
2.63009347e-02
2.62580379e-02
2.62156925e-02
2.61735513e-02
2.61315507e-02
2.60897935e-02
2.60483085e-02
2.60068151e-02
2.59652387e-02
2.59239380e-02
2.58826107e-02
2.58410729e-02
2.57999881e-02
2.57592715e-02
2.57184370e-02
2.56773339e-02
2.56362307e-02
2.55947491e-02
2.55528343e-02
2.55107366e-02
2.54694617e-02
2.54290288e-02
2.53893657e-02
2.53498774e-02
2.53101630e-02
2.52703721e-02
2.52300837e-02
2.51893716e-02
2.51485084e-02
2.51077482e-02
2.50670252e-02
2.50265222e-02
2.49865116e-02
2.49465824e-02
2.49063969e-02
2.48659002e-02
2.48249393e-02
2.47826174e-02
2.47405442e-02
2.46996485e-02
2.46598299e-02
2.46205053e-02
2.45812007e-02
2.45418114e-02
2.45027833e-02
2.44640173e-02
2.44254801e-02
2.43871367e-02
2.43487803e-02
2.43104048e-02
2.42702043e-02
2.42291255e-02
2.41887083e-02
2.41494189e-02
2.41107324e-02
2.40727662e-02
2.40349123e-02
2.39970622e-02
2.39590949e-02
2.39207503e-02
2.38822274e-02
2.38439926e-02
2.38059606e-02
2.37683486e-02
2.37311391e-02
2.36936935e-02
2.36551569e-02
2.36165498e-02
2.35784174e-02
2.35399451e-02
2.35021363e-02
2.34655196e-02
2.34299838e-02
2.33948069e-02
2.33596767e-02
2.33245128e-02
2.32890539e-02
2.32535769e-02
2.32181329e-02
2.31827605e-02
2.31477112e-02
2.31130787e-02
2.30783012e-02
2.30431000e-02
2.30075998e-02
2.29720874e-02
2.29355515e-02
2.28987264e-02
2.28622345e-02
2.28266579e-02
2.27922064e-02
2.27582302e-02
2.27243229e-02
2.26897310e-02
2.26544744e-02
2.26193323e-02
2.25847879e-02
2.25508109e-02
2.25173975e-02
2.24841274e-02
2.24505368e-02
2.24160050e-02
2.23806935e-02
2.23456597e-02
2.23115614e-02
2.22777731e-02
2.22431386e-02
2.22088495e-02
2.21755836e-02
2.21428905e-02
2.21103560e-02
2.20774191e-02
2.20421517e-02
2.20040108e-02
2.19664714e-02
2.19320824e-02
2.19004490e-02
2.18684621e-02
2.18362548e-02
2.18037619e-02
2.17711925e-02
2.17384376e-02
2.17050261e-02
2.16719395e-02
2.16396382e-02
2.16060060e-02
2.15720732e-02
2.15392790e-02
2.15080448e-02
2.14778979e-02
2.14478611e-02
2.14173748e-02
2.13865755e-02
2.13552981e-02
2.13232871e-02
2.12910784e-02
2.12584215e-02
2.12262519e-02
2.11954829e-02
2.11654692e-02
2.11360680e-02
2.11065112e-02
2.10765226e-02
2.10465097e-02
2.10166969e-02
2.09868384e-02
2.09566446e-02
2.09261242e-02
2.08952469e-02
2.08637893e-02
2.08324521e-02
2.08023755e-02
2.07735522e-02
2.07451858e-02
2.07167637e-02
2.06879414e-02
2.06587460e-02
2.06297783e-02
2.06011723e-02
2.05728752e-02
2.05445157e-02
2.05160360e-02
2.04874872e-02
2.04590186e-02
2.04307145e-02
2.04025845e-02
2.03746264e-02
2.03466171e-02
2.03189467e-02
2.02918844e-02
2.02651781e-02
2.02384671e-02
2.02109717e-02
2.01826595e-02
2.01540004e-02
2.01260851e-02
2.00987857e-02
2.00720888e-02
2.00452946e-02
2.00180868e-02
1.99895188e-02
1.99613064e-02
1.99341587e-02
1.99081641e-02
1.98830946e-02
1.98584128e-02
1.98337805e-02
1.98087389e-02
1.97834727e-02
1.97583349e-02
1.97333921e-02
1.97085822e-02
1.96838764e-02
1.96591670e-02
1.96338960e-02
1.96085491e-02
1.95837418e-02
1.95596254e-02
1.95356780e-02
1.95117262e-02
1.94877535e-02
1.94639220e-02
1.94395079e-02
1.94144271e-02
1.93895958e-02
1.93656350e-02
1.93423904e-02
1.93194205e-02
1.92957449e-02
1.92702410e-02
1.92436565e-02
1.92179405e-02
1.91932631e-02
1.91695743e-02
1.91466059e-02
1.91239351e-02
1.91010408e-02
1.90778828e-02
1.90546907e-02
1.90313753e-02
1.90076471e-02
1.89835134e-02
1.89595502e-02
1.89358358e-02
1.89130559e-02
1.88907864e-02
1.88682792e-02
1.88456760e-02
1.88230524e-02
1.88004300e-02
1.87780932e-02
1.87558401e-02
1.87336324e-02
1.87114978e-02
1.86893146e-02
1.86673683e-02
1.86454003e-02
1.86237029e-02
1.86025497e-02
1.85816814e-02
1.85606847e-02
1.85395374e-02
1.85181975e-02
1.84969870e-02
1.84758556e-02
1.84541139e-02
1.84320420e-02
1.84102998e-02
1.83892547e-02
1.83686643e-02
1.83480985e-02
1.83277380e-02
1.83074651e-02
1.82871018e-02
1.82644906e-02
1.82405689e-02
1.82167716e-02
1.81944975e-02
1.81731676e-02
1.81520207e-02
1.81311165e-02
1.81110550e-02
1.80912998e-02
1.80710814e-02
1.80505134e-02
1.80300301e-02
1.80100383e-02
1.79904295e-02
1.79698315e-02
1.79470701e-02
1.79246343e-02
1.79040879e-02
1.78851259e-02
1.78663320e-02
1.78466984e-02
1.78259000e-02
1.78051366e-02
1.77850370e-02
1.77649598e-02
1.77450920e-02
1.77254483e-02
1.77058792e-02
1.76866541e-02
1.76675042e-02
1.76482971e-02
1.76291441e-02
1.76102544e-02
1.75915986e-02
1.75731198e-02
1.75544163e-02
1.75353299e-02
1.75152127e-02
1.74951228e-02
1.74757663e-02
1.74569243e-02
1.74385139e-02
1.74203208e-02
1.74017442e-02
1.73818780e-02
1.73615797e-02
1.73408509e-02
1.73198250e-02
1.73000721e-02
1.72814429e-02
1.72630481e-02
1.72449926e-02
1.72274792e-02
1.72102109e-02
1.71930605e-02
1.71756500e-02
1.71572613e-02
1.71379138e-02
1.71182658e-02
1.70989646e-02
1.70803759e-02
1.70624134e-02
1.70443222e-02
1.70262717e-02
1.70077885e-02
1.69889744e-02
1.69707899e-02
1.69537201e-02
1.69375681e-02
1.69218684e-02
1.69063005e-02
1.68904712e-02
1.68740894e-02
1.68577617e-02
1.68407716e-02
1.68238791e-02
1.68068356e-02
1.67901972e-02
1.67741763e-02
1.67587476e-02
1.67435828e-02
1.67270383e-02
1.67094436e-02
1.66922763e-02
1.66760989e-02
1.66607951e-02
1.66460185e-02
1.66314690e-02
1.66169526e-02
1.66022957e-02
1.65868282e-02
1.65705117e-02
1.65542851e-02
1.65387073e-02
1.65234094e-02
1.65083486e-02
1.64934984e-02
1.64788291e-02
1.64639710e-02
1.64489041e-02
1.64339794e-02
1.64191978e-02
1.64040202e-02
1.63887332e-02
1.63735370e-02
1.63583033e-02
1.63430208e-02
1.63273611e-02
1.63119185e-02
1.62970733e-02
1.62826800e-02
1.62677183e-02
1.62520773e-02
1.62367268e-02
1.62219873e-02
1.62075452e-02
1.61932153e-02
1.61784694e-02
1.61639128e-02
1.61498900e-02
1.61362111e-02
1.61226929e-02
1.61085853e-02
1.60935560e-02
1.60785075e-02
1.60640857e-02
1.60501179e-02
1.60362454e-02
1.60217630e-02
1.60071249e-02
1.59927700e-02
1.59789842e-02
1.59654919e-02
1.59521745e-02
1.59388551e-02
1.59254492e-02
1.59120276e-02
1.58986068e-02
1.58850485e-02
1.58714929e-02
1.58580981e-02
1.58444247e-02
1.58305359e-02
1.58167621e-02
1.58033674e-02
1.57903660e-02
1.57771628e-02
1.57637450e-02
1.57477136e-02
1.57311998e-02
1.57159332e-02
1.57023841e-02
1.56898742e-02
1.56773008e-02
1.56638504e-02
1.56498661e-02
1.56360827e-02
1.56229100e-02
1.56102588e-02
1.55974604e-02
1.55842924e-02
1.55710507e-02
1.55575253e-02
1.55441214e-02
1.55308645e-02
1.55176225e-02
1.55038818e-02
1.54886740e-02
1.54736910e-02
1.54599814e-02
1.54474303e-02
1.54355138e-02
1.54234221e-02
1.54111680e-02
1.53989157e-02
1.53868026e-02
1.53747305e-02
1.53625844e-02
1.53502164e-02
1.53375521e-02
1.53249719e-02
1.53123943e-02
1.52999177e-02
1.52874780e-02
1.52749989e-02
1.52622221e-02
1.52497635e-02
1.52380941e-02
1.52267632e-02
1.52149946e-02
1.52028339e-02
1.51908221e-02
1.51790348e-02
1.51673715e-02
1.51556227e-02
1.51440166e-02
1.51323443e-02
1.51206706e-02
1.51089111e-02
1.50971903e-02
1.50857196e-02
1.50743004e-02
1.50628875e-02
1.50513527e-02
1.50396532e-02
1.50280845e-02
1.50167638e-02
1.50057081e-02
1.49947615e-02
1.49827287e-02
1.49704995e-02
1.49587807e-02
1.49477139e-02
1.49372081e-02
1.49268888e-02
1.49163102e-02
1.49054162e-02
1.48943276e-02
1.48832239e-02
1.48723713e-02
1.48616967e-02
1.48509407e-02
1.48401510e-02
1.48295524e-02
1.48191080e-02
1.48087346e-02
1.47985406e-02
1.47882519e-02
1.47776105e-02
1.47666924e-02
1.47559207e-02
1.47454731e-02
1.47351329e-02
1.47247155e-02
1.47141685e-02
1.47035752e-02
1.46927510e-02
1.46819474e-02
1.46713225e-02
1.46608541e-02
1.46504476e-02
1.46390614e-02
1.46273832e-02
1.46161581e-02
1.46058581e-02
1.45956930e-02
1.45851513e-02
1.45745875e-02
1.45641713e-02
1.45535213e-02
1.45426361e-02
1.45317259e-02
1.45211625e-02
1.45110519e-02
1.45008082e-02
1.44892572e-02
1.44774226e-02
1.44662984e-02
1.44560580e-02
1.44462623e-02
1.44364089e-02
1.44262580e-02
1.44156674e-02
1.44048526e-02
1.43940710e-02
1.43832180e-02
1.43726663e-02
1.43626439e-02
1.43529189e-02
1.43433134e-02
1.43336523e-02
1.43239209e-02
1.43141202e-02
1.43043229e-02
1.42945162e-02
1.42846234e-02
1.42745334e-02
1.42642938e-02
1.42542665e-02
1.42445647e-02
1.42350088e-02
1.42254882e-02
1.42158788e-02
1.42057463e-02
1.41954998e-02
1.41852357e-02
1.41744114e-02
1.41636740e-02
1.41534832e-02
1.41437093e-02
1.41340498e-02
1.41225923e-02
1.41103689e-02
1.40988623e-02
1.40886879e-02
1.40795669e-02
1.40709606e-02
1.40622154e-02
1.40530230e-02
1.40435516e-02
1.40339410e-02
1.40241276e-02
1.40142421e-02
1.40043869e-02
1.39948857e-02
1.39857260e-02
1.39767100e-02
1.39676806e-02
1.39586425e-02
1.39495713e-02
1.39403510e-02
1.39310450e-02
1.39217701e-02
1.39126584e-02
1.39037248e-02
1.38946968e-02
1.38855148e-02
1.38762410e-02
1.38670834e-02
1.38581418e-02
1.38491437e-02
1.38401821e-02
1.38311857e-02
1.38222561e-02
1.38134818e-02
1.38047086e-02
1.37958601e-02
1.37867010e-02
1.37775367e-02
1.37685203e-02
1.37597722e-02
1.37512028e-02
1.37427085e-02
1.37341397e-02
1.37252833e-02
1.37163654e-02
1.37076536e-02
1.36991445e-02
1.36905951e-02
1.36817910e-02
1.36726839e-02
1.36633118e-02
1.36539770e-02
1.36449053e-02
1.36361610e-02
1.36276836e-02
1.36193006e-02
1.36107472e-02
1.36021016e-02
1.35934730e-02
1.35849926e-02
1.35766785e-02
1.35685320e-02
1.35601923e-02
1.35517091e-02
1.35430995e-02
1.35345891e-02
1.35262143e-02
1.35178753e-02
1.35091662e-02
1.35002137e-02
1.34913292e-02
1.34828187e-02
1.34746545e-02
1.34666063e-02
1.34583135e-02
1.34496802e-02
1.34408973e-02
1.34319222e-02
1.34230763e-02
1.34143868e-02
1.34058699e-02
1.33972782e-02
1.33888431e-02
1.33806560e-02
1.33723661e-02
1.33639773e-02
1.33554968e-02
1.33471002e-02
1.33389090e-02
1.33306375e-02
1.33220327e-02
1.33134298e-02
1.33050875e-02
1.32969493e-02
1.32886877e-02
1.32802557e-02
1.32718386e-02
1.32636951e-02
1.32557106e-02
1.32477205e-02
1.32396012e-02
1.32310922e-02
1.32221535e-02
1.32126877e-02
1.32036067e-02
1.31952018e-02
1.31871725e-02
1.31790535e-02
1.31707589e-02
1.31624578e-02
1.31540640e-02
1.31457265e-02
1.31375769e-02
1.31294570e-02
1.31212897e-02
1.31131001e-02
1.31049464e-02
1.30967521e-02
1.30884320e-02
1.30803367e-02
1.30725396e-02
1.30644414e-02
1.30560944e-02
1.30476488e-02
1.30393149e-02
1.30312222e-02
1.30233051e-02
1.30155594e-02
1.30076725e-02
1.29994339e-02
1.29910315e-02
1.29828268e-02
1.29749419e-02
1.29671030e-02
1.29591969e-02
1.29512327e-02
1.29433067e-02
1.29354259e-02
1.29275977e-02
1.29197691e-02
1.29116952e-02
1.29034593e-02
1.28954931e-02
1.28879596e-02
1.28806940e-02
1.28735242e-02
1.28663281e-02
1.28589156e-02
1.28510982e-02
1.28430519e-02
1.28350383e-02
1.28273759e-02
1.28200242e-02
1.28126263e-02
1.28049793e-02
1.27973162e-02
1.27898906e-02
1.27826011e-02
1.27752902e-02
1.27677580e-02
1.27601071e-02
1.27524273e-02
1.27446229e-02
1.27368914e-02
1.27293727e-02
1.27220932e-02
1.27149967e-02
1.27079652e-02
1.27009206e-02
1.26937334e-02
1.26864107e-02
1.26789961e-02
1.26715324e-02
1.26638538e-02
1.26558285e-02
1.26475304e-02
1.26395117e-02
1.26316791e-02
1.26237749e-02
1.26159857e-02
1.26084145e-02
1.26011721e-02
1.25941111e-02
1.25870650e-02
1.25799694e-02
1.25727180e-02
1.25652541e-02
1.25577870e-02
1.25502890e-02
1.25426155e-02
1.25349709e-02
1.25274567e-02
1.25197710e-02
1.25120292e-02
1.25044365e-02
1.24969976e-02
1.24895548e-02
1.24820594e-02
1.24747121e-02
1.24675862e-02
1.24606637e-02
1.24537423e-02
1.24466939e-02
1.24396172e-02
1.24324002e-02
1.24250744e-02
1.24177991e-02
1.24107170e-02
1.24036626e-02
1.23966247e-02
1.23896819e-02
1.23826532e-02
1.23756091e-02
1.23686069e-02
1.23612066e-02
1.23535324e-02
1.23459346e-02
1.23384676e-02
1.23312399e-02
1.23242575e-02
1.23173173e-02
1.23101524e-02
1.23024772e-02
1.22948870e-02
1.22877181e-02
1.22808525e-02
1.22740329e-02
1.22671079e-02
1.22600067e-02
1.22528147e-02
1.22456490e-02
1.22385331e-02
1.22313952e-02
1.22241385e-02
1.22170714e-02
1.22103026e-02
1.22036114e-02
1.21968676e-02
1.21901681e-02
1.21833259e-02
1.21760695e-02
1.21686356e-02
1.21614080e-02
1.21544347e-02
1.21474994e-02
1.21403381e-02
1.21330822e-02
1.21259877e-02
1.21185914e-02
1.21111067e-02
1.21038165e-02
1.20967690e-02
1.20899899e-02
1.20833650e-02
1.20767653e-02
1.20696215e-02
1.20618522e-02
1.20541199e-02
1.20468312e-02
1.20398939e-02
1.20332005e-02
1.20263354e-02
1.20193156e-02
1.20123670e-02
1.20053771e-02
1.19984776e-02
1.19916898e-02
1.19848604e-02
1.19781983e-02
1.19716532e-02
1.19652119e-02
1.19588217e-02
1.19523777e-02
1.19459170e-02
1.19394164e-02
1.19329435e-02
1.19264664e-02
1.19199109e-02
1.19134041e-02
1.19069295e-02
1.19003477e-02
1.18935890e-02
1.18868254e-02
1.18803321e-02
1.18741544e-02
1.18679347e-02
1.18616263e-02
1.18553231e-02
1.18488547e-02
1.18422098e-02
1.18354726e-02
1.18287478e-02
1.18220914e-02
1.18155000e-02
1.18089658e-02
1.18025106e-02
1.17960784e-02
1.17895483e-02
1.17831410e-02
1.17769744e-02
1.17709742e-02
1.17650041e-02
1.17589085e-02
1.17526270e-02
1.17462032e-02
1.17398349e-02
1.17333601e-02
1.17269452e-02
1.17206016e-02
1.17142596e-02
1.17079777e-02
1.17017563e-02
1.16956351e-02
1.16895865e-02
1.16834221e-02
1.16771582e-02
1.16708243e-02
1.16645474e-02
1.16583556e-02
1.16522112e-02
1.16460467e-02
1.16398739e-02
1.16337176e-02
1.16275087e-02
1.16207845e-02
1.16139667e-02
1.16074097e-02
1.16012855e-02
1.15953211e-02
1.15892045e-02
1.15830204e-02
1.15767720e-02
1.15704571e-02
1.15638571e-02
1.15572848e-02
1.15509913e-02
1.15448030e-02
1.15384607e-02
1.15319121e-02
1.15255577e-02
1.15194154e-02
1.15133282e-02
1.15069745e-02
1.15003648e-02
1.14938395e-02
1.14875780e-02
1.14815626e-02
1.14755253e-02
1.14692641e-02
1.14630090e-02
1.14567474e-02
1.14506532e-02
1.14447548e-02
1.14389873e-02
1.14332284e-02
1.14273034e-02
1.14208559e-02
1.14142649e-02
1.14077711e-02
1.14014322e-02
1.13953376e-02
1.13893486e-02
1.13833123e-02
1.13772391e-02
1.13712626e-02
1.13651316e-02
1.13589514e-02
1.13526682e-02
1.13461967e-02
1.13394200e-02
1.13326496e-02
1.13261894e-02
1.13199899e-02
1.13139704e-02
1.13077676e-02
1.13013733e-02
1.12949652e-02
1.12887067e-02
1.12826734e-02
1.12768760e-02
1.12710849e-02
1.12651513e-02
1.12590950e-02
1.12531010e-02
1.12472810e-02
1.12414719e-02
1.12355020e-02
1.12295622e-02
1.12237521e-02
1.12179842e-02
1.12122147e-02
1.12064925e-02
1.12008254e-02
1.11951472e-02
1.11894465e-02
1.11835056e-02
1.11775456e-02
1.11716071e-02
1.11657580e-02
1.11600993e-02
1.11546475e-02
1.11490771e-02
1.11432094e-02
1.11371958e-02
1.11310845e-02
1.11250213e-02
1.11192002e-02
1.11136021e-02
1.11080376e-02
1.11023802e-02
1.10965507e-02
1.10906487e-02
1.10847589e-02
1.10789929e-02
1.10732961e-02
1.10674880e-02
1.10617291e-02
1.10561580e-02
1.10506847e-02
1.10451737e-02
1.10395775e-02
1.10337656e-02
1.10276633e-02
1.10214707e-02
1.10154219e-02
1.10095043e-02
1.10034414e-02
1.09974313e-02
1.09915474e-02
1.09858500e-02
1.09802565e-02
1.09745730e-02
1.09688218e-02
1.09630907e-02
1.09573842e-02
1.09517431e-02
1.09461556e-02
1.09406278e-02
1.09351460e-02
1.09295992e-02
1.09240369e-02
1.09184681e-02
1.09130276e-02
1.09077038e-02
1.09024022e-02
1.08968141e-02
1.08908024e-02
1.08847704e-02
1.08790764e-02
1.08736718e-02
1.08684204e-02
1.08631887e-02
1.08579226e-02
1.08525912e-02
1.08471083e-02
1.08413537e-02
1.08355296e-02
1.08298456e-02
1.08243182e-02
1.08189987e-02
1.08138041e-02
1.08085563e-02
1.08031402e-02
1.07976019e-02
1.07920407e-02
1.07865463e-02
1.07809855e-02
1.07752617e-02
1.07694847e-02
1.07638113e-02
1.07583348e-02
1.07529443e-02
1.07473909e-02
1.07417414e-02
1.07360410e-02
1.07303787e-02
1.07246315e-02
1.07189951e-02
1.07133152e-02
1.07073286e-02
1.07012109e-02
1.06952758e-02
1.06894724e-02
1.06839081e-02
1.06784802e-02
1.06730570e-02
1.06676239e-02
1.06621236e-02
1.06566020e-02
1.06512728e-02
1.06460805e-02
1.06409029e-02
1.06356730e-02
1.06303888e-02
1.06250830e-02
1.06197217e-02
1.06143637e-02
1.06088204e-02
1.06032338e-02
1.05977928e-02
1.05924926e-02
1.05873685e-02
1.05823423e-02
1.05773473e-02
1.05721904e-02
1.05669011e-02
1.05615691e-02
1.05562740e-02
1.05511564e-02
1.05460614e-02
1.05408988e-02
1.05357220e-02
1.05306866e-02
1.05255683e-02
1.05203135e-02
1.05150633e-02
1.05095078e-02
1.05036333e-02
1.04976827e-02
1.04920451e-02
1.04867367e-02
1.04815650e-02
1.04764248e-02
1.04710865e-02
1.04656083e-02
1.04601658e-02
1.04547549e-02
1.04492397e-02
1.04436363e-02
1.04381811e-02
1.04329510e-02
1.04279400e-02
1.04229792e-02
1.04179348e-02
1.04126581e-02
1.04072891e-02
1.04020730e-02
1.03970142e-02
1.03921194e-02
1.03872944e-02
1.03823387e-02
1.03771210e-02
1.03715320e-02
1.03658240e-02
1.03602600e-02
1.03550436e-02
1.03499871e-02
1.03449601e-02
1.03397170e-02
1.03343188e-02
1.03290106e-02
1.03238332e-02
1.03188223e-02
1.03138120e-02
1.03088003e-02
1.03038617e-02
1.02989948e-02
1.02941349e-02
1.02892729e-02
1.02843573e-02
1.02794061e-02
1.02743973e-02
1.02692828e-02
1.02640865e-02
1.02589380e-02
1.02539620e-02
1.02491269e-02
1.02443669e-02
1.02395000e-02
1.02345071e-02
1.02292507e-02
1.02236369e-02
1.02181463e-02
1.02130179e-02
1.02081040e-02
1.02031461e-02
1.01981262e-02
1.01931387e-02
1.01882453e-02
1.01833650e-02
1.01784391e-02
1.01734838e-02
1.01685197e-02
1.01634550e-02
1.01581320e-02
1.01528376e-02
1.01475978e-02
1.01424575e-02
1.01373036e-02
1.01319429e-02
1.01266533e-02
1.01216187e-02
1.01168088e-02
1.01119829e-02
1.01070279e-02
1.01018800e-02
1.00967281e-02
1.00916902e-02
1.00867284e-02
1.00818659e-02
1.00771226e-02
1.00724864e-02
1.00679033e-02
1.00633299e-02
1.00587561e-02
1.00539075e-02
1.00489421e-02
1.00439448e-02
1.00389520e-02
1.00340546e-02
1.00292893e-02
1.00246211e-02
1.00199033e-02
1.00149718e-02
1.00099374e-02
1.00049872e-02
1.00001700e-02
9.99528488e-03
