0.0020395884
0.20693056
0.16192988
-0.07075094
-0.39905603
-0.73465952
-0.93647578
-0.95413966
-0.97294699
-1.0379242
-1.1413346
-1.2625882
-1.3650524
-1.4227132
-1.4667427
-1.513482
-1.5615681
-1.6065468
-1.6430776
-1.6729106
-1.6999575
-1.730717
-1.7636887
-1.7915959
-1.8113499
-1.8272401
-1.8412979
-1.8551681
-1.8690376
-1.8815057
-1.891085
-1.8992068
-1.90699
-1.9146459
-1.9223161
-1.9296555
-1.936278
-1.9426185
-1.948638
-1.9542882
-1.9594302
-1.9639173
-1.9681184
-1.9723274
-1.9765504
-1.9808452
-1.985141
-1.9889637
-1.9921857
-1.9949781
-1.9975077
-1.9998731
-2.0020374
-2.0041515
-2.0062318
-2.0082323
-2.0102121
-2.012122
-2.0139738
-2.015704
-2.0173392
-2.0188903
-2.0204056
-2.0218443
-2.0233606
-2.0248993
-2.0264286
-2.0279455
-2.0294533
-2.0309266
-2.0323157
-2.0336139
-2.0348312
-2.0359774
-2.0369813
-2.0379119
-2.0388205
-2.0397398
-2.0406542
-2.0415701
-2.0424537
-2.043295
-2.0440921
-2.0448502
-2.0455995
-2.0463268
-2.0470766
-2.0478152
-2.0485631
-2.0492897
-2.0500407
-2.0508024
-2.0515803
-2.0523178
-2.0530166
-2.0536951
-2.0543624
-2.0550331
-2.055709
-2.056354
-2.0569535
-2.0575089
-2.0579978
-2.0584636
-2.0588925
-2.0593059
-2.0596796
-2.0600628
-2.0604739
-2.0609146
-2.0613741
-2.0618455
-2.0623345
-2.0628134
-2.0632893
-2.0637633
-2.0642273
-2.0646886
-2.0651477
-2.0655936
-2.0660147
-2.0664204
-2.0668264
-2.0672257
-2.0675866
-2.0679404
-2.0682916
-2.0686069
-2.0689159
-2.069227
-2.0695485
-2.0698777
-2.0702078
-2.0705303
-2.0708485
-2.0711546
-2.0714568
-2.0717621
-2.0720609
-2.0723657
-2.0726761
-2.072988
-2.073292
-2.0735779
-2.0738401
-2.074094
-2.0743515
-2.0746102
-2.0748701
-2.0751274
-2.0753898
-2.0756378
-2.0758845
-2.0761223
-2.0763549
-2.076587
-2.0768224
-2.0770447
-2.0772677
-2.0774983
-2.0777251
-2.0779323
-2.0781489
-2.0783643
-2.07858
-2.0788043
-2.0790206
-2.079227
-2.0794327
-2.0796436
-2.0798598
-2.0800785
-2.0802978
-2.0805004
-2.0806993
-2.0808909
-2.0810715
-2.0812524
-2.0814358
-2.0816215
-2.081805
-2.0819886
-2.0821712
-2.0823509
-2.0825241
-2.0826929
-2.0828617
-2.0830302
-2.0831985
-2.0833585
-2.0835036
-2.083653
-2.0838015
-2.0839566
-2.0841195
-2.0842895
-2.084453
-2.084611
-2.084771
-2.0849244
-2.0850524
-2.0851855
-2.0853283
-2.0854686
-2.085617
-2.0857736
-2.0859337
-2.0860739
-2.0862124
-2.0863525
-2.0864882
-2.0866173
-2.086741
-2.0868709
-2.0870019
-2.0871401
-2.0872835
-2.0874278
-2.0875674
-2.0877
-2.0878138
-2.0879248
-2.0880395
-2.0881441
-2.0882567
-2.0883784
-2.088508
-2.0886433
-2.0887776
-2.0889112
-2.0890155
-2.089098
-2.0891642
-2.0892314
-2.0892957
-2.0893702
-2.0894647
-2.0895759
-2.089696
-2.089829
-2.0899589
-2.09004
-2.0901132
-2.090181
-2.090242
-2.0903118
-2.0903998
-2.0905134
-2.0906405
-2.090778
-2.0909184
-2.0910526
-2.0911699
-2.0912791
-2.0913821
-2.0914891
-2.0916019
-2.0917233
-2.0918427
-2.0919501
-2.0920503
-2.0921452
-2.0922388
-2.092329
-2.0924181
-2.0925107
-2.0925752
-2.0926464
-2.0927236
-2.0928071
-2.0928988
-2.0929983
-2.0930955
-2.0931887
-2.0932877
-2.0933783
-2.0934575
-2.0935342
-2.0936056
-2.0936692
-2.0937371
-2.0938048
-2.0938563
-2.0939161
-2.093978
-2.0940455
-2.0941161
-2.0941934
-2.0942797
-2.0943678
-2.0944387
-2.0944943
-2.0945465
-2.0945944
-2.0946404
-2.0946914
-2.0947601
-2.0948477
-2.0949455
-2.095044
-2.0951431
-2.095234
-2.0953215
-2.0954102
-2.0954927
-2.0955643
-2.0956326
-2.0957046
-2.0957757
-2.0958423
-2.0959019
-2.095966
-2.0960367
-2.0961096
-2.0961856
-2.0962624
-2.0963325
-2.0964002
-2.0964653
-2.0965275
-2.0965892
-2.0966499
-2.0967106
-2.0967724
-2.0968381
-2.096909
-2.0969798
-2.0970503
-2.0971173
-2.0971804
-2.0972402
-2.0973001
-2.0973617
-2.097414
-2.0974683
-2.0975168
-2.09756
-2.0976075
-2.0976623
-2.0977161
-2.0977767
-2.097844
-2.0979163
-2.0979864
-2.0980539
-2.0981179
-2.0981756
-2.0982293
-2.0982881
-2.0983476
-2.0984068
-2.0984623
-2.0985148
-2.0985682
-2.0986138
-2.0986619
-2.0987136
-2.0987678
-2.0988239
-2.0988794
-2.0989325
-2.0989878
-2.0990445
-2.0991031
-2.0991614
-2.0992105
-2.0992615
-2.0993119
-2.0993601
-2.0994097
-2.0994525
-2.0994966
-2.0995419
-2.0995875
-2.0996358
