2.0600907
2.2649817
2.219981
1.9873002
1.6589951
1.3233916
1.1215753
1.1039114
1.0851041
1.0201269
0.91671654
0.79546294
0.69299868
0.63533784
0.59130837
0.54456905
0.49648299
0.45150428
0.41497349
0.38514044
0.35809364
0.32733407
0.29436237
0.26645524
0.24670122
0.23081097
0.21675317
0.202883
0.18901352
0.17654535
0.16696609
0.15884432
0.15106106
0.14340523
0.13573497
0.12839559
0.12177309
0.11543258
0.10941314
0.10376286
0.098620874
0.094133779
0.089932642
0.085723663
0.081500652
0.077205885
0.072910083
0.06908743
0.065865419
0.063072985
0.06054341
0.058178002
0.056013663
0.053899549
0.051819303
0.049818793
0.047839039
0.045929121
0.044077297
0.042347136
0.040711865
0.039160751
0.037645466
0.036206818
0.034690444
0.03315182
0.031622487
0.030105591
0.028597805
0.027124524
0.025735389
0.024437148
0.023219868
0.022073678
0.021069767
0.020139172
0.019230542
0.018311314
0.017396883
0.016480948
0.015597394
0.014756136
0.013959
0.013200851
0.012451586
0.011724253
0.010974524
0.010235864
0.0094879692
0.0087614179
0.0080103499
0.0072486791
0.006470826
0.0057332433
0.0050345058
0.0043559465
0.0036887097
0.0030179612
0.0023420402
0.001697095
0.0010975693
0.00054214301
5.3258416e-05
0.00041248992
0.00084138168
0.0012548386
0.0016285367
0.002011702
0.0024228252
0.0028635121
0.0033230191
0.0037944152
0.0042834379
0.0047623042
0.0052382132
0.005712193
0.0061762119
0.006637559
0.0070965999
0.0075424904
0.0079636283
0.0083693058
0.0087753358
0.0091746034
0.0095354975
0.0098893239
0.010240534
0.010555782
0.010864796
0.011175927
0.01149739
0.011826578
0.012156758
0.012479178
0.012797388
0.013103505
0.01340572
0.01371099
0.014009788
0.014314644
0.014625051
0.014936871
0.015240909
0.015526787
0.015789028
0.016042951
0.016300365
0.016559093
0.016818998
0.017076262
0.017338674
0.017586754
0.017833369
0.018071251
0.018303839
0.018535938
0.018771289
0.018993615
0.019216626
0.019447167
0.019674039
0.019881206
0.020097837
0.020313168
0.020528875
0.020753233
0.020969484
0.021175898
0.021381612
0.02159248
0.021808699
0.022027444
0.02224671
0.022449334
0.022648207
0.022839814
0.023020429
0.023201262
0.02338474
0.023570423
0.023753949
0.023937505
0.024120137
0.02429984
0.024473048
0.024641811
0.024810614
0.024979127
0.025147392
0.025307426
0.025452509
0.02560194
0.025750397
0.025905513
0.026068436
0.026238361
0.02640193
0.026559878
0.026719931
0.026873293
0.027001311
0.027134388
0.027277234
0.027417516
0.027565921
0.027722551
0.0278826
0.028022771
0.028161278
0.02830138
0.02843712
0.02856622
0.028689877
0.028819839
0.028950818
0.029089042
0.029232375
0.029376723
0.029516284
0.029648883
0.029762664
0.02987371
0.029988424
0.030092979
0.030205607
0.030327303
0.030456882
0.030592176
0.030726542
0.0308601
0.030964427
0.03104692
0.03111312
0.031180264
0.031244607
0.031319153
0.031413622
0.031524793
0.0316449
0.031777937
0.031907768
0.031988947
0.032062125
0.032129939
0.032190929
0.03226073
0.032348688
0.032462275
0.032589391
0.03272694
0.032867345
0.033001547
0.033118845
0.033227977
0.033330999
0.033438058
0.033550789
0.033672246
0.033791635
0.033899055
0.033999191
0.034094076
0.03418766
0.034277871
0.034366986
0.034459589
0.034524108
0.034595346
0.034672517
0.034755972
0.034847673
0.034947186
0.035044429
0.035137564
0.035236622
0.035327192
0.035406371
0.035483093
0.035554534
0.035618139
0.035686048
0.035753712
0.035805254
0.035864996
0.035926868
0.035994426
0.036065024
0.036142338
0.036228563
0.03631672
0.036387606
0.036443193
0.036495375
0.036543358
0.036589262
0.036640343
0.036709032
0.036796602
0.036894416
0.036992913
0.037091992
0.037182949
0.037270449
0.037359124
0.037441579
0.037513192
0.037581556
0.03765349
0.037724593
0.037791233
0.037850772
0.037914878
0.037985608
0.038058528
0.038134469
0.038211285
0.038281425
0.038349154
0.038414219
0.038476383
0.038538127
0.038598829
0.038659532
0.038721336
0.038787051
0.038857874
0.038928728
0.038999248
0.03906624
0.039129272
0.039189101
0.039248965
0.03931065
0.039362873
0.039417199
0.039465667
0.039508943
0.039556418
0.039611191
0.039665059
0.039725614
0.039792925
0.039865251
0.039935265
0.04000279
0.040066799
0.040124463
0.040178179
0.040236985
0.040296492
0.040355701
0.040411216
0.040463715
0.040517141
0.040562751
0.040610852
0.040662538
0.040716746
0.040772829
0.040828283
0.040881386
0.040936665
0.040993456
0.041051972
0.041110263
0.041159395
0.041210389
0.041260805
0.041309053
0.041358589
0.04140141
0.041445541
0.041490856
0.041536443
0.041584712
