1.40576781e+00
1.05525392e+00
8.34353336e-01
8.02734719e-01
8.18062128e-01
7.97762902e-01
7.39759120e-01
6.65976549e-01
6.05373068e-01
5.65678400e-01
5.45861434e-01
5.31930883e-01
5.14237707e-01
4.93643652e-01
4.75052876e-01
4.61268977e-01
4.51449725e-01
4.42901853e-01
4.20967263e-01
3.73636858e-01
3.28556107e-01
3.03800621e-01
2.99412440e-01
3.00883390e-01
2.95608046e-01
2.82160649e-01
2.65796054e-01
2.52011220e-01
2.43280020e-01
2.37962636e-01
2.33075622e-01
2.27071024e-01
2.20218316e-01
2.13476446e-01
2.05339453e-01
1.96279648e-01
1.85482215e-01
1.76921076e-01
1.69789116e-01
1.63284371e-01
1.58618141e-01
1.55664408e-01
1.53298626e-01
1.50568294e-01
1.47339772e-01
1.44098709e-01
1.41376297e-01
1.39328647e-01
1.37734419e-01
1.36236753e-01
1.34440403e-01
1.32581522e-01
1.30879452e-01
1.29399954e-01
1.28084434e-01
1.26852067e-01
1.25659728e-01
1.24434347e-01
1.23205341e-01
1.21412291e-01
1.19156945e-01
1.16274048e-01
1.12865283e-01
1.08612709e-01
1.04905313e-01
1.02511811e-01
9.95083091e-02
9.40771496e-02
8.94117794e-02
8.67709923e-02
8.58863689e-02
8.54232936e-02
8.43349357e-02
8.24984383e-02
8.03880544e-02
7.85102210e-02
7.70807814e-02
7.60420108e-02
7.52283638e-02
7.45640941e-02
7.40066670e-02
7.34878996e-02
7.29205524e-02
7.22475539e-02
7.14727631e-02
6.94606527e-02
6.69796980e-02
6.50941488e-02
6.40604444e-02
6.34772752e-02
6.28732018e-02
6.11163605e-02
5.90906558e-02
5.76132261e-02
5.63920519e-02
5.46326581e-02
5.29855423e-02
5.18430060e-02
5.11403090e-02
5.05798557e-02
4.99416513e-02
4.91963418e-02
4.84332996e-02
4.77413209e-02
4.71515749e-02
4.66535230e-02
4.62326918e-02
4.58623087e-02
4.55223818e-02
4.52223816e-02
4.49699311e-02
4.47530900e-02
4.45436049e-02
4.43383697e-02
4.41327312e-02
4.37057721e-02
4.30571781e-02
4.23171158e-02
4.15862889e-02
4.10814321e-02
4.08189951e-02
4.06622909e-02
4.01866061e-02
3.94327123e-02
3.87510667e-02
3.83216889e-02
3.81032395e-02
3.77558693e-02
3.72305838e-02
3.67393923e-02
3.64069493e-02
3.62170613e-02
3.60799106e-02
3.59238413e-02
3.57353477e-02
3.55411933e-02
3.53696737e-02
3.52268558e-02
3.50988626e-02
3.49684851e-02
3.48286551e-02
3.46842244e-02
3.45448721e-02
3.44169795e-02
3.43001972e-02
3.41893317e-02
3.40785554e-02
3.39646084e-02
3.38475466e-02
3.37295731e-02
3.36133242e-02
3.35006599e-02
3.33922649e-02
3.32878327e-02
3.31864764e-02
3.30697877e-02
3.28844511e-02
3.26953627e-02
3.25470414e-02
3.24423565e-02
3.23580598e-02
3.22710203e-02
3.21726688e-02
3.20672753e-02
3.19626736e-02
3.18631482e-02
3.17682186e-02
3.16752962e-02
3.15825044e-02
3.14896354e-02
3.13974995e-02
3.13069119e-02
3.12181911e-02
3.11312405e-02
3.10458372e-02
3.09618054e-02
3.08790165e-02
3.07973297e-02
3.07165802e-02
3.06094416e-02
3.04599528e-02
3.03167347e-02
3.02054737e-02
3.01224540e-02
3.00509839e-02
2.99783980e-02
2.99014144e-02
2.98221432e-02
2.97427471e-02
2.96635905e-02
2.95844047e-02
2.95057018e-02
2.94287812e-02
2.93547097e-02
2.92835067e-02
2.92142217e-02
2.91456533e-02
2.90770466e-02
2.90083262e-02
2.89398810e-02
2.88721818e-02
2.88054981e-02
2.87398119e-02
2.86748878e-02
2.86104105e-02
2.85461151e-02
2.84818722e-02
2.84177134e-02
2.83534434e-02
2.82861326e-02
2.82193719e-02
2.81554650e-02
2.80943432e-02
2.80345662e-02
2.79748443e-02
2.79148023e-02
2.78547821e-02
2.77952473e-02
2.77363882e-02
2.76781174e-02
2.76202788e-02
2.75628131e-02
2.75057695e-02
2.74492186e-02
2.73931761e-02
2.73375946e-02
2.72824067e-02
2.72275693e-02
2.71730765e-02
2.71189434e-02
2.70651836e-02
2.70117983e-02
2.69463899e-02
2.68639233e-02
2.67855573e-02
2.67203530e-02
2.66645184e-02
2.66107779e-02
2.65557772e-02
2.65005696e-02
2.64471103e-02
2.63956002e-02
2.62357221e-02
2.60417174e-02
2.58784567e-02
2.57047037e-02
2.55504489e-02
2.54339558e-02
2.53444581e-02
2.52628470e-02
2.51812388e-02
2.50042003e-02
2.47599717e-02
2.45542851e-02
2.44305068e-02
2.42490232e-02
2.40629048e-02
2.39142581e-02
2.38090328e-02
2.37270911e-02
2.36464753e-02
2.35587647e-02
2.34686801e-02
2.33851458e-02
2.33135542e-02
2.32536644e-02
2.32017692e-02
2.31537110e-02
2.31066056e-02
2.30591167e-02
2.30110416e-02
2.29628108e-02
2.29150772e-02
2.28683897e-02
2.28229914e-02
2.27788066e-02
2.27355957e-02
2.26931507e-02
2.26513976e-02
2.26103601e-02
2.25700492e-02
2.25303754e-02
2.24911444e-02
2.24521268e-02
2.24131484e-02
2.23741508e-02
2.23351987e-02
2.22964429e-02
2.22580620e-02
2.22202083e-02
2.21829715e-02
2.21463660e-02
2.21103398e-02
2.20747975e-02
2.20396287e-02
2.20047346e-02
2.19700444e-02
2.19355222e-02
2.19011632e-02
2.18669831e-02
2.18330055e-02
2.17992505e-02
2.17657267e-02
2.17324297e-02
2.16993435e-02
2.16664466e-02
2.16337176e-02
2.16011403e-02
2.15687064e-02
2.15364157e-02
2.15042746e-02
2.14722929e-02
2.14404812e-02
2.14088485e-02
2.13774010e-02
2.13461410e-02
2.13150680e-02
2.12841786e-02
2.12534680e-02
2.12229310e-02
2.11925625e-02
2.11623586e-02
2.11323166e-02
2.11024350e-02
2.10727130e-02
2.10431504e-02
2.10137467e-02
2.09845006e-02
2.09554103e-02
2.09264727e-02
2.08976839e-02
2.08690395e-02
2.08405346e-02
2.08121641e-02
2.07839233e-02
2.07558078e-02
2.07278136e-02
2.06999377e-02
2.06721776e-02
2.06445313e-02
2.06169974e-02
2.05895749e-02
2.05622630e-02
2.05350608e-02
2.05079675e-02
2.04809825e-02
2.04541047e-02
2.04273333e-02
2.04006673e-02
2.03741058e-02
2.03476480e-02
2.03212931e-02
2.02950401e-02
2.02688883e-02
2.02428367e-02
2.02168841e-02
2.01910294e-02
2.01652713e-02
2.01396085e-02
2.01140395e-02
2.00885630e-02
2.00631778e-02
2.00378828e-02
2.00126770e-02
1.99875596e-02
1.99625300e-02
1.99375875e-02
1.99127318e-02
1.98879624e-02
1.98632788e-02
1.98386808e-02
1.97863892e-02
1.97194157e-02
1.96644553e-02
1.96279237e-02
1.96011453e-02
1.95390246e-02
1.93488300e-02
1.91540555e-02
1.90183731e-02
1.89330477e-02
1.88837853e-02
1.88494364e-02
1.88167035e-02
1.87810878e-02
1.87420532e-02
1.86999025e-02
1.86556932e-02
1.86117363e-02
1.85708297e-02
1.85346841e-02
1.85030357e-02
1.84700575e-02
1.84368731e-02
1.84050308e-02
1.83748835e-02
1.83457553e-02
1.83168128e-02
1.82876744e-02
1.82584398e-02
1.82293995e-02
1.82007924e-02
1.81727582e-02
1.81453953e-02
1.81187861e-02
1.80929467e-02
1.80677636e-02
1.80429959e-02
1.80183591e-02
1.79936392e-02
1.79687649e-02
1.79438025e-02
1.79188874e-02
1.78941428e-02
1.78696276e-02
1.78453333e-02
1.78212152e-02
1.77972333e-02
1.77733787e-02
1.77496746e-02
1.77261586e-02
1.77028572e-02
1.76797676e-02
1.76568542e-02
1.76301338e-02
1.75621972e-02
1.74888378e-02
1.74352154e-02
1.74042383e-02
1.73852660e-02
1.73249425e-02
1.71394938e-02
1.69508731e-02
1.68327012e-02
1.67834940e-02
1.67659913e-02
1.67515804e-02
1.67330435e-02
1.67129541e-02
1.66910802e-02
1.66629486e-02
1.66257471e-02
1.65824331e-02
1.65400245e-02
1.65047111e-02
1.64784069e-02
1.64588448e-02
1.64420216e-02
1.64246259e-02
1.64050730e-02
1.63832731e-02
1.63599376e-02
1.63360227e-02
1.63124297e-02
1.62898347e-02
1.62685626e-02
1.62485386e-02
1.62293695e-02
1.62105355e-02
1.61915977e-02
1.61723307e-02
1.61527418e-02
1.61330024e-02
1.61133442e-02
1.60939659e-02
1.60749752e-02
1.60563723e-02
1.60380694e-02
1.60199341e-02
1.60018400e-02
1.59837067e-02
1.59655178e-02
1.59473139e-02
1.59291672e-02
1.59111497e-02
1.58933083e-02
1.58756529e-02
1.58581593e-02
1.58407829e-02
1.58234763e-02
1.58062042e-02
1.57889518e-02
1.57717249e-02
1.57545435e-02
1.57374321e-02
1.57204104e-02
1.57034869e-02
1.54975216e-02
1.48483820e-02
1.42260573e-02
1.39140746e-02
1.38499535e-02
1.38271328e-02
1.37315179e-02
1.35871188e-02
1.34681728e-02
1.34099712e-02
1.33908474e-02
1.33707740e-02
1.33298034e-02
1.32744862e-02
1.32210687e-02
1.31786433e-02
1.31452839e-02
1.31143738e-02
1.25145475e-02
1.17189424e-02
1.11577515e-02
1.09584566e-02
1.09300459e-02
1.08640681e-02
1.07110330e-02
1.05405783e-02
1.04255544e-02
1.03741386e-02
1.03457221e-02
1.03024986e-02
1.02374615e-02
1.01662659e-02
1.01052393e-02
1.00585171e-02
1.00202146e-02
9.98314363e-03
