1.8690683
1.7514484
1.4897484
1.1244557
0.73244554
0.37215393
0.13851613
0.03101243
-0.078564439
-0.21601674
-0.3887107
-0.56200159
-0.71039817
-0.82280327
-0.92611656
-1.0260046
-1.1337123
-1.2401675
-1.3168615
-1.351886
-1.3872994
-1.4254424
-1.4711343
-1.5260435
-1.5847671
-1.62625
-1.6615684
-1.6888344
-1.7167898
-1.7488537
-1.784049
-1.8172923
-1.8447972
-1.8683085
-1.8837462
-1.8979192
-1.9110105
-1.9277851
-1.9436282
-1.9580205
-1.9722075
-1.9849065
-1.9971023
-2.0094755
-2.022207
-2.0336423
-2.0458891
-2.0578599
-2.069574
-2.0802666
-2.0900984
-2.0993361
-2.1082855
-2.1174598
-2.1267798
-2.1358698
-2.1450084
-2.1536338
-2.1616685
-2.1680971
-2.1736135
-2.1775183
-2.1801716
-2.1798738
-2.1815181
-2.1852359
-2.1881324
-2.1888249
-2.1925206
-2.1970509
-2.2027107
-2.2090138
-2.2162585
-2.2217943
-2.2260069
-2.2293473
-2.2315951
-2.2332574
-2.2355657
-2.2390874
-2.2435863
-2.2484774
-2.2536802
-2.2577226
-2.2607676
-2.2614365
-2.2616391
-2.262594
-2.2642906
-2.2667468
-2.2694808
-2.2718695
-2.2741239
-2.2764726
-2.2783216
-2.2789593
-2.2797229
-2.2807826
-2.282066
-2.2836729
-2.2853976
-2.2870487
-2.2883714
-2.289614
-2.2907772
-2.2919634
-2.2931421
-2.2943486
-2.2955632
-2.2967358
-2.2980391
-2.2994746
-2.300991
-2.3025703
-2.3040799
-2.3048293
-2.3052171
-2.3055291
-2.3057415
-2.3065833
-2.3080221
-2.3097968
-2.3110121
-2.3118456
-2.3126148
-2.3132276
-2.3138709
-2.3143163
-2.3148678
-2.3155631
-2.3165202
-2.3177257
-2.3187961
-2.3197543
-2.320594
-2.3212089
-2.3219391
-2.3227324
-2.3235894
-2.3244193
-2.3251021
-2.3256728
-2.3263049
-2.3270092
-2.3277901
-2.3285967
-2.3293438
-2.3300547
-2.3306522
-2.3311468
-2.3316125
-2.3320942
-2.3326143
-2.3331665
-2.3337496
-2.3342853
-2.3345794
-2.3349736
-2.3354162
-2.3359239
-2.3365164
-2.337186
-2.3378872
-2.3385547
-2.3391942
-2.3398059
-2.3403197
-2.3407891
-2.3412625
-2.3417377
-2.3422243
-2.3427413
-2.343289
-2.343857
-2.3444338
-2.3450095
-2.3455623
-2.3460978
-2.3466164
-2.3469438
-2.3470563
-2.3472785
-2.3476224
-2.3480664
-2.3485859
-2.3491857
-2.3498333
-2.3504415
-2.3509912
-2.3515042
-2.3519306
-2.3522795
-2.3526378
-2.3530295
-2.3534663
-2.3539438
-2.3544365
-2.3549144
-2.3553279
-2.3556997
-2.3560824
-2.3564884
-2.3569165
-2.3573617
-2.3578058
-2.358249
-2.358694
-2.3591376
-2.3595592
-2.3599245
-2.3603028
-2.3606992
-2.3611177
-2.3615522
-2.3619911
-2.362419
-2.3628155
-2.3631958
-2.3635693
-2.3639316
-2.3642937
-2.3646613
-2.3650342
-2.3654154
-2.3658062
-2.3662034
-2.366602
-2.366997
-2.3673854
-2.3677679
-2.3681468
-2.3685209
-2.3688331
-2.3690724
-2.3693351
-2.369624
-2.369941
-2.3702864
-2.3706593
-2.3710579
-2.3714717
-2.3718845
-2.3718018
-2.3717439
-2.371756
-2.3715157
-2.3714034
-2.3715668
-2.3719614
-2.3724092
-2.3729185
-2.3733512
-2.3737069
-2.3741289
-2.3745831
-2.3748417
-2.3751466
-2.3754358
-2.375787
-2.376133
-2.3764122
-2.3767106
-2.3770458
-2.3773926
-2.3777152
-2.3780539
-2.3784071
-2.3787607
-2.3791082
-2.3794084
-2.3797004
-2.3799965
-2.3803006
-2.3806043
-2.3809138
-2.3812502
-2.3816003
-2.381932
-2.3822526
-2.3825779
-2.3829061
-2.3832423
-2.3835762
-2.3839005
-2.3842184
-2.384502
-2.3847373
-2.3849493
-2.3851587
-2.3853685
-2.3855891
-2.3858227
-2.3860683
-2.3863213
-2.3865746
-2.3868241
-2.3870701
-2.3873124
-2.3875551
-2.387799
-2.3880466
-2.3883002
-2.3885594
-2.3888224
-2.3890866
-2.3893514
-2.3896165
-2.3898807
-2.3901411
-2.3903985
-2.3906463
-2.3908906
-2.391133
-2.3913731
-2.3916109
-2.3918456
-2.3920773
-2.3923063
-2.3925335
-2.392759
-2.392983
-2.3932059
-2.3934283
-2.3936506
-2.3938731
-2.394096
-2.3943193
-2.3945425
-2.3947656
-2.3949885
-2.3952113
-2.3954336
-2.395655
-2.3958752
-2.3960945
-2.3963128
-2.3965301
-2.3967463
-2.3969613
-2.3971753
-2.3973882
-2.3976
-2.397811
-2.3980214
-2.3982312
-2.3984403
-2.3986486
-2.3988564
-2.3990639
-2.3992709
-2.3994777
-2.399684
-2.39989
-2.4000957
-2.400301
-2.4005058
-2.4007103
-2.4009145
-2.4011183
-2.4013217
-2.4015246
-2.4017272
-2.4019294
-2.4021311
-2.4023324
-2.4025332
-2.4027336
-2.4029336
-2.4031331
-2.4033321
-2.4035306
-2.4036371
-2.4037169
-2.4038175
-2.4039343
-2.4040743
-2.4041429
-2.4038234
-2.4036376
-2.4035162
-2.4034458
-2.4035269
-2.4037497
-2.4040968
-2.404521
-2.4049396
-2.405346
-2.4056493
-2.4058416
-2.405985
-2.4061249
-2.406281
-2.4064552
-2.4066666
-2.4069157
-2.4071584
-2.4074078
-2.4076814
-2.4079483
-2.4081631
-2.4083601
-2.4085469
-2.4087102
-2.4088822
-2.4090672
-2.4092646
-2.4094627
-2.4096624
-2.4098629
-2.4100451
-2.4102122
-2.4103737
-2.4105341
-2.4106931
-2.4108544
-2.4110215
-2.4111917
-2.4113628
-2.4115336
-2.4117062
-2.4118791
-2.4120535
-2.4122279
-2.4124067
-2.4125674
-2.4124936
-2.4124848
-2.4125148
-2.4125934
-2.4127341
-2.4128091
-2.4125565
-2.4124148
-2.4123702
-2.4124312
-2.4125589
-2.4127762
-2.4131116
-2.4135225
-2.4139137
-2.4142556
-2.4144359
-2.4144746
-2.4144915
-2.4145176
-2.4146283
-2.4148207
-2.4150803
-2.41537
-2.4156417
-2.4158776
-2.4160604
-2.4162213
-2.4163695
-2.4164995
-2.4166317
-2.4167741
-2.4169205
-2.4170736
-2.4172348
-2.4174001
-2.4175466
-2.4176861
-2.4178248
-2.417955
-2.41808
-2.4182136
-2.4183621
-2.4185192
-2.4186754
-2.4188323
-2.4189749
-2.4191047
-2.419234
-2.4193653
-2.4194988
-2.4196343
-2.4197706
-2.419905
-2.420038
-2.4201718
-2.4203017
-2.420427
-2.4205522
-2.4206762
-2.4207982
-2.4209221
-2.4208346
-2.4202508
-2.4197381
-2.4193625
-2.4191681
-2.4191547
-2.4192955
-2.4195432
-2.4198692
-2.4202623
-2.4205785
-2.4207756
-2.4208843
-2.4208693
-2.4208617
-2.4209742
-2.421205
-2.4215014
-2.4212501
-2.4209665
-2.4206604
-2.4204449
-2.4203903
-2.4204817
-2.4206805
-2.4209414
-2.4212654
-2.4216257
-2.4218776
-2.4220027
-2.4219716
-2.4219025
-2.421899
-2.4220027
-2.4221925
-2.4224344
