1.61576771e+00
1.13616810e+00
8.46873704e-01
8.04403216e-01
8.25156694e-01
8.31715166e-01
8.12715416e-01
7.70432522e-01
7.21833216e-01
6.85330453e-01
6.65387700e-01
6.52311590e-01
5.92586900e-01
4.82129683e-01
3.60003519e-01
2.85760384e-01
2.80828931e-01
3.01547516e-01
3.08441875e-01
2.93214290e-01
2.63357917e-01
2.30304032e-01
2.03101794e-01
1.82629213e-01
1.65375775e-01
1.54388057e-01
1.48690615e-01
1.43802354e-01
1.35852931e-01
1.24353759e-01
1.12104928e-01
1.03078315e-01
9.92100606e-02
9.87674163e-02
9.83952027e-02
9.59386466e-02
9.13004094e-02
8.59543013e-02
8.15848461e-02
7.89756892e-02
7.77128009e-02
7.68195051e-02
7.55619742e-02
7.37773524e-02
7.17369875e-02
6.98233539e-02
6.82831940e-02
6.71178086e-02
6.61682501e-02
6.52712167e-02
6.43611761e-02
6.34747974e-02
6.26886444e-02
6.20482708e-02
6.15343633e-02
6.10778359e-02
6.06033257e-02
6.00690305e-02
5.94815486e-02
5.88833570e-02
5.83249347e-02
5.78384876e-02
5.74260782e-02
5.70650966e-02
5.67243959e-02
5.63804696e-02
5.60257511e-02
5.56671528e-02
5.53181966e-02
5.49902349e-02
5.46872028e-02
5.44054183e-02
5.41370642e-02
5.38745811e-02
5.36135970e-02
5.33534759e-02
5.30960155e-02
5.28435376e-02
5.25974827e-02
5.23579883e-02
5.21242753e-02
5.18953336e-02
5.16704379e-02
5.14492981e-02
5.12319110e-02
5.10183176e-02
5.08084363e-02
5.06020370e-02
5.03988143e-02
5.01984802e-02
5.00008169e-02
4.98056778e-02
4.96129581e-02
4.94225674e-02
4.92344200e-02
4.90484408e-02
4.88645730e-02
4.86827782e-02
4.85030256e-02
4.83252781e-02
4.81494834e-02
4.79755728e-02
4.78034687e-02
4.76330930e-02
4.74643738e-02
4.72972476e-02
4.71316575e-02
4.69675516e-02
4.68048821e-02
4.66436053e-02
4.64836835e-02
4.63250848e-02
4.61677828e-02
4.60117539e-02
4.58569757e-02
4.57034255e-02
4.55510799e-02
4.53999158e-02
4.52499109e-02
4.51010445e-02
4.49532968e-02
4.48066489e-02
4.46610823e-02
4.45165785e-02
4.43731190e-02
4.42306862e-02
4.40892631e-02
4.39488342e-02
4.38093849e-02
4.36709018e-02
4.35333720e-02
4.32938423e-02
4.29974015e-02
4.27471054e-02
4.25751591e-02
4.24520291e-02
4.23345514e-02
4.22000283e-02
4.20491536e-02
4.18833015e-02
4.15771477e-02
4.12572498e-02
4.10117473e-02
4.08498917e-02
4.07324425e-02
4.06186209e-02
4.04891964e-02
4.03434433e-02
4.01876623e-02
4.00284854e-02
3.98719278e-02
3.97233427e-02
3.95857057e-02
3.94577927e-02
3.93346643e-02
3.92105687e-02
3.90821190e-02
3.89495693e-02
3.88157417e-02
3.86838125e-02
3.85555572e-02
3.84308883e-02
3.83084980e-02
3.81868799e-02
3.80650805e-02
3.79429322e-02
3.78208610e-02
3.76995095e-02
3.75793930e-02
3.74607100e-02
3.73433348e-02
3.72269475e-02
3.71112134e-02
3.69959269e-02
3.68810637e-02
3.67667402e-02
3.66531208e-02
3.65403273e-02
3.64283927e-02
3.63172678e-02
3.62068634e-02
3.60970992e-02
3.59879344e-02
3.58793726e-02
3.57714443e-02
3.56641824e-02
3.55576030e-02
3.54516994e-02
3.53464471e-02
3.52418173e-02
3.51377877e-02
3.50343487e-02
3.49315020e-02
3.48292546e-02
3.47276121e-02
3.46265739e-02
3.45261333e-02
3.44262791e-02
3.43270000e-02
3.42282868e-02
3.41301339e-02
3.40325382e-02
3.39354975e-02
3.38390090e-02
3.37430684e-02
3.36476701e-02
3.35528082e-02
3.34584770e-02
3.33646714e-02
3.32713873e-02
3.31786212e-02
3.30863693e-02
3.29946273e-02
3.29033908e-02
3.28126549e-02
3.27224148e-02
3.26326658e-02
3.25434037e-02
3.24546244e-02
3.23663240e-02
3.22784988e-02
3.21911448e-02
3.21042582e-02
3.20178349e-02
3.19318710e-02
3.18463627e-02
3.17613062e-02
3.16766977e-02
3.15925335e-02
3.15088100e-02
3.14255234e-02
3.13426701e-02
3.12602464e-02
3.11782488e-02
3.10966738e-02
3.10155179e-02
3.09347778e-02
3.08544500e-02
3.07745313e-02
3.06950183e-02
3.06159078e-02
3.05371965e-02
3.04588812e-02
3.03809586e-02
3.03034256e-02
3.02262791e-02
3.01495160e-02
3.00731332e-02
2.99971276e-02
2.99214962e-02
2.98462362e-02
2.97713444e-02
2.96968181e-02
2.96226544e-02
2.95488503e-02
2.94754031e-02
2.94023100e-02
2.93295682e-02
2.92571749e-02
2.91851275e-02
2.91134232e-02
2.90420594e-02
2.89710335e-02
2.89003427e-02
2.88299847e-02
2.87599566e-02
2.84632159e-02
2.78912675e-02
2.74013176e-02
2.71668579e-02
2.71294374e-02
2.71380727e-02
2.70932434e-02
2.69856850e-02
2.65021237e-02
2.58592485e-02
2.53103375e-02
2.46950820e-02
2.42497820e-02
2.40215687e-02
2.39265437e-02
2.38673317e-02
2.37902971e-02
2.36792356e-02
2.35355795e-02
2.33717907e-02
2.32106849e-02
2.30772460e-02
2.29841940e-02
2.29238504e-02
2.28741263e-02
2.28134166e-02
2.23853976e-02
2.18846503e-02
2.14544652e-02
2.08184939e-02
2.02816164e-02
2.00028930e-02
1.99353435e-02
1.99337257e-02
1.98852622e-02
1.97598625e-02
1.95879359e-02
1.94162823e-02
1.92770690e-02
1.91786833e-02
1.91113178e-02
1.90573853e-02
1.90008794e-02
1.89333612e-02
1.88555556e-02
1.87745561e-02
1.86984309e-02
1.86314120e-02
1.85723157e-02
1.85165085e-02
1.84594479e-02
1.83992607e-02
1.83370500e-02
1.82753714e-02
1.82163030e-02
1.81603619e-02
1.81066347e-02
1.80536675e-02
1.80003679e-02
1.79464253e-02
1.78921876e-02
1.78382535e-02
1.77850866e-02
1.77328377e-02
1.76813794e-02
1.76304574e-02
1.75798407e-02
1.75294047e-02
1.74791377e-02
1.74291000e-02
1.73793715e-02
1.73300139e-02
1.72810532e-02
1.72324810e-02
1.71842648e-02
1.71363621e-02
1.70887335e-02
1.70413520e-02
1.69942074e-02
1.69473054e-02
1.69006609e-02
1.68542894e-02
1.68081998e-02
1.67623908e-02
1.67168524e-02
1.66715709e-02
1.66265335e-02
1.65817331e-02
1.65371677e-02
1.64928392e-02
1.64487499e-02
1.64049003e-02
1.63612884e-02
1.63179099e-02
1.62747602e-02
1.62318354e-02
1.61891330e-02
1.61466514e-02
1.61043894e-02
1.60623457e-02
1.60205184e-02
1.59789049e-02
1.59375030e-02
1.58963104e-02
1.58553254e-02
1.58145465e-02
1.57739723e-02
1.57336014e-02
1.56934322e-02
1.56534629e-02
1.56136915e-02
1.55741163e-02
1.55347357e-02
1.54955481e-02
1.54565520e-02
1.54177461e-02
1.53791287e-02
1.53406983e-02
1.53024534e-02
1.52643922e-02
1.52265133e-02
1.51888154e-02
1.51512970e-02
1.51139568e-02
1.50767936e-02
1.50398061e-02
1.50029930e-02
1.49663528e-02
1.49298844e-02
1.48935862e-02
1.48574571e-02
1.48214957e-02
1.47857007e-02
1.47500709e-02
1.47146050e-02
1.46793017e-02
1.46441600e-02
1.46091785e-02
1.45743561e-02
1.45396915e-02
1.45051838e-02
1.42726961e-02
1.39769241e-02
1.37649975e-02
1.36630192e-02
1.36175086e-02
1.35792220e-02
1.35388601e-02
1.35081970e-02
1.34900483e-02
1.34702022e-02
1.34309112e-02
1.33663225e-02
1.32857660e-02
1.32057103e-02
1.31394078e-02
1.30915976e-02
1.30594264e-02
1.30363025e-02
1.30152758e-02
1.29908116e-02
1.29595217e-02
1.29205113e-02
1.28753588e-02
1.28274531e-02
1.27807126e-02
1.27381691e-02
1.27010293e-02
1.26685592e-02
1.26386922e-02
1.26089783e-02
1.23480320e-02
1.20379062e-02
1.18230171e-02
1.17189710e-02
1.16667216e-02
1.16198331e-02
1.15744760e-02
1.15444961e-02
1.15302809e-02
1.15136678e-02
1.14745809e-02
1.14072336e-02
1.13223211e-02
1.12376854e-02
1.11673953e-02
1.11165472e-02
1.10824462e-02
1.10585330e-02
1.10376668e-02
1.10138523e-02
1.09830963e-02
1.09439866e-02
1.08978586e-02
1.08481815e-02
1.07991965e-02
1.07543562e-02
1.07152463e-02
1.06813728e-02
1.06507315e-02
1.06207675e-02
1.05892968e-02
1.05551084e-02
1.05181476e-02
1.04793239e-02
1.04400691e-02
1.04018118e-02
1.03655358e-02
1.03315449e-02
1.02994779e-02
1.02685289e-02
1.02377695e-02
1.02064513e-02
1.01741970e-02
1.01410430e-02
1.01073474e-02
1.00736179e-02
1.00403261e-02
1.00077672e-02
9.97600130e-03
