1.1577087
1.0439266
0.82041314
0.50331889
0.13751344
-0.23496227
-0.56091867
-0.80889592
-1.0167613
-1.2367533
-1.4733556
-1.7211936
-1.839987
-1.8515185
-1.8437378
-1.869355
-1.9245818
-1.9977516
-2.0740074
-2.0967157
-2.102968
-2.0989919
-2.0973961
-2.1030965
-2.1132732
-2.1427804
-2.1798212
-2.2111679
-2.2286287
-2.2288664
-2.2311232
-2.238017
-2.2479049
-2.2626628
-2.2805716
-2.2920835
-2.2908141
-2.2882784
-2.2897055
-2.2966615
-2.3060432
-2.315057
-2.3246294
-2.3325384
-2.3352881
-2.3354241
-2.3364908
-2.3392859
-2.34311
-2.346402
-2.3486761
-2.3502654
-2.3519838
-2.3547816
-2.3585686
-2.3629681
-2.3670124
-2.3703329
-2.3729686
-2.3747563
-2.3759016
-2.377415
-2.3792123
-2.3812963
-2.3836627
-2.3859775
-2.3876461
-2.3887856
-2.3899839
-2.3914194
-2.3929952
-2.3947037
-2.3966123
-2.3986005
-2.4005689
-2.4023849
-2.4037611
-2.4050483
-2.4064194
-2.4078543
-2.4093157
-2.4106956
-2.412019
-2.4133004
-2.4145988
-2.4158943
-2.4171876
-2.4185122
-2.4198564
-2.4211992
-2.4225267
-2.4238324
-2.4251146
-2.4263963
-2.4276562
-2.4288931
-2.4300995
-2.4312871
-2.4324619
-2.4336333
-2.4348044
-2.435974
-2.4371403
-2.4382959
-2.4394429
-2.4405786
-2.4417017
-2.4428148
-2.4439211
-2.4450204
-2.4461096
-2.447188
-2.4482579
-2.4493203
-2.4503761
-2.4514271
-2.4524729
-2.453513
-2.4545463
-2.4555712
-2.4565887
-2.4575987
-2.458602
-2.4595992
-2.4605905
-2.4615757
-2.4625544
-2.4635268
-2.4644929
-2.4654527
-2.4664064
-2.4668149
-2.4671148
-2.4676282
-2.4683874
-2.4693847
-2.4705781
-2.4719038
-2.4731751
-2.47429
-2.4745549
-2.4745874
-2.4748787
-2.4755198
-2.4764992
-2.477755
-2.4791975
-2.4805634
-2.4817704
-2.4824498
-2.4828773
-2.4834241
-2.4841251
-2.4849939
-2.4859963
-2.4870374
-2.4880416
-2.4887668
-2.4893746
-2.4900014
-2.4907166
-2.4915141
-2.4923726
-2.4932589
-2.4941229
-2.4948976
-2.4955483
-2.4961821
-2.4968502
-2.4975538
-2.4982865
-2.4990375
-2.4997908
-2.5004885
-2.5011784
-2.5018491
-2.5025026
-2.503163
-2.5038358
-2.5045134
-2.5051936
-2.5058656
-2.5065231
-2.5071656
-2.5077998
-2.5084304
-2.5090607
-2.5096914
-2.5103216
-2.5109472
-2.51157
-2.5121887
-2.5128028
-2.5134124
-2.5140175
-2.5146193
-2.5152187
-2.5158138
-2.5164048
-2.5169921
-2.5175758
-2.5181561
-2.5187332
-2.5193074
-2.5198788
-2.5204472
-2.5210126
-2.5215749
-2.5221338
-2.5226894
-2.5232418
-2.5237909
-2.5243368
-2.5248797
-2.5254196
-2.5259565
-2.5264906
-2.5270217
-2.52755
-2.5280755
-2.5285982
-2.529118
-2.5296351
-2.5301495
-2.530661
-2.5311697
-2.5316757
-2.532179
-2.5326795
-2.5331774
-2.5336727
-2.5341654
-2.5346555
-2.535143
-2.535628
-2.5361105
-2.5365905
-2.537068
-2.537543
-2.5380155
-2.5384856
-2.5389533
-2.5394185
-2.5398814
-2.5403419
-2.5408
-2.5412558
-2.5417093
-2.5421605
-2.5426095
-2.5430562
-2.5435006
-2.5439429
-2.5443829
-2.5448207
-2.5452563
-2.5456898
-2.5461211
-2.5465503
-2.5469774
-2.5474024
-2.5478253
-2.5482461
-2.5486649
-2.5490816
-2.5494963
-2.5493817
-2.5487938
-2.5485007
-2.5485501
-2.5489291
-2.5495765
-2.5503961
-2.5512169
-2.5510941
-2.5508984
-2.5506134
-2.5495461
-2.5491358
-2.5494787
-2.5503908
-2.5513812
-2.5526158
-2.5539541
-2.5545288
-2.5542969
-2.5540377
-2.5539607
-2.5541738
-2.5546575
-2.5553408
-2.5561461
-2.5559385
-2.5558423
-2.5556049
-2.5547787
-2.554471
-2.5547236
-2.5553957
-2.5562473
-2.5571695
-2.5579181
-2.5581557
-2.5581773
-2.5582642
-2.5582668
-2.558439
-2.5588681
-2.559458
-2.5599399
-2.560219
-2.5604249
-2.5605209
-2.5607083
-2.5609932
-2.5612803
-2.5615886
-2.5618343
-2.5619672
-2.562068
-2.5622326
-2.5624604
-2.5627477
-2.5630579
-2.5633075
-2.5634715
-2.5636267
-2.5637531
-2.563901
-2.564077
-2.5642703
-2.5644734
-2.5646619
-2.56485
-2.5650193
-2.5651556
-2.5652929
-2.5654339
-2.5655798
-2.565733
-2.5658941
-2.5660597
-2.5662259
-2.5663892
-2.5665462
-2.5666923
-2.5668383
-2.5669798
-2.5671183
-2.5672601
-2.5674039
-2.567548
-2.5676913
-2.5678329
-2.5679738
-2.5681117
-2.5682458
-2.5683797
-2.5685142
-2.5686492
-2.5687844
-2.5689194
-2.5690533
-2.5691857
-2.5693169
-2.5694476
-2.569577
-2.5697059
-2.5698328
-2.5699586
-2.5700843
-2.5702099
-2.5703353
-2.5704606
-2.5705854
-2.5707094
-2.5708313
-2.5709525
-2.5710731
-2.5711933
-2.571313
-2.5714323
-2.5715511
-2.5716695
-2.5717874
-2.5719048
-2.5720215
-2.5721376
-2.5722528
-2.5723673
-2.5724813
-2.5725949
-2.5727078
-2.5728202
-2.5729321
-2.5730434
-2.5731541
-2.5732641
-2.5733736
-2.5734826
-2.5735911
-2.5736991
-2.5738067
-2.5739138
-2.5740204
-2.5741264
-2.5742319
-2.5738306
-2.5734132
-2.573117
-2.572971
-2.5729847
-2.5731512
-2.57345
-2.5738499
-2.5742785
-2.5746988
-2.5751168
-2.5750006
-2.5747578
-2.5746115
-2.5745861
-2.5746751
-2.5748585
-2.5751088
-2.5753969
-2.5756974
-2.5759799
-2.5760375
-2.575954
-2.5758974
-2.5758891
-2.5759334
-2.5760278
-2.5761648
-2.576335
-2.5765282
-2.5762167
-2.575927
-2.5756248
-2.5754127
-2.5753641
-2.5754768
-2.5757324
-2.5760981
-2.5764984
-2.5769048
-2.5773228
-2.5772358
-2.5770304
-2.5768309
-2.5767463
-2.5767792
-2.5769128
-2.5771225
-2.5773817
-2.5776643
-2.5779347
-2.5780031
-2.5779633
-2.577922
-2.5778868
-2.577882
-2.5779292
-2.5780242
-2.5781562
-2.5783196
-2.5785038
-2.5786923
-2.578774
-2.5787797
-2.5787664
-2.5787547
-2.5787681
-2.5788119
-2.5788852
-2.5789835
-2.5790996
-2.5792242
-2.5793198
-2.5793573
-2.5793757
-2.5793987
-2.5794271
-2.5794636
-2.5795161
