3.2157598
3.1019777
2.8784642
2.56137
2.1955645
1.8230888
1.4971324
1.2491552
1.0412898
0.82129775
0.58469544
0.33685752
0.21806412
0.20653258
0.21431329
0.18869608
0.1334693
0.060299458
0.015956343
0.038664598
0.044916872
0.04094084
0.039345005
0.045045418
0.055222061
0.084729311
0.12177012
0.1531168
0.17057763
0.17081529
0.17307209
0.17996594
0.18985384
0.20461169
0.22252051
0.23403243
0.23276304
0.23022729
0.23165445
0.23861039
0.24799211
0.25700586
0.26657829
0.27448731
0.27723702
0.277373
0.27843971
0.28123482
0.2850589
0.28835093
0.29062503
0.29221434
0.29393272
0.29673056
0.30051751
0.30491697
0.30896128
0.31228182
0.31491746
0.31670524
0.31785051
0.3193639
0.32116123
0.32324522
0.3256116
0.32792636
0.32959497
0.33073448
0.33193286
0.33336832
0.33494414
0.33665263
0.3385612
0.34054939
0.34251776
0.34433379
0.34571002
0.34699722
0.34836832
0.34980319
0.35126462
0.35264448
0.35396791
0.35524936
0.35654772
0.35784318
0.35913647
0.3604611
0.36180528
0.36314812
0.36447557
0.36578128
0.36706356
0.36834524
0.36960514
0.37084198
0.37204844
0.373236
0.37441077
0.37558222
0.37675336
0.37792295
0.37908923
0.38024483
0.3813918
0.38252751
0.38365065
0.38476371
0.38587002
0.38696931
0.38805851
0.38913688
0.39020678
0.39126923
0.39232499
0.39337599
0.39442184
0.39546195
0.3964952
0.39752008
0.39853765
0.3995476
0.40055087
0.4015481
0.40253944
0.4035246
0.40450335
0.40547571
0.40644176
0.40740159
0.40835526
0.40876385
0.40906367
0.40957714
0.41033635
0.41133361
0.41252702
0.41385267
0.41512403
0.41623894
0.41650384
0.41653632
0.41682765
0.41746874
0.4184481
0.41970387
0.42114639
0.42251226
0.42371935
0.42439876
0.42482623
0.42537298
0.42607403
0.42694283
0.42794524
0.42898633
0.42999052
0.43071569
0.43132356
0.43195032
0.43266547
0.43346296
0.43432154
0.43520779
0.4360718
0.43684647
0.43749719
0.43813097
0.43879914
0.43950274
0.44023539
0.44098639
0.44173975
0.44243744
0.44312732
0.44379803
0.44445153
0.44511194
0.44578472
0.4464623
0.44714246
0.44781454
0.44847202
0.44911446
0.44974868
0.45037928
0.45100964
0.45164032
0.4522705
0.45289615
0.45351892
0.45413761
0.45475172
0.45536132
0.45596638
0.4565682
0.45716759
0.45776268
0.45835372
0.458941
0.45952467
0.46010497
0.46068212
0.46125633
0.46182767
0.46239611
0.46296153
0.46352377
0.46408272
0.46463834
0.46519067
0.46573976
0.46628572
0.46682862
0.46736851
0.46790545
0.46843947
0.46897061
0.46949891
0.47002438
0.47054706
0.47106695
0.47158406
0.47209837
0.4726099
0.47311865
0.47362464
0.47412789
0.47462845
0.47512635
0.47562162
0.4761143
0.47660439
0.47709194
0.47757694
0.47805943
0.4785394
0.47901688
0.47949189
0.47996442
0.48043451
0.48090217
0.48136742
0.48183028
0.48229076
0.4827489
0.48320472
0.48365823
0.48410945
0.4845584
0.48500509
0.48544954
0.48589177
0.48633179
0.48676961
0.48720525
0.48763873
0.48807005
0.48849925
0.48892632
0.4893513
0.48977419
0.49019501
0.49061378
0.4910305
0.4914452
0.4913306
0.49074271
0.49044965
0.49049898
0.49087805
0.49152538
0.49234497
0.49316578
0.49304296
0.49284736
0.49256235
0.49149504
0.49108472
0.49142759
0.49233972
0.4933301
0.49456471
0.49590297
0.49647773
0.49624582
0.49598661
0.49590957
0.49612267
0.49660637
0.49728967
0.49809504
0.49788739
0.49779125
0.49755385
0.4967276
0.4964199
0.49667255
0.49734461
0.49819618
0.49911845
0.49986702
0.50010466
0.50012621
0.50021313
0.50021571
0.50038791
0.50081701
0.50140696
0.50188883
0.50216787
0.50237382
0.50246976
0.50265722
0.50294209
0.50322925
0.50353753
0.50378321
0.50391609
0.50401692
0.50418147
0.50440934
0.50469656
0.50500683
0.5052564
0.50542037
0.5055756
0.50570196
0.50584991
0.50602588
0.5062192
0.50642234
0.5066108
0.50679891
0.50696822
0.50710456
0.50724182
0.50738284
0.5075287
0.50768194
0.50784297
0.50800859
0.50817482
0.50833808
0.50849515
0.50864122
0.50878723
0.50892871
0.50906724
0.50920899
0.5093528
0.50949692
0.5096402
0.50978184
0.50992274
0.51006062
0.51019471
0.51032858
0.51046316
0.51059811
0.51073327
0.51086826
0.51100224
0.51113456
0.51126582
0.51139647
0.51152595
0.51165482
0.51178167
0.51190751
0.51203318
0.51215876
0.51228423
0.51240946
0.51253432
0.51265828
0.51278018
0.51290139
0.51302206
0.51314221
0.51326191
0.51338117
0.51350001
0.51361841
0.51373631
0.51385367
0.51397042
0.51408651
0.51420167
0.51431622
0.51443026
0.51454378
0.51465674
0.51476915
0.514881
0.51499227
0.51510298
0.515213
0.51532249
0.51543149
0.51554001
0.51564804
0.51575561
0.51586269
0.51596929
0.51607536
0.51618082
0.51577955
0.51536215
0.51506587
0.51491987
0.51493356
0.51510008
0.51539894
0.51579878
0.5162274
0.51664769
0.51706572
0.51694948
0.51670674
0.51656037
0.51653496
0.51662404
0.5168074
0.51705767
0.51734581
0.51764634
0.51792878
0.51798637
0.51790294
0.51784629
0.51783806
0.51788236
0.51797674
0.51811368
0.51828391
0.51847714
0.51816561
0.51787595
0.51757375
0.51736163
0.51731297
0.51742569
0.51768127
0.51804697
0.51844734
0.51885374
0.51927173
0.51918471
0.51897929
0.51877979
0.51869522
0.51872816
0.51886171
0.51907142
0.51933059
0.51961318
0.51988361
0.51995199
0.51991221
0.51987095
0.51983573
0.51983094
0.51987807
0.51997308
0.52010512
0.52026851
0.52045272
0.52064116
0.52072287
0.52072856
0.52071531
0.52070356
0.52071698
0.52076081
0.52083413
0.52093239
0.52104847
0.52117312
0.52126868
0.52130621
0.52132459
0.52134757
0.52137602
0.52141253
0.52146502
