4.92215259e-01
3.41285862e-01
2.53992279e-01
2.43086486e-01
2.51018594e-01
2.46849049e-01
2.32249782e-01
2.14435566e-01
1.99870166e-01
1.90638948e-01
1.84764702e-01
1.79650230e-01
1.74254755e-01
1.68867808e-01
1.64079982e-01
1.60066511e-01
1.56598535e-01
1.53365184e-01
1.50208061e-01
1.47117341e-01
1.44220026e-01
1.41532220e-01
1.39042420e-01
1.36684895e-01
1.34427270e-01
1.32272612e-01
1.30217017e-01
1.28260451e-01
1.26372905e-01
1.24542221e-01
1.22767633e-01
1.21038245e-01
1.19370921e-01
1.17772756e-01
1.16228156e-01
1.14725790e-01
1.13265721e-01
1.11840177e-01
1.10427301e-01
1.09006743e-01
1.07608943e-01
1.06277602e-01
1.05004637e-01
1.03767351e-01
1.02560815e-01
1.01384905e-01
1.00234837e-01
9.91230419e-02
9.80334775e-02
9.69368646e-02
9.58594313e-02
9.48212718e-02
9.38182707e-02
9.28353359e-02
9.18575300e-02
9.08889769e-02
8.99473577e-02
8.90353250e-02
8.81404854e-02
8.72602236e-02
8.63980725e-02
8.55565279e-02
8.47351348e-02
8.39285168e-02
8.31397707e-02
8.23662736e-02
8.15975781e-02
8.08362777e-02
8.00775828e-02
7.93294312e-02
7.85865205e-02
7.78525641e-02
7.71147750e-02
7.63654186e-02
7.56401148e-02
7.49502988e-02
7.42768487e-02
7.36071295e-02
7.29333583e-02
7.22640352e-02
7.16062118e-02
7.09447337e-02
7.02905176e-02
6.96535911e-02
6.90458992e-02
6.84457458e-02
6.78470636e-02
6.72572712e-02
6.66764219e-02
6.60949194e-02
6.55092130e-02
6.49339149e-02
6.43626561e-02
6.37961799e-02
6.32507011e-02
6.27120633e-02
6.21699293e-02
6.16326722e-02
6.11045319e-02
6.05684328e-02
6.00212225e-02
5.94879169e-02
5.89747396e-02
5.84886267e-02
5.80113602e-02
5.75301604e-02
5.70369323e-02
5.65455863e-02
5.60691151e-02
5.55934187e-02
5.51204412e-02
5.46391996e-02
5.41649447e-02
5.37152616e-02
5.32898751e-02
5.28645337e-02
5.24203386e-02
5.19715414e-02
5.15331275e-02
5.11057846e-02
5.06794530e-02
5.02545753e-02
4.98468720e-02
4.94601164e-02
4.90888680e-02
4.87216699e-02
4.83542088e-02
4.79764948e-02
4.76013574e-02
4.72382126e-02
4.68874832e-02
4.65439847e-02
4.62026513e-02
4.58625233e-02
4.55312989e-02
4.52108777e-02
4.48957136e-02
4.45855668e-02
4.42796607e-02
4.39754919e-02
4.36724174e-02
4.33734413e-02
4.30789637e-02
4.27880097e-02
4.25012613e-02
4.22154809e-02
4.19326767e-02
4.16510692e-02
4.13626192e-02
4.10568381e-02
4.07387785e-02
4.04364156e-02
4.01593570e-02
3.99000498e-02
3.96354588e-02
3.93530935e-02
3.90677140e-02
3.87957977e-02
3.85388110e-02
3.82882794e-02
3.80385293e-02
3.77877049e-02
3.75367562e-02
3.72856576e-02
3.70397139e-02
3.68005437e-02
3.65650910e-02
3.63315108e-02
3.60940995e-02
3.58602812e-02
3.56308449e-02
3.53901065e-02
3.51504905e-02
3.49150058e-02
3.46899343e-02
3.44406993e-02
3.41486447e-02
3.38592768e-02
3.36063122e-02
3.33896651e-02
3.31917641e-02
3.29891683e-02
3.27743172e-02
3.25497752e-02
3.23290511e-02
3.21216190e-02
3.19269431e-02
3.17396963e-02
3.15490008e-02
3.13560920e-02
3.11650454e-02
3.09791488e-02
3.07980459e-02
3.06192694e-02
3.04403932e-02
3.02594230e-02
3.00764889e-02
2.98890046e-02
2.97043129e-02
2.95280579e-02
2.93597983e-02
2.91942496e-02
2.90230383e-02
2.88406687e-02
2.86513295e-02
2.84639763e-02
2.82849834e-02
2.81190190e-02
2.79606872e-02
2.78057226e-02
2.76507406e-02
2.74948047e-02
2.73331999e-02
2.71683926e-02
2.69587347e-02
2.67431661e-02
2.65448370e-02
2.63760106e-02
2.62241526e-02
2.60716694e-02
2.59099596e-02
2.57426839e-02
2.55705911e-02
2.53860130e-02
2.52027779e-02
2.50344468e-02
2.48831632e-02
2.47429597e-02
2.45914329e-02
2.44323368e-02
2.42799425e-02
2.41359716e-02
2.39983678e-02
2.38641801e-02
2.37319556e-02
2.36007335e-02
2.34705079e-02
2.33423741e-02
2.32166668e-02
2.30928208e-02
2.29673266e-02
2.28365402e-02
2.26991470e-02
2.25549095e-02
2.24200089e-02
2.22963344e-02
2.21766581e-02
2.20497331e-02
2.19182279e-02
2.17916533e-02
2.16714041e-02
2.15573838e-02
2.14479084e-02
2.13398145e-02
2.12308451e-02
2.11172145e-02
2.10005963e-02
2.08865168e-02
2.07701733e-02
2.06544655e-02
2.05438138e-02
2.04404614e-02
2.03422181e-02
2.02442204e-02
2.01412709e-02
2.00361681e-02
1.99331779e-02
1.98326984e-02
1.97325132e-02
1.96330081e-02
1.95356093e-02
1.94406497e-02
1.93468976e-02
1.92492179e-02
1.91508100e-02
1.90545818e-02
1.89616317e-02
1.88713472e-02
1.87820230e-02
1.86920658e-02
1.86016733e-02
1.85065295e-02
1.84109019e-02
1.83180460e-02
1.82297291e-02
1.81409823e-02
1.80485000e-02
1.79568889e-02
1.78692132e-02
1.77856006e-02
1.77035986e-02
1.76183846e-02
1.75290504e-02
1.74399115e-02
1.73538861e-02
1.72632054e-02
1.71647459e-02
1.70704721e-02
1.69866328e-02
1.69093261e-02
1.68348351e-02
1.67568316e-02
1.66744892e-02
1.65922395e-02
1.65127257e-02
1.64359475e-02
1.63607420e-02
1.62863098e-02
1.62126357e-02
1.61397281e-02
1.60666525e-02
1.59942121e-02
1.59168392e-02
1.58345311e-02
1.57545506e-02
1.56804752e-02
1.56114841e-02
1.55444969e-02
1.54770012e-02
1.54086274e-02
1.53401234e-02
1.52718403e-02
1.52041448e-02
1.51371319e-02
1.50707741e-02
1.50050206e-02
1.49397632e-02
1.48750314e-02
1.48108308e-02
1.47471503e-02
1.46839410e-02
1.46211343e-02
1.45585911e-02
1.44952883e-02
1.44313404e-02
1.43668517e-02
1.43031836e-02
1.42410621e-02
1.41803733e-02
1.41205703e-02
1.40610912e-02
1.40016111e-02
1.39420813e-02
1.38826411e-02
1.38234888e-02
1.37647688e-02
1.37063756e-02
1.36483689e-02
1.35907533e-02
1.35333385e-02
1.34761935e-02
1.34186903e-02
1.33536971e-02
1.32859128e-02
1.32207348e-02
1.31604608e-02
1.31046892e-02
1.30511941e-02
1.29979858e-02
1.29439664e-02
1.28890934e-02
1.28337885e-02
1.27785764e-02
1.27238732e-02
1.26698774e-02
1.26106809e-02
1.25457529e-02
1.24830871e-02
1.24256115e-02
1.23716036e-02
1.23140744e-02
1.22485668e-02
1.21841622e-02
1.21269182e-02
1.20763805e-02
1.20283091e-02
1.19790506e-02
1.19275698e-02
1.18748296e-02
1.18221722e-02
1.17702756e-02
1.17191330e-02
1.16685435e-02
1.16086261e-02
1.15389892e-02
1.14709390e-02
1.14079798e-02
1.13551805e-02
1.13097860e-02
1.12658085e-02
1.12190238e-02
1.11690755e-02
1.11183739e-02
1.10696550e-02
1.10236944e-02
1.09794351e-02
1.09353133e-02
1.08903962e-02
1.08446338e-02
1.07978829e-02
1.07502617e-02
1.06990209e-02
1.06484976e-02
1.06014594e-02
1.05580010e-02
1.05164273e-02
1.04748289e-02
1.04320650e-02
1.03881895e-02
1.03440109e-02
1.02997754e-02
1.02550352e-02
1.02083926e-02
1.01616945e-02
1.01173186e-02
1.00753472e-02
1.00343706e-02
9.99301949e-03
