-968.13227
-968.09778
-968.10107
-968.13471
-968.17992
-968.21612
-968.23347
-968.24141
-968.2497
-968.2619
-968.2765
-968.28973
-968.29906
-968.30612
-968.31311
-968.32079
-968.3287
-968.33589
-968.34187
-968.34718
-968.35252
-968.35812
-968.36381
-968.3693
-968.37445
-968.37934
-968.3841
-968.38879
-968.39338
-968.39783
-968.4021
-968.40624
-968.4103
-968.41431
-968.41826
-968.42214
-968.42594
-968.42965
-968.4333
-968.43688
-968.4404
-968.44386
-968.44725
-968.45058
-968.45385
-968.45708
-968.46025
-968.46338
-968.46647
-968.46951
-968.4725
-968.47545
-968.47836
-968.48122
-968.48405
-968.48685
-968.48961
-968.49234
-968.49504
-968.4977
-968.50033
-968.50293
-968.5055
-968.50804
-968.51054
-968.51302
-968.51548
-968.51791
-968.52032
-968.5227
-968.52506
-968.52739
-968.5297
-968.53198
-968.53424
-968.53648
-968.53869
-968.54088
-968.54305
-968.54519
-968.54731
-968.54941
-968.55148
-968.55354
-968.55557
-968.55758
-968.55957
-968.56153
-968.56348
-968.56541
-968.56733
-968.56922
-968.5711
-968.57296
-968.5748
-968.57663
-968.57844
-968.58024
-968.58202
-968.58379
-968.58553
-968.58726
-968.58898
-968.59068
-968.59236
-968.59404
-968.59569
-968.59733
-968.59896
-968.60057
-968.60216
-968.60375
-968.60531
-968.60687
-968.60841
-968.60993
-968.61144
-968.61294
-968.61443
-968.61591
-968.61738
-968.61883
-968.62027
-968.6217
-968.62311
-968.62451
-968.6259
-968.62728
-968.62865
-968.63001
-968.63136
-968.6327
-968.63403
-968.63535
-968.63666
-968.63795
-968.63924
-968.64052
-968.64179
-968.64305
-968.6443
-968.64553
-968.64676
-968.64797
-968.64917
-968.65037
-968.65156
-968.65274
-968.65391
-968.65507
-968.65622
-968.65736
-968.6585
-968.65963
-968.66075
-968.66186
-968.66297
-968.66407
-968.66515
-968.66624
-968.66731
-968.66837
-968.66943
-968.67048
-968.67152
-968.67255
-968.67358
-968.6746
-968.67561
-968.67661
-968.6776
-968.67859
-968.67957
-968.68055
-968.68152
-968.68249
-968.68345
-968.6844
-968.68535
-968.68629
-968.68723
-968.68816
-968.68908
-968.68999
-968.69091
-968.69181
-968.69271
-968.6936
-968.69449
-968.69537
-968.69625
-968.69712
-968.69799
-968.69885
-968.6997
-968.70055
-968.70139
-968.70223
-968.70307
-968.7039
-968.70473
-968.70555
-968.70637
-968.70718
-968.70799
-968.7088
-968.7096
-968.71039
-968.71118
-968.71197
-968.71275
-968.71353
-968.71431
-968.71507
-968.71584
-968.7166
-968.71736
-968.71811
-968.71886
-968.7196
-968.72035
-968.72109
-968.72182
-968.72255
-968.72328
-968.724
-968.72472
-968.72544
-968.72615
-968.72686
-968.72756
-968.72826
-968.72896
-968.72966
-968.73035
-968.73103
-968.73172
-968.7324
-968.73307
-968.73375
-968.73442
-968.73509
-968.73575
-968.73641
-968.73707
-968.73772
-968.73837
-968.73902
-968.73967
-968.74031
-968.74095
-968.74159
-968.74222
-968.74286
-968.74349
-968.74411
-968.74473
-968.74535
-968.74597
-968.74658
-968.74719
-968.7478
-968.74841
-968.74901
-968.74961
-968.75021
-968.7508
-968.7514
-968.75199
-968.75257
-968.75316
-968.75374
-968.75432
-968.7549
-968.75547
-968.75604
-968.75661
-968.75718
-968.75775
-968.75831
-968.75886
-968.75942
-968.75997
-968.76053
-968.76108
-968.76162
-968.76217
-968.76271
-968.76325
-968.76379
-968.76433
-968.76486
-968.7654
-968.76593
-968.76645
-968.76698
-968.7675
-968.76802
-968.76854
-968.76905
-968.76956
-968.77008
-968.77059
-968.7711
-968.7716
-968.77211
-968.77261
-968.77311
-968.77361
-968.77411
-968.7746
-968.77509
-968.77558
-968.77607
-968.77655
-968.77703
-968.77751
-968.77799
-968.77847
-968.77895
-968.77942
-968.77989
-968.78036
-968.78083
-968.7813
-968.78176
-968.78223
-968.78269
-968.78315
-968.78361
-968.78406
-968.78451
-968.78497
-968.78542
-968.78587
-968.78631
-968.78676
-968.7872
-968.78765
-968.78809
-968.78853
-968.78896
-968.7894
-968.78983
-968.79026
-968.79069
-968.79112
-968.79155
-968.79197
-968.7924
-968.79282
-968.79324
-968.79367
-968.79408
-968.7945
-968.79492
-968.79533
-968.79575
-968.79616
-968.79657
-968.79697
-968.79738
-968.79778
-968.79819
-968.79859
-968.79899
-968.79939
-968.79979
-968.80019
-968.80059
-968.80098
-968.80137
-968.80176
-968.80215
-968.80254
-968.80293
-968.80332
-968.8037
-968.80408
-968.80447
-968.80485
-968.80523
-968.80561
-968.80598
-968.80636
-968.80673
-968.80711
-968.80748
-968.80785
-968.80822
-968.80859
-968.80895
-968.80932
-968.80968
-968.81004
-968.8104
-968.81077
-968.81113
-968.81148
-968.81184
-968.81219
-968.81255
-968.8129
-968.81325
-968.81361
-968.81396
-968.81431
-968.81465
-968.815
-968.81535
-968.81569
-968.81604
-968.81638
-968.81672
-968.81706
-968.8174
-968.81774
-968.81808
-968.81841
-968.81875
-968.81908
-968.81941
-968.81974
-968.82007
-968.8204
-968.82073
-968.82106
-968.82139
-968.82171
-968.82203
-968.82236
-968.82268
-968.823
-968.82332
-968.82364
-968.82396
-968.82428
-968.82459
-968.82491
-968.82522
-968.82553
-968.82585
-968.82616
-968.82647
-968.82678
-968.82709
-968.8274
-968.8277
-968.82801
-968.82831
-968.82862
-968.82892
-968.82922
-968.82953
-968.82983
-968.83013
-968.83042
-968.83072
-968.83102
-968.83132
-968.83161
-968.83191
-968.8322
-968.83249
-968.83278
-968.83307
-968.83336
-968.83365
-968.83394
-968.83423
-968.83451
-968.8348
-968.83508
-968.83537
-968.83565
-968.83593
-968.83621
-968.83649
-968.83677
-968.83705
-968.83733
-968.83761
-968.83789
-968.83816
-968.83844
-968.83871
-968.83899
-968.83926
-968.83953
-968.8398
-968.84007
-968.84034
-968.84061
-968.84088
-968.84114
-968.84141
-968.84168
-968.84194
-968.8422
-968.84247
-968.84273
-968.84299
-968.84325
-968.84351
-968.84377
-968.84403
-968.84429
-968.84455
-968.84481
-968.84506
-968.84532
-968.84557
-968.84583
-968.84608
-968.84633
-968.84658
-968.84684
-968.84709
-968.84734
-968.84758
-968.84783
-968.84808
-968.84833
-968.84857
-968.84882
-968.84906
-968.8493
-968.84955
-968.84979
-968.85003
-968.85027
-968.85051
-968.85075
-968.85099
-968.85123
-968.85147
-968.85171
-968.85194
-968.85218
-968.85241
-968.85265
-968.85288
-968.85311
-968.85335
-968.85358
-968.85381
-968.85404
-968.85427
-968.8545
-968.85473
-968.85496
-968.85518
-968.85541
-968.85564
-968.85586
-968.85608
-968.85631
-968.85653
-968.85675
-968.85698
-968.8572
-968.85742
-968.85764
-968.85786
-968.85808
-968.8583
-968.85851
-968.85873
-968.85895
-968.85916
-968.85938
-968.8596
-968.85981
-968.86003
-968.86024
-968.86045
-968.86067
-968.86088
-968.86109
-968.8613
-968.86151
-968.86172
-968.86193
-968.86214
-968.86235
-968.86255
-968.86276
-968.86297
-968.86317
-968.86338
-968.86358
-968.86379
-968.86399
-968.86419
-968.8644
-968.8646
-968.8648
-968.865
-968.8652
-968.8654
-968.8656
-968.8658
-968.866
-968.86619
-968.86639
-968.86659
-968.86678
-968.86698
-968.86717
-968.86737
-968.86756
-968.86776
-968.86795
-968.86814
-968.86833
-968.86852
-968.86871
-968.8689
-968.86909
-968.86928
-968.86947
-968.86966
-968.86985
-968.87004
-968.87022
-968.87041
-968.87059
-968.87078
-968.87097
-968.87115
-968.87134
-968.87152
-968.8717
-968.87188
-968.87206
-968.87225
-968.87243
-968.87261
-968.87279
-968.87297
-968.87314
-968.87332
-968.8735
-968.87368
-968.87386
-968.87403
-968.87421
-968.87438
-968.87456
-968.87474
-968.87491
-968.87508
-968.87526
-968.87543
-968.8756
-968.87578
-968.87595
-968.87612
-968.87629
-968.87646
-968.87663
-968.8768
-968.87697
-968.87714
-968.87731
-968.87747
-968.87764
-968.87781
-968.87797
-968.87814
-968.87831
-968.87847
-968.87864
-968.8788
-968.87896
-968.87913
-968.87929
-968.87945
-968.87961
-968.87978
-968.87994
-968.8801
-968.88026
-968.88042
-968.88058
-968.88074
-968.8809
-968.88106
-968.88121
-968.88137
-968.88153
-968.88168
-968.88184
-968.88199
-968.88215
-968.8823
-968.88246
-968.88261
-968.88277
-968.88292
-968.88307
-968.88322
-968.88338
-968.88353
-968.88368
-968.88383
-968.88398
-968.88413
-968.88428
-968.88443
-968.88458
-968.88473
-968.88488
-968.88502
-968.88517
-968.88532
-968.88547
-968.88561
-968.88576
-968.8859
-968.88605
-968.88619
-968.88634
-968.88648
-968.88663
-968.88677
-968.88691
-968.88706
-968.8872
-968.88734
-968.88748
-968.88762
-968.88777
-968.88791
-968.88805
-968.88819
-968.88833
-968.88847
-968.88861
-968.88875
-968.88888
-968.88902
-968.88916
-968.8893
-968.88943
-968.88957
-968.88971
-968.88984
-968.88998
-968.89011
-968.89025
-968.89038
-968.89052
-968.89065
-968.89079
-968.89092
-968.89105
-968.89119
-968.89132
-968.89145
-968.89158
-968.89171
-968.89184
-968.89198
-968.89211
-968.89224
-968.89237
-968.8925
-968.89263
-968.89276
-968.89288
-968.89301
-968.89314
-968.89327
-968.89339
-968.89352
-968.89365
-968.89378
-968.8939
-968.89403
-968.89415
-968.89428
-968.8944
-968.89453
-968.89465
-968.89478
-968.8949
-968.89503
-968.89515
-968.89527
-968.89539
-968.89552
-968.89564
-968.89576
-968.89588
-968.896
-968.89612
-968.89624
-968.89636
-968.89648
-968.8966
-968.89672
-968.89684
-968.89696
-968.89708
-968.8972
-968.89732
-968.89743
-968.89755
-968.89767
-968.89779
-968.8979
-968.89802
-968.89814
-968.89825
-968.89837
-968.89849
-968.8986
-968.89872
-968.89883
-968.89894
-968.89906
-968.89917
-968.89929
-968.8994
-968.89951
-968.89963
-968.89974
-968.89985
-968.89996
-968.90008
-968.90019
-968.9003
-968.90041
-968.90052
-968.90063
-968.90074
-968.90085
-968.90096
-968.90107
-968.90118
-968.90129
-968.9014
-968.90151
-968.90162
-968.90172
-968.90183
-968.90194
-968.90205
-968.90216
-968.90226
-968.90237
-968.90248
-968.90258
-968.90269
-968.90279
-968.9029
-968.903
-968.90311
-968.90321
-968.90332
-968.90342
-968.90353
-968.90363
-968.90373
-968.90384
-968.90394
-968.90404
-968.90415
-968.90425
-968.90435
-968.90445
-968.90456
-968.90466
-968.90476
-968.90486
-968.90496
-968.90506
-968.90516
-968.90526
-968.90536
-968.90546
-968.90556
-968.90566
-968.90576
-968.90586
-968.90596
-968.90606
-968.90615
-968.90625
-968.90635
-968.90645
-968.90655
-968.90664
-968.90674
-968.90684
-968.90693
-968.90703
-968.90712
-968.90722
-968.90732
-968.90741
-968.90751
-968.9076
-968.9077
-968.90779
-968.90788
-968.90798
-968.90807
-968.90817
-968.90826
-968.90836
-968.90845
-968.90854
-968.90864
-968.90873
-968.90882
-968.90891
-968.90901
-968.9091
-968.90919
-968.90928
-968.90937
-968.90946
-968.90955
-968.90964
-968.90973
-968.90982
-968.90991
-968.91
-968.91009
-968.91018
-968.91027
-968.91036
-968.91045
-968.91054
-968.91063
-968.91072
-968.91081
-968.9109
-968.91099
-968.91107
-968.91116
-968.91125
-968.91134
-968.91143
-968.91151
-968.9116
-968.91169
-968.91177
-968.91186
-968.91195
-968.91203
-968.91212
-968.9122
-968.91229
-968.91237
-968.91246
-968.91254
-968.91263
-968.91271
-968.9128
-968.91288
-968.91297
-968.91305
-968.91313
-968.91322
-968.9133
-968.91338
-968.91347
-968.91355
-968.91363
-968.91372
-968.9138
-968.91388
-968.91396
-968.91405
-968.91413
-968.91421
-968.91429
-968.91437
-968.91445
-968.91454
-968.91462
-968.9147
-968.91478
-968.91486
-968.91494
-968.91502
-968.9151
-968.91518
-968.91526
-968.91534
-968.91542
-968.9155
-968.91557
-968.91565
-968.91573
-968.91581
-968.91589
-968.91597
-968.91605
-968.91613
-968.9162
-968.91628
-968.91636
-968.91644
-968.91651
-968.91659
-968.91667
-968.91675
-968.91682
-968.9169
-968.91698
-968.91705
-968.91713
-968.91721
-968.91728
-968.91736
-968.91743
-968.91751
-968.91759
-968.91766
-968.91774
-968.91781
-968.91789
-968.91796
-968.91804
-968.91811
-968.91819
-968.91826
-968.91833
-968.91841
-968.91848
-968.91856
-968.91863
-968.9187
-968.91878
-968.91885
-968.91892
-968.919
-968.91907
-968.91914
-968.91922
-968.91929
-968.91936
-968.91943
-968.91951
-968.91958
-968.91965
-968.91972
-968.9198
-968.91987
-968.91994
-968.92001
-968.92008
-968.92015
-968.92022
-968.92029
-968.92037
-968.92044
-968.92051
-968.92058
-968.92065
-968.92072
-968.92079
-968.92086
-968.92093
-968.921
-968.92107
-968.92114
-968.92121
-968.92128
-968.92135
-968.92142
-968.92148
-968.92155
-968.92162
-968.92169
-968.92176
-968.92183
-968.9219
-968.92196
-968.92203
-968.9221
-968.92217
-968.92224
-968.9223
-968.92237
-968.92244
-968.92251
-968.92257
-968.92264
-968.92271
-968.92278
-968.92284
-968.92291
-968.92298
-968.92304
-968.92311
-968.92318
-968.92324
-968.92331
-968.92337
-968.92344
-968.92351
-968.92357
-968.92364
-968.9237
-968.92377
-968.92383
-968.9239
-968.92396
-968.92403
-968.92409
-968.92416
-968.92422
-968.92429
-968.92435
-968.92442
-968.92448
-968.92455
-968.92461
-968.92467
-968.92474
-968.9248
-968.92487
-968.92493
-968.92499
-968.92506
-968.92512
-968.92518
-968.92525
-968.92531
-968.92537
-968.92543
-968.9255
-968.92556
-968.92562
-968.92568
-968.92575
-968.92581
-968.92587
-968.92593
-968.92599
-968.92606
-968.92612
-968.92618
-968.92624
-968.9263
-968.92637
-968.92643
-968.92649
-968.92655
-968.92661
-968.92667
-968.92673
-968.92679
-968.92685
-968.92691
-968.92697
-968.92703
-968.9271
-968.92716
-968.92722
-968.92728
-968.92734
-968.9274
-968.92746
-968.92752
-968.92757
-968.92763
-968.92769
-968.92775
-968.92781
-968.92787
-968.92793
-968.92799
-968.92805
-968.92811
-968.92817
-968.92822
-968.92828
-968.92834
-968.9284
-968.92846
-968.92852
-968.92857
-968.92863
-968.92869
-968.92875
-968.92881
-968.92886
-968.92892
-968.92898
-968.92904
-968.92909
-968.92915
-968.92921
-968.92926
-968.92932
-968.92938
-968.92944
-968.92949
-968.92955
-968.92961
-968.92966
-968.92972
-968.92978
-968.92983
-968.92989
-968.92994
-968.93
-968.93006
-968.93011
-968.93017
-968.93022
-968.93028
-968.93033
-968.93039
-968.93045
-968.9305
-968.93056
-968.93061
-968.93067
-968.93072
-968.93078
-968.93083
-968.93089
-968.93094
-968.931
-968.93105
-968.93111
-968.93116
-968.93121
-968.93127
-968.93132
-968.93138
-968.93143
-968.93149
-968.93154
-968.93159
-968.93165
-968.9317
-968.93175
-968.93181
-968.93186
-968.93191
-968.93197
-968.93202
-968.93207
-968.93212
-968.93218
-968.93223
-968.93228
-968.93234
-968.93239
-968.93244
-968.9325
-968.93255
-968.9326
-968.93265
-968.9327
-968.93276
-968.93281
-968.93286
-968.93291
-968.93296
-968.93302
-968.93307
-968.93312
-968.93317
-968.93322
-968.93327
-968.93332
-968.93338
-968.93343
-968.93348
-968.93353
-968.93358
-968.93363
-968.93368
-968.93373
-968.93378
-968.93384
-968.93389
-968.93394
-968.93399
-968.93404
-968.93409
-968.93414
-968.93419
-968.93424
-968.93429
-968.93434
-968.93439
